Running for 60.0 seconds (60 samples at 1.0 second intervals).
Power measurements will start in 0 seconds time.

  Time    User  Nice   Sys  Idle    IO  Run Ctxt/s  IRQ/s Fork Exec Exit  Watts    dram   dram   dram   dram  pkg-0  pkg-1  pkg-2  pkg-3
10:06:27   0.3   0.0   0.1  99.6   0.0    1   1163    602    0    0    0 258.79   11.95  12.03  12.00  11.70  68.24  64.32  64.16  62.06
10:06:28   0.3   0.0   0.1  99.6   0.0    1    998    562    0    0    0 260.25   11.97  11.95  11.99  11.43  68.78  65.06  64.25  62.16
10:06:29   0.2   0.0   0.0  99.8   0.0    1    498    411    0    0    2 260.32   12.03  11.97  11.90  11.59  69.01  65.36  63.95  62.00
10:06:30   0.2   0.0   0.1  99.7   0.0    1    957    510    0    0    0 260.69   11.94  11.96  11.92  11.67  68.80  65.22  64.61  62.06
10:06:31   0.3   0.0   0.1  99.6   0.0    1   1029    567    0    0    0 260.47   12.03  11.97  12.04  11.58  69.01  65.19  64.20  62.07
10:06:32   0.2   0.0   0.0  99.8   0.0    1    501    466    0    0    0 260.41   12.03  12.00  11.99  11.59  69.02  65.47  63.93  61.99
10:06:33   0.2   0.0   0.1  99.7   0.0    1    926    424    0    0    0 260.49   11.92  11.94  11.97  11.55  68.95  65.21  64.27  62.06
10:06:34   0.3   0.0   0.2  99.5   0.0    1   1022    678    0    0    0 260.29   12.01  11.97  11.96  11.54  68.93  65.33  63.98  62.05
10:06:35   0.1   0.0   0.1  99.9   0.0    1    588    519    0    0    0 259.43   11.96  11.95  12.02  11.47  68.98  64.66  63.74  62.05
10:06:36   0.1   0.0   0.0  99.9   0.0    1    494    486    0    0    0 260.12   11.97  12.01  12.03  11.46  69.00  65.35  63.79  61.98
10:06:37   0.0   0.0   0.0 100.0   0.0    1     72    336    0    0    0 258.90   12.02  12.07  11.91  11.65  68.97  64.10  63.76  62.08
10:06:38   0.0   0.0   0.0 100.0   0.0    1    124    459    0    0    0 259.35   11.97  12.02  12.01  11.77  68.86  64.63  63.80  62.05
10:06:39   0.0   0.0   0.0 100.0   0.0    1    166    462    0    0    0 259.12   12.01  11.97  11.95  11.65  68.72  64.61  63.80  62.00
10:06:40   0.0   0.0   0.0 100.0   0.0    1     67    410    0    0    0 260.21   11.98  12.01  11.95  11.58  69.02  65.39  63.74  62.06
10:06:41   0.0   0.0   0.0 100.0   0.0    1     66    353    1    0    0 259.45   12.03  12.02  12.01  11.69  69.02  64.58  63.80  62.06
10:06:42   0.0   0.0   0.0 100.0   0.0    1    103    424    0    0    0 259.87   11.97  11.95  12.00  11.52  69.02  65.06  63.80  61.99
10:06:43   0.0   0.0   0.0 100.0   0.0    1    158    400    0    0    0 259.31   11.97  12.06  11.92  11.72  68.95  64.59  63.72  62.06
10:06:44   0.0   0.0   0.0 100.0   0.0    1    211    413    0    0    0 260.27   11.97  11.94  12.02  11.81  69.06  65.41  63.74  62.06
10:06:45   0.0   0.0   0.0 100.0   0.0    1     64    403    0    0    0 259.94   12.00  11.95  11.95  11.89  69.02  65.12  63.80  62.00
10:06:46   0.0   0.0   0.0 100.0   0.0    1    109    440    0    0    0 259.82   11.97  12.01  12.02  11.99  68.77  65.19  63.80  62.05
10:06:47   0.0   0.0   0.0 100.0   0.0    1    156    450    0    0    0 258.15   12.01  11.96  12.00  11.98  68.76  64.31  63.03  62.06
10:06:48   0.0   0.0   0.0 100.0   0.0    1     66    420    0    0    0 260.28   11.98  12.00  11.90  11.87  69.01  65.41  63.80  62.06
  Time    User  Nice   Sys  Idle    IO  Run Ctxt/s  IRQ/s Fork Exec Exit  Watts    dram   dram   dram   dram  pkg-0  pkg-1  pkg-2  pkg-3
10:06:49   0.0   0.0   0.0 100.0   0.0    1     62    335    0    0    0 259.22   12.04  12.00  11.96  11.95  68.95  64.48  63.81  61.99
10:06:50   0.0   0.0   0.0 100.0   0.0    1    105    436    0    0    0 260.10   11.98  11.97  11.91  11.95  68.93  65.39  63.73  62.06
10:06:51   0.0   0.0   0.0 100.0   0.0    1    170    402    0    0    0 258.85   11.97  11.94  11.97  11.85  69.01  64.26  63.52  62.06
10:06:52   0.0   0.0   0.0 100.0   0.0    1     55    401    0    0    0 260.03   11.97  11.97  11.97  11.96  68.95  65.27  63.81  62.00
10:06:53   0.0   0.0   0.0 100.0   0.0    1     50    350    0    0    0 260.14   11.97  11.95  11.97  11.98  69.02  65.26  63.80  62.06
10:06:54   0.0   0.0   0.1  99.9   0.0    1    146    385    0    0    0 259.96   12.01  12.02  11.96  11.95  68.73  65.30  63.74  62.18
10:06:55   0.0   0.0   0.0 100.0   0.0    1    158    586    0    0    0 259.29   12.01  11.97  12.03  11.91  68.92  64.68  63.70  61.99
10:06:56   0.0   0.0   0.0 100.0   0.0    1     52    353    0    0    0 259.65   12.00  11.95  11.97  11.89  69.02  64.78  63.80  62.05
10:06:57   0.0   0.0   0.0 100.0   0.0    1     54    393    0    0    0 260.01   11.94  12.02  12.01  11.84  69.02  65.19  63.74  62.06
10:06:58   0.0   0.0   0.0 100.0   0.0    1    389    469    5    4    3 259.67   12.00  11.96  11.99  11.89  68.94  64.93  63.80  62.00
10:06:59   0.0   0.0   0.0 100.0   0.0    1    206    455    0    0    0 259.45   11.97  12.03  12.01  11.89  68.89  64.70  63.80  62.06
10:07:00   0.2   0.0   0.1  99.6   0.0    1   1171    839    0    0    0 260.47   11.99  12.00  11.96  11.95  69.02  65.41  63.93  62.11
10:07:01   0.0   0.0   0.0 100.0   0.0    1    101    432    0    0    0 259.90   11.95  12.00  12.03  11.92  69.02  65.02  63.80  62.06
10:07:02   0.0   0.0   0.0 100.0   0.0    1    118    369    0    0    0 260.20   12.01  12.00  11.97  11.84  68.94  65.46  63.81  62.00
10:07:03   0.0   0.0   0.0 100.0   0.0    1    169    471    0    0    0 259.39   12.04  12.01  11.99  11.98  68.69  64.84  63.80  62.06
10:07:04   0.0   0.0   0.1  99.9   0.0    1    220    416    0    0    0 260.29   11.98  12.01  12.11  11.92  69.02  65.44  63.75  62.09
10:07:05   0.0   0.0   0.0 100.0   0.0    1     69    473    0    0    0 260.23   11.98  11.97  11.98  11.93  68.95  65.48  63.80  61.99
10:07:06   0.0   0.0   0.0 100.0   0.0    1    104    378    0    0    0 260.12   12.02  11.97  12.01  11.96  68.74  65.52  63.80  62.06
10:07:07   0.0   0.0   0.0 100.0   0.0    1    155    440    0    0    0 259.20   12.01  11.98  11.98  11.87  68.97  64.57  63.61  62.06
10:07:08   0.0   0.0   0.0 100.0   0.0    1     98    373    0    0    2 260.20   12.00  12.03  12.02  11.93  68.96  65.45  63.80  62.00
10:07:09   0.0   0.0   0.0 100.0   0.0    1     77    404    0    0    0 259.19   12.06  11.96  12.01  11.91  69.01  64.32  63.81  62.05
10:07:10   0.0   0.0   0.0 100.0   0.0    1    106    366    0    0    0 259.94   11.96  11.97  12.01  11.98  68.96  65.19  63.74  62.06
  Time    User  Nice   Sys  Idle    IO  Run Ctxt/s  IRQ/s Fork Exec Exit  Watts    dram   dram   dram   dram  pkg-0  pkg-1  pkg-2  pkg-3
10:07:11   0.0   0.0   0.0 100.0   0.0    1    161    464    0    0    0 259.34   11.97  11.97  12.01  11.85  68.89  64.60  63.80  62.06
10:07:12   0.0   0.0   0.0 100.0   0.0    1     54    415    0    0    0 260.05   12.02  12.00  11.96  11.99  69.01  65.24  63.80  62.00
10:07:13   0.0   0.0   0.0 100.0   0.0    1     57    414    0    0    0 260.34   11.98  11.96  11.92  11.90  69.02  65.47  63.80  62.05
10:07:14   0.0   0.0   0.0 100.0   0.0    1    114    360    0    0    0 259.94   11.97  11.97  11.94  11.98  68.96  65.17  63.73  62.08
10:07:15   0.0   0.0   0.0 100.0   0.0    1    157    519    0    0    0 259.68   11.95  11.97  12.00  11.96  68.94  64.99  63.76  62.00
10:07:16   0.0   0.0   0.0 100.0   0.0    1     54    354    0    0    0 260.32   12.02  11.97  11.99  11.97  69.02  65.43  63.81  62.06
10:07:17   0.0   0.0   0.0 100.0   0.0    1     59    391    0    0    0 260.16   11.97  12.04  11.94  11.96  69.01  65.36  63.74  62.06
10:07:18   0.0   0.0   0.0 100.0   0.0    1     98    376    0    0    0 260.17   12.01  11.98  12.09  11.92  68.87  65.50  63.80  62.00
10:07:19   0.0   0.0   0.0 100.0   0.0    1    173    459    0    0    0 258.89   12.02  12.00  12.03  11.95  68.71  64.70  63.42  62.06
10:07:20   0.0   0.0   0.0 100.0   0.0    1     56    412    0    0    0 260.36   11.97  12.01  11.95  12.02  69.03  65.47  63.80  62.06
10:07:21   0.0   0.0   0.0 100.0   0.0    1     85    419    0    0    0 259.84   12.02  11.97  11.90  11.99  68.94  65.16  63.74  61.99
10:07:22   0.0   0.0   0.0 100.0   0.0    1     96    360    0    0    0 260.54   11.92  11.96  11.97  11.94  69.01  65.36  63.80  62.37
10:07:23   0.0   0.0   0.0 100.0   0.0    1    153    463    0    0    0 259.43   12.02  11.98  11.96  11.91  69.01  64.58  63.78  62.06
10:07:24   0.0   0.0   0.0 100.0   0.0    1     61    335    0    0    0 260.23   12.01  12.01  11.99  11.99  68.95  65.52  63.74  62.02
10:07:25   0.0   0.0   0.0 100.0   0.0    1     63    463    0    0    0 260.15   12.00  12.04  12.12  12.04  69.01  65.28  63.80  62.06
10:07:26   0.0   0.0   0.0 100.0   0.0    1    102    373    0    0    0 260.16   12.03  12.01  12.00  11.93  68.91  65.40  63.80  62.05
-------- ----- ----- ----- ----- ----- ---- ------ ------ ---- ---- ---- ------  ------ ------ ------ ------ ------ ------ ------ ------
 Average   0.0   0.0   0.0  99.9   0.0  1.0  248.6  438.3  0.1  0.1  0.1 259.85   11.99  11.99  11.98  11.84  68.93  65.06  63.81  62.05
  StdDev   0.1   0.0   0.0   0.1   0.0  0.0  310.9   86.2  0.7  0.5  0.5   0.53    0.03   0.03   0.05   0.17   0.13   0.39   0.20   0.06
-------- ----- ----- ----- ----- ----- ---- ------ ------ ---- ---- ---- ------  ------ ------ ------ ------ ------ ------ ------ ------
 Minimum   0.0   0.0   0.0  99.5   0.0  1.0   50.0  335.0  0.0  0.0  0.0 258.15   11.92  11.94  11.90  11.43  68.24  64.10  63.03  61.98
 Maximum   0.3   0.0   0.2 100.0   0.0  1.0 1171.0  839.0  5.0  4.0  3.0 260.69   12.06  12.07  12.12  12.04  69.06  65.52  64.61  62.37
-------- ----- ----- ----- ----- ----- ---- ------ ------ ---- ---- ---- ------  ------ ------ ------ ------ ------ ------ ------ ------
Summary:
CPU: 259.85 Watts on average with standard deviation 0.53  
Note: power read from RAPL domains: dram, dram, dram, dram, package-0, package-1, package-2, package-3.
These readings do not cover all the hardware in this device.

Histogram (of 60 power measurements)

  Range (Watts)   Count
258.149 - 258.402     1 ##
258.403 - 258.656     0 
258.657 - 258.911     4 ##########
258.912 - 259.165     1 ##
259.166 - 259.419     8 #####################
259.420 - 259.673     6 ################
259.674 - 259.928     5 #############
259.929 - 260.182    15 ########################################
260.183 - 260.436    15 ########################################
260.437 - 260.691     5 #############

Histogram (of 60 CPU utilization measurements)

Range (%CPU)  Count
0.000 - 0.053    47 ########################################
0.054 - 0.108     1 
0.109 - 0.162     3 ##
0.163 - 0.216     2 #
0.217 - 0.270     0 
0.271 - 0.325     2 #
0.326 - 0.379     2 #
0.380 - 0.433     2 #
0.434 - 0.488     0 
0.489 - 0.542     1 
