Running for 60.0 seconds (60 samples at 1.0 second intervals).
Power measurements will start in 0 seconds time.

  Time    User  Nice   Sys  Idle    IO  Run Ctxt/s  IRQ/s Fork Exec Exit  Watts    dram   dram   dram   dram  pkg-0  pkg-1  pkg-2  pkg-3
10:07:28  51.7   0.0   0.1  48.2   0.0   37    921   9874    0    0    0 267.50   12.01  11.96  11.98  11.97  70.76  67.16  65.54  64.05
10:07:29  51.6   0.0   0.0  48.4   0.0   37    505   9792    0    0    0 267.42   12.03  11.95  12.01  11.89  70.75  67.19  65.55  63.92
10:07:30  51.7   0.0   0.1  48.3   0.0   37    851   9662    0    0    0 267.38   11.96  12.03  12.00  11.92  70.68  67.25  65.47  63.97
10:07:31  51.7   0.0   0.1  48.2   0.0   37   1033   9817    0    0    0 267.58   11.94  12.01  11.98  11.97  70.75  67.24  65.63  63.97
10:07:32  51.6   0.0   0.0  48.4   0.0   37    474   9653    0    0    0 267.38   12.00  12.03  12.00  12.03  70.75  67.17  65.55  63.91
10:07:33  51.7   0.0   0.1  48.2   0.0   37    832   9795    0    0    0 267.23   11.98  12.01  12.00  12.00  70.74  67.03  65.48  63.97
10:07:34  51.7   0.0   0.1  48.2   0.0   37    853   9698    0    0    0 267.54   11.97  12.03  12.02  11.92  70.68  67.27  65.55  64.04
10:07:35  51.6   0.0   0.0  48.4   0.0   37    556   9757    0    0    0 267.36   11.97  11.94  12.00  11.95  70.75  67.15  65.54  63.92
10:07:36  51.7   0.0   0.1  48.2   0.0   37    826   9751    0    0    0 267.53   12.03  12.00  11.97  12.00  70.76  67.27  65.54  63.97
10:07:37  51.7   0.0   0.1  48.2   0.0   37    796   9809    0    0    0 267.53   11.95  11.98  12.00  12.02  70.68  67.27  65.54  64.04
10:07:38  51.6   0.0   0.0  48.4   0.0   37    441   9645    0    0    0 267.71   11.98  12.00  12.03  11.98  70.75  67.27  65.54  64.14
10:07:39  51.5   0.0   0.0  48.5   0.0   37    222   9689    0    0    0 267.17   11.88  11.98  11.99  11.93  70.76  67.20  65.47  63.74
10:07:40  51.5   0.0   0.0  48.5   0.0   37     73   9592    0    0    0 267.29   11.96  11.94  11.97  11.85  70.68  67.26  65.54  63.80
10:07:41  51.5   0.0   0.0  48.5   0.0   37     86   9673    0    0    0 267.30   11.97  12.00  11.98  11.88  70.75  67.20  65.54  63.80
10:07:42  51.5   0.0   0.0  48.5   0.0   37     71   9571    0    0    0 267.22   11.98  12.00  11.95  11.85  70.75  67.20  65.47  63.80
10:07:43  51.5   0.0   0.0  48.5   0.0   37    218   9727    0    0    0 266.81   12.01  12.00  11.98  11.84  70.76  66.78  65.54  63.74
10:07:44  51.5   0.0   0.0  48.5   0.0   37    152   9628    1    0    0 267.13   12.01  11.92  12.01  11.86  70.68  67.10  65.54  63.80
10:07:45  51.4   0.0   0.0  48.5   0.0   37     70   9746    0    0    0 267.20   12.01  11.95  11.94  11.80  70.75  67.17  65.47  63.81
10:07:46  51.5   0.0   0.0  48.5   0.0   37     83   9629    0    0    0 267.29   11.97  12.01  12.03  11.83  70.75  67.26  65.53  63.74
10:07:47  51.5   0.0   0.0  48.5   0.0   37    218   9685    0    0    0 266.98   11.98  11.98  11.92  11.93  70.69  66.95  65.54  63.81
10:07:48  51.5   0.0   0.0  48.5   0.0   37     73   9609    0    0    0 267.14   12.00  11.96  11.98  11.90  70.75  67.05  65.54  63.80
10:07:49  51.4   0.0   0.0  48.6   0.0   37    114   9666    0    0    0 267.20   11.98  11.88  12.01  11.81  70.75  67.23  65.47  63.74
  Time    User  Nice   Sys  Idle    IO  Run Ctxt/s  IRQ/s Fork Exec Exit  Watts    dram   dram   dram   dram  pkg-0  pkg-1  pkg-2  pkg-3
10:07:50  51.5   0.0   0.0  48.5   0.0   37     72   9600    0    0    0 266.84   12.01  11.98  11.95  12.01  70.75  66.75  65.54  63.80
10:07:51  51.5   0.0   0.0  48.5   0.0   37    247   9663    0    0    0 267.11   11.97  11.98  12.03  11.97  70.69  67.09  65.54  63.80
10:07:52  51.5   0.0   0.0  48.5   0.0   37     92   9674    0    0    0 266.97   12.00  11.96  12.00  11.97  70.75  66.94  65.47  63.81
10:07:53  51.4   0.0   0.0  48.5   0.0   37     81   9715    0    0    0 267.57   11.97  11.95  12.03  11.90  70.75  67.15  65.55  64.12
10:07:54  51.5   0.0   0.0  48.5   0.0   37    132   9707    0    0    0 266.98   11.97  12.02  11.98  12.02  70.69  66.96  65.53  63.80
10:07:55  51.5   0.0   0.0  48.5   0.0   37    222   9662    0    0    0 266.82   12.02  11.95  12.02  11.88  70.74  66.80  65.47  63.80
10:07:56  51.5   0.0   0.0  48.5   0.0   37     72   9708    0    0    0 267.12   11.92  12.00  11.94  11.85  70.74  67.10  65.54  63.74
10:07:57  51.5   0.0   0.0  48.5   0.0   37     85   9599    0    0    0 267.36   11.90  11.92  12.05  11.96  70.75  67.26  65.54  63.80
10:07:58  51.5   0.0   0.0  48.5   0.0   37     76   9687    0    0    0 267.11   12.02  11.98  12.02  11.91  70.68  67.15  65.47  63.81
10:07:59  51.5   0.0   0.0  48.5   0.0   37    223   9637    0    0    0 267.24   11.91  11.95  11.96  11.97  70.75  67.21  65.54  63.74
10:08:00  51.5   0.0   0.0  48.5   0.0   37     82   9673    0    0    0 267.34   12.02  12.03  12.01  11.94  70.75  67.24  65.54  63.81
10:08:01  51.8   0.0   0.1  48.1   0.0   37    913   9756    0    0    0 267.52   12.01  11.91  11.96  11.98  70.87  67.36  65.46  63.82
10:08:02  51.5   0.0   0.0  48.5   0.0   37    122   9746    0    0    0 267.12   11.99  12.00  11.97  11.90  70.70  67.12  65.55  63.75
10:08:03  51.5   0.0   0.0  48.5   0.0   37    221   9681    0    0    0 267.37   11.97  12.06  11.97  11.90  70.77  67.26  65.54  63.80
10:08:04  51.5   0.0   0.0  48.5   0.0   37    138   9717    0    0    0 267.26   11.97  11.95  12.00  11.75  70.70  67.28  65.48  63.80
10:08:05  51.4   0.0   0.0  48.6   0.0   37     74   9625    0    0    0 267.23   11.97  12.01  12.00  11.88  70.75  67.20  65.54  63.74
10:08:06  51.5   0.0   0.0  48.5   0.0   37     86   9718    0    0    0 267.36   11.91  11.91  12.06  11.83  70.75  67.26  65.54  63.80
10:08:07  51.5   0.0   0.0  48.5   0.0   37    228   9691    0    0    0 267.28   11.95  11.95  12.00  11.83  70.75  67.26  65.47  63.80
10:08:08  51.5   0.0   0.0  48.5   0.0   37     72   9731    0    0    0 267.17   11.91  11.96  11.95  11.69  70.68  67.14  65.54  63.81
10:08:09  51.5   0.0   0.0  48.5   0.0   37     73   9596    0    0    0 267.27   12.02  12.02  12.00  11.58  70.75  67.24  65.54  63.74
10:08:10  51.4   0.0   0.0  48.5   0.0   37     80   9737    0    0    0 267.28   12.00  12.00  12.00  11.64  70.75  67.26  65.47  63.80
10:08:11  51.5   0.0   0.0  48.5   0.0   37    215   9654    0    0    0 267.25   12.02  11.96  12.01  11.71  70.75  67.15  65.54  63.80
  Time    User  Nice   Sys  Idle    IO  Run Ctxt/s  IRQ/s Fork Exec Exit  Watts    dram   dram   dram   dram  pkg-0  pkg-1  pkg-2  pkg-3
10:08:12  51.5   0.0   0.0  48.5   0.0   37     76   9646    0    0    0 266.77   11.96  12.01  11.96  11.74  70.68  66.80  65.55  63.74
10:08:13  51.5   0.0   0.0  48.5   0.0   37     80   9638    0    0    0 266.72   12.00  11.95  11.98  11.77  70.75  66.69  65.47  63.80
10:08:14  51.5   0.0   0.0  48.5   0.0   37    134   9713    0    0    0 267.15   11.96  11.98  12.01  11.71  70.75  67.06  65.54  63.80
10:08:15  51.5   0.0   0.0  48.5   0.0   37    225   9665    0    0    0 266.81   11.95  11.97  11.98  11.84  70.68  66.85  65.54  63.74
10:08:16  51.5   0.0   0.0  48.5   0.0   37     78   9716    0    0    0 266.63   12.04  12.02  11.98  11.80  70.75  66.60  65.48  63.80
10:08:17  51.4   0.0   0.0  48.6   0.0   37     71   9597    0    0    0 266.74   11.92  12.07  11.98  11.86  70.75  66.65  65.54  63.81
10:08:18  51.5   0.0   0.0  48.5   0.0   37     88   9755    0    0    0 266.80   11.94  11.97  12.00  11.94  70.75  66.77  65.54  63.74
10:08:19  51.5   0.0   0.0  48.5   0.0   37    214   9633    0    0    0 266.66   11.96  12.01  11.95  11.74  70.69  66.69  65.47  63.80
10:08:20  51.5   0.0   0.0  48.5   0.0   37     94   9668    0    0    0 266.89   12.00  11.98  11.98  11.74  70.75  66.79  65.54  63.81
10:08:21  51.5   0.0   0.0  48.5   0.0   37    120   9633    0    0    0 266.68   12.00  12.00  12.00  11.74  70.75  66.64  65.55  63.75
10:08:22  51.5   0.0   0.0  48.5   0.0   37    105   9688    0    0    0 266.12   11.95  12.00  12.00  11.87  70.75  66.10  65.47  63.80
10:08:23  51.5   0.0   0.0  48.5   0.0   37    230   9676    0    0    0 266.15   12.00  12.03  11.96  11.69  70.76  66.04  65.54  63.82
10:08:24  51.5   0.0   0.0  48.5   0.0   37    132   9704    0    0    0 267.06   11.94  11.95  11.95  11.53  70.96  66.75  65.54  63.80
10:08:25  51.5   0.0   0.0  48.5   0.0   37    129   9650    0    0    1 267.14   11.92  11.98  11.98  11.72  70.77  67.09  65.54  63.74
10:08:26  51.4   0.0   0.0  48.5   0.0   37     81   9781    0    0    0 267.31   11.94  11.95  11.98  11.54  70.75  67.26  65.48  63.82
10:08:27  51.5   0.0   0.0  48.5   0.0   37    214   9633    0    0    0 267.29   11.94  11.97  12.00  11.53  70.74  67.21  65.54  63.80
-------- ----- ----- ----- ----- ----- ---- ------ ------ ---- ---- ---- ------  ------ ------ ------ ------ ------ ------ ------ ------
 Average  51.5   0.0   0.0  48.5   0.0 37.0  252.4 9687.4  0.0  0.0  0.0 267.14   11.97  11.98  11.99  11.85  70.74  67.05  65.52  63.83
  StdDev   0.1   0.0   0.0   0.1   0.0  0.0  268.9   62.0  0.1  0.0  0.1   0.32    0.04   0.04   0.03   0.13   0.04   0.27   0.03   0.10
-------- ----- ----- ----- ----- ----- ---- ------ ------ ---- ---- ---- ------  ------ ------ ------ ------ ------ ------ ------ ------
 Minimum  51.4   0.0   0.0  48.1   0.0 37.0   70.0 9571.0  0.0  0.0  0.0 266.12   11.88  11.88  11.92  11.53  70.68  66.04  65.46  63.74
 Maximum  51.8   0.0   0.1  48.6   0.0 37.0 1033.0 9874.0  1.0  0.0  1.0 267.71   12.04  12.07  12.06  12.03  70.96  67.36  65.63  64.14
-------- ----- ----- ----- ----- ----- ---- ------ ------ ---- ---- ---- ------  ------ ------ ------ ------ ------ ------ ------ ------
Summary:
CPU: 267.14 Watts on average with standard deviation 0.32  
Note: power read from RAPL domains: dram, dram, dram, dram, package-0, package-1, package-2, package-3.
These readings do not cover all the hardware in this device.

Histogram (of 60 power measurements)

  Range (Watts)   Count
266.118 - 266.276     2 ####
266.277 - 266.435     0 
266.436 - 266.594     0 
266.595 - 266.753     5 ##########
266.754 - 266.912     7 ##############
266.913 - 267.072     4 ########
267.073 - 267.231    14 #############################
267.232 - 267.390    19 ########################################
267.391 - 267.549     6 ############
267.550 - 267.708     3 ######

Histogram (of 60 CPU utilization measurements)

 Range (%CPU)   Count
51.443 - 51.486    43 ########################################
51.487 - 51.530     5 ####
51.531 - 51.573     0 
51.574 - 51.617     1 
51.618 - 51.661     3 ##
51.662 - 51.704     0 
51.705 - 51.748     1 
51.749 - 51.792     3 ##
51.793 - 51.835     3 ##
51.836 - 51.879     1 
