Running for 60.0 seconds (60 samples at 1.0 second intervals).
Power measurements will start in 0 seconds time.

  Time    User  Nice   Sys  Idle    IO  Run Ctxt/s  IRQ/s Fork Exec Exit  Watts    dram   dram   dram   dram  pkg-0  pkg-1  pkg-2  pkg-3
10:08:28  99.5   0.0   0.0   0.4   0.0   71    578  17871    0    0    0 270.30   11.97  11.97  12.03  11.52  71.95  67.26  66.64  64.45
10:08:29 100.0   0.0   0.0   0.0   0.0   71    747  17999    0    0    0 271.68   12.00  12.02  11.95  11.74  72.31  67.29  67.23  64.85
10:08:30  99.8   0.0   0.0   0.2   0.0   88    633  17837    0    0    0 269.33   11.95  12.01  12.05  11.54  71.24  67.29  66.29  64.51
10:08:31  99.9   0.0   0.0   0.0   0.0   71    687  18016    0    0    0 270.74   12.01  11.96  11.99  11.55  72.31  67.23  66.87  64.33
10:08:32  99.8   0.0   0.0   0.2   0.0   71    707  17825    0    0    0 270.13   12.02  11.92  12.01  11.58  71.69  67.28  66.63  64.54
10:08:33 100.0   0.0   0.0   0.0   0.0   87    478  17981    0    0    0 270.38   11.92  11.97  11.96  11.50  72.16  67.29  66.45  64.49
10:08:34  99.5   0.0   0.1   0.5   0.0   71    667  17903    0    0    0 269.90   12.00  11.98  11.95  11.54  71.44  67.22  66.79  64.45
10:08:35  99.7   0.0   0.0   0.2   0.0   71    760  18068    0    0    0 270.73   11.97  12.03  12.00  11.60  72.04  67.28  67.02  64.39
10:08:36 100.0   0.0   0.0   0.0   0.0   87    464  17797    0    0    0 270.95   11.97  12.06  12.01  11.64  71.84  67.28  67.27  64.56
10:08:37  99.8   0.0   0.0   0.2   0.0   71    524  18020    0    0    0 270.32   11.97  11.97  11.98  11.60  71.57  67.28  67.26  64.21
10:08:38  99.7   0.0   0.0   0.3   0.0   71    441  17851    0    0    0 270.32   11.97  11.97  11.95  11.77  71.65  67.21  67.15  64.30
10:08:39 100.0   0.0   0.0   0.0   0.0   71    162  17948    0    0    0 270.50   12.00  11.98  12.01  11.79  71.94  67.28  66.45  64.83
10:08:40 100.0   0.0   0.0   0.0   0.0   71     66  17779    0    0    0 269.69   12.02  12.02  12.00  11.88  71.64  67.28  66.59  64.18
10:08:41 100.0   0.0   0.0   0.0   0.0   71     77  17962    0    0    0 270.33   11.95  11.98  11.96  11.95  71.99  67.21  66.96  64.17
10:08:42 100.0   0.0   0.0   0.0   0.0   71    132  17840    0    0    0 270.57   11.96  11.98  11.96  11.89  71.72  67.28  67.16  64.41
10:08:43 100.0   0.0   0.0   0.0   0.0   71    162  17971    0    0    0 269.79   11.96  12.04  12.03  11.89  71.02  67.28  67.24  64.25
10:08:44 100.0   0.0   0.0   0.0   0.0   71    133  17797    0    0    0 270.26   11.96  11.98  12.03  11.97  71.89  67.22  66.85  64.30
10:08:45 100.0   0.0   0.0   0.0   0.0   71     82  18029    0    0    0 270.06   11.97  12.01  11.95  11.81  71.51  67.27  66.92  64.35
10:08:46 100.0   0.0   0.0   0.0   0.0   71    132  17773    0    0    0 270.04   12.00  11.96  12.01  11.89  71.16  67.28  66.95  64.65
10:08:47 100.0   0.0   0.0   0.0   0.0   71    151  17951    0    0    0 270.13   11.89  11.98  12.00  11.88  71.25  67.28  67.12  64.48
10:08:48 100.0   0.0   0.0   0.0   0.0   71    108  17823    0    0    0 270.10   12.02  11.95  12.00  11.77  71.58  67.21  66.92  64.39
10:08:49 100.0   0.0   0.0   0.0   0.0   71     76  17955    0    0    0 270.06   12.02  12.00  12.02  11.66  71.33  67.29  67.16  64.29
  Time    User  Nice   Sys  Idle    IO  Run Ctxt/s  IRQ/s Fork Exec Exit  Watts    dram   dram   dram   dram  pkg-0  pkg-1  pkg-2  pkg-3
10:08:50  98.8   0.0   0.0   1.2   0.0   71    236  18014    0    0    0 269.44   11.92  11.98  12.01  11.81  71.06  67.29  67.06  64.04
10:08:51  98.6   0.0   0.0   1.4   0.0   71    330  18115    0    0    0 269.16   12.02  12.04  11.97  11.82  70.81  67.22  67.08  64.05
10:08:52  98.6   0.0   0.0   1.4   0.0   71    205  17789    0    0    0 269.51   12.02  11.96  11.95  11.89  71.38  67.30  66.66  64.17
10:08:53  98.6   0.0   0.0   1.4   0.0   71    235  18001    0    0    0 269.18   11.95  12.03  12.02  11.69  71.09  67.29  66.36  64.44
10:08:54  98.5   0.0   0.0   1.4   0.0   71    330  17838    0    0    0 270.76   11.97  12.01  11.97  11.76  71.71  67.23  67.08  64.75
10:08:55  98.6   0.0   0.0   1.4   0.0   71    299  18050    0    0    0 269.73   11.98  11.97  11.93  11.76  71.03  67.29  66.89  64.52
10:08:56  98.5   0.0   0.0   1.5   0.0   71    228  17804    0    0    0 270.92   11.96  11.98  11.95  11.87  72.25  67.28  67.07  64.32
10:08:57  97.1   0.0   0.0   2.8   0.0   71    324  17740    0    0    0 269.78   12.01  11.95  11.95  11.87  71.23  67.21  66.75  64.59
10:08:58  97.1   0.0   0.0   2.8   0.0   71    417  17649    0    0    0 268.51   12.02  12.01  12.05  11.79  70.97  67.28  66.08  64.19
10:08:59  97.2   0.0   0.0   2.8   0.0   71    415  17724    0    0    0 268.74   11.98  11.96  12.00  11.71  70.83  67.28  66.27  64.36
10:09:00  97.9   0.0   0.0   2.1   0.0   71   1059  17788    0    0    0 269.79   12.00  11.96  12.00  11.88  71.74  67.28  66.60  64.16
10:09:01  98.6   0.0   0.0   1.4   0.0   71    275  18019    0    0    0 269.21   11.96  12.01  11.96  11.83  71.01  67.22  67.03  63.95
10:09:02  98.6   0.0   0.0   1.4   0.0   71    273  17798    0    0    0 269.77   12.01  11.92  11.98  11.92  71.76  67.29  66.75  63.98
10:09:03  98.3   0.0   0.0   1.7   0.0   71    334  17952    0    0    0 269.58   12.00  12.02  12.00  11.93  71.18  67.30  67.11  63.99
10:09:04  97.1   0.0   0.0   2.8   0.0   71    376  17589    0    0    0 269.71   12.01  11.91  11.97  11.82  71.22  67.21  67.27  64.01
10:09:05  97.1   0.0   0.0   2.9   0.0   71    337  17784    0    0    0 270.00   12.02  11.97  12.03  11.89  71.46  67.28  67.27  63.99
10:09:06  97.1   0.0   0.0   2.9   0.0   71    404  17630    0    0    0 269.67   11.97  11.97  11.95  11.82  71.00  67.28  67.17  64.21
10:09:07  97.1   0.0   0.0   2.8   0.0   71    422  17712    0    0    0 269.32   12.01  11.98  11.96  11.91  70.81  67.21  67.26  64.05
10:09:08  97.2   0.0   0.0   2.8   0.0   71    324  17566    0    0    0 269.27   12.02  12.03  11.95  11.96  70.85  67.28  67.00  64.14
10:09:09  97.1   0.0   0.0   2.9   0.0   71    350  17742    0    0    0 269.19   12.00  12.02  11.89  11.70  70.71  67.28  67.25  63.94
10:09:10  96.6   0.0   0.0   3.4   0.0   71    434  17452    0    0    0 269.44   12.00  11.92  12.01  11.90  71.17  67.22  67.18  63.88
10:09:11  95.7   0.0   0.0   4.3   0.0   71    551  17492    0    0    0 269.24   12.03  12.03  11.92  11.92  70.80  67.28  67.23  63.91
  Time    User  Nice   Sys  Idle    IO  Run Ctxt/s  IRQ/s Fork Exec Exit  Watts    dram   dram   dram   dram  pkg-0  pkg-1  pkg-2  pkg-3
10:09:12  95.7   0.0   0.0   4.3   0.0   71    483  17313    0    0    0 269.26   11.94  12.00  12.00  11.91  70.69  67.30  67.12  64.15
10:09:13  95.7   0.0   0.0   4.3   0.0   71    499  17514    0    0    0 268.98   12.02  11.94  11.99  11.94  70.75  67.28  67.07  63.88
10:09:14  95.7   0.0   0.0   4.2   0.0   71    581  17335    0    0    0 269.07   11.96  11.95  11.96  11.87  70.87  67.24  67.13  63.83
10:09:15  95.7   0.0   0.0   4.3   0.0   71    562  17622    0    0    0 269.38   11.96  11.98  12.01  11.99  70.76  67.29  67.05  64.29
10:09:16  95.7   0.0   0.0   4.3   0.0   71    477  17309    0    0    0 268.66   11.95  11.96  12.02  11.99  70.75  67.28  66.75  63.88
10:09:17  95.7   0.0   0.0   4.3   0.0   71    478  17486    0    0    0 268.87   11.97  12.00  12.04  11.94  70.92  67.21  66.79  63.95
10:09:18  95.7   0.0   0.0   4.3   0.0   71    541  17330    0    0    0 268.96   11.96  11.97  12.00  11.98  70.87  67.28  66.96  63.86
10:09:19  95.7   0.0   0.0   4.3   0.0   71    561  17491    0    0    0 268.23   11.94  11.96  12.01  11.87  70.72  67.28  66.42  63.81
10:09:20  95.7   0.0   0.0   4.3   0.0   71    530  17323    0    0    0 268.84   12.00  12.06  12.00  11.89  70.75  67.21  67.05  63.82
10:09:21  95.7   0.0   0.0   4.3   0.0   71    537  17511    0    0    0 269.13   11.92  11.95  12.01  12.01  70.78  67.27  67.22  63.85
10:09:22  95.7   0.0   0.0   4.3   0.0   71    516  17316    0    0    0 269.14   11.97  12.01  12.00  11.94  70.92  67.28  67.15  63.79
10:09:23  95.7   0.0   0.0   4.3   0.0   71    553  17573    0    0    0 268.41   12.00  11.98  12.01  11.94  71.20  67.21  66.09  63.91
10:09:24  95.7   0.0   0.0   4.2   0.0   71    519  17350    0    0    0 268.57   12.02  11.97  12.00  11.88  70.87  67.29  66.56  63.84
10:09:25  95.7   0.0   0.0   4.3   0.0   71    469  17564    0    0    0 269.42   11.96  11.97  12.01  11.92  71.30  67.29  66.97  63.87
10:09:26  95.7   0.0   0.0   4.3   0.0   71    546  17326    0    0    0 268.84   11.98  12.03  11.96  11.72  70.97  67.22  66.84  63.82
10:09:27  95.7   0.0   0.0   4.3   0.0   71    582  17439    0    0    0 268.46   11.98  11.97  11.96  11.86  70.79  67.27  66.53  63.88
-------- ----- ----- ----- ----- ----- ---- ------ ------ ---- ---- ---- ------  ------ ------ ------ ------ ------ ------ ------ ------
 Average  98.0   0.0   0.0   2.0   0.0 71.8  409.3 17734.1  0.0  0.0  0.0 269.64   11.98  11.99  11.99  11.82  71.29  67.26  66.90  64.19
  StdDev   1.7   0.0   0.0   1.7   0.0  3.6  201.6  235.2  0.0  0.0  0.0   0.72    0.03   0.03   0.03   0.13   0.47   0.03   0.31   0.28
-------- ----- ----- ----- ----- ----- ---- ------ ------ ---- ---- ---- ------  ------ ------ ------ ------ ------ ------ ------ ------
 Minimum  95.7   0.0   0.0   0.0   0.0 71.0   66.0 17309.0  0.0  0.0  0.0 268.23   11.89  11.91  11.89  11.50  70.69  67.21  66.08  63.79
 Maximum 100.0   0.0   0.1   4.3   0.0 88.0 1059.0 18115.0  0.0  0.0  0.0 271.68   12.03  12.06  12.05  12.01  72.31  67.30  67.27  64.85
-------- ----- ----- ----- ----- ----- ---- ------ ------ ---- ---- ---- ------  ------ ------ ------ ------ ------ ------ ------ ------
Summary:
CPU: 269.64 Watts on average with standard deviation 0.72  
Note: power read from RAPL domains: dram, dram, dram, dram, package-0, package-1, package-2, package-3.
These readings do not cover all the hardware in this device.

Histogram (of 60 power measurements)

  Range (Watts)   Count
268.230 - 268.574     5 ##################
268.575 - 268.919     5 ##################
268.920 - 269.264    11 ########################################
269.265 - 269.609     9 ################################
269.610 - 269.954     9 ################################
269.955 - 270.299     9 ################################
270.300 - 270.644     6 #####################
270.645 - 270.989     5 ##################
270.990 - 271.334     0 
271.335 - 271.679     1 ###

Histogram (of 60 CPU utilization measurements)

  Range (%CPU)    Count
 95.714 -  96.141    17 ##################################
 96.142 -  96.570     0 
 96.571 -  96.999     1 ##
 97.000 -  97.427     9 ##################
 97.428 -  97.856     0 
 97.857 -  98.285     2 ####
 98.286 -  98.713     8 ################
 98.714 -  99.142     1 ##
 99.143 -  99.570     2 ####
 99.571 -  99.999    20 ########################################
