Running for 60.0 seconds (60 samples at 1.0 second intervals).
Power measurements will start in 0 seconds time.

  Time    User  Nice   Sys  Idle    IO  Run Ctxt/s  IRQ/s Fork Exec Exit  Watts    dram   dram   dram   dram  pkg-0  pkg-1  pkg-2  pkg-3
10:15:36   0.6   0.0   0.2  99.1   0.0    1   1149    832    0    0    0 255.04   12.00  12.01  11.99  11.86  67.22  63.52  62.00  62.29
10:15:37   0.3   0.0   0.1  99.6   0.0    1    888    361    0    0    0 255.04   11.97  12.02  12.01  11.86  67.28  63.53  62.06  62.17
10:15:38   0.2   0.0   0.0  99.7   0.0    1    485    486    0    0    3 254.73   12.01  12.02  11.97  11.76  67.28  63.35  62.05  62.06
10:15:39   0.4   0.0   0.1  99.5   0.0    1    975    416    0    0    0 254.70   11.98  12.03  11.98  11.78  67.28  63.44  61.99  61.99
10:15:40   0.4   0.0   0.1  99.5   0.0    1    948    537    0    0    0 254.52   11.97  11.95  11.95  11.87  67.21  63.20  62.06  62.06
10:15:41   0.3   0.0   0.0  99.7   0.0    1    476    327    0    0    0 255.27   12.05  11.95  12.02  11.94  67.29  63.85  62.07  62.07
10:15:42   0.3   0.0   0.2  99.5   0.0    1    860    466    0    0    0 255.59   11.98  11.99  11.99  11.94  67.27  63.91  62.04  62.36
10:15:43   0.5   0.0   0.1  99.4   0.0    1    982    429    0    0    0 254.84   11.95  11.98  11.98  11.93  67.21  63.64  62.00  62.00
10:15:44   0.2   0.0   0.2  99.5   0.0    1    615    477    0    0    0 255.20   12.02  12.01  11.95  11.94  67.29  63.59  62.07  62.26
10:15:45   0.2   0.0   0.1  99.7   0.0    1    558    367    0    0    0 255.06   11.95  12.05  11.90  11.90  67.23  63.67  62.01  62.16
10:15:46   0.0   0.0   0.0 100.0   0.0    1     62    423    0    0    0 255.12   11.98  12.00  12.03  11.96  67.28  63.72  62.06  62.06
10:15:47   0.0   0.0   0.0 100.0   0.0    1    141    317    0    0    0 254.60   11.96  12.03  11.97  12.01  67.28  63.21  62.06  62.06
10:15:48   0.0   0.0   0.0 100.0   0.0    1     54    457    0    0    0 255.01   12.01  11.97  11.93  11.92  67.28  63.73  62.00  62.00
10:15:49   0.0   0.0   0.0 100.0   0.0    1     79    285    0    0    0 255.04   11.98  11.96  11.97  12.05  67.21  63.73  62.05  62.05
10:15:50   0.0   0.0   0.0 100.0   0.0    1     69    421    0    0    0 255.05   11.97  11.97  12.02  11.93  67.28  63.65  62.06  62.06
10:15:51   0.0   0.0   0.0 100.0   0.0    1    155    326    0    0    0 254.86   11.97  11.98  11.98  11.90  67.28  63.59  62.00  62.00
10:15:52   0.0   0.0   0.0 100.0   0.0    1     55    395    0    0    0 254.99   12.00  12.06  12.03  11.88  67.21  63.67  62.05  62.06
10:15:53   0.0   0.0   0.0 100.0   0.0    1     54    302    0    0    0 255.08   11.91  12.00  12.00  11.91  67.28  63.69  62.06  62.05
10:15:54   0.0   0.0   0.1 100.0   0.0    1    316    400    0    0    0 254.90   12.04  11.98  11.98  11.94  67.28  63.61  61.99  62.02
10:15:55   0.0   0.0   0.0 100.0   0.0    1    145    371    0    0    0 255.06   12.02  12.03  12.02  11.93  67.28  63.67  62.06  62.06
10:15:56   0.0   0.0   0.0 100.0   0.0    1     56    423    0    0    0 255.10   11.96  11.98  12.01  11.88  67.21  63.76  62.06  62.06
10:15:57   0.0   0.0   0.0 100.0   0.0    1     56    318    0    0    0 255.20   12.02  12.00  11.98  11.96  67.29  63.80  62.06  62.06
  Time    User  Nice   Sys  Idle    IO  Run Ctxt/s  IRQ/s Fork Exec Exit  Watts    dram   dram   dram   dram  pkg-0  pkg-1  pkg-2  pkg-3
10:15:58   0.0   0.0   0.0 100.0   0.0    1     56    422    0    0    0 255.05   12.01  11.98  11.97  12.01  67.28  63.79  62.00  61.99
10:15:59   0.0   0.0   0.0 100.0   0.0    1    145    320    0    0    0 254.29   12.00  11.89  11.98  11.88  67.21  62.96  62.06  62.06
10:16:00   0.5   0.0   0.1  99.4   0.0    1    963    502    0    0    0 255.05   11.99  11.95  11.98  11.85  67.27  63.70  62.04  62.04
10:16:01   0.0   0.0   0.0  99.9   0.0    1     64    285    0    0    0 254.79   11.97  11.97  12.02  11.82  67.29  63.47  62.01  62.01
10:16:02   0.0   0.0   0.0 100.0   0.0    1     73    405    0    0    0 254.50   11.96  12.01  12.03  11.76  67.22  63.16  62.06  62.06
10:16:03   0.0   0.0   0.0 100.0   0.0    1    137    351    0    0    0 254.61   12.02  12.01  12.02  11.71  67.28  63.22  62.06  62.06
10:16:04   0.0   0.0   0.1  99.8   0.0    1     93    416    0    0    0 255.04   12.00  11.97  12.00  11.73  67.28  63.67  61.99  62.10
10:16:05   0.0   0.0   0.0 100.0   0.0    1     60    365    0    0    0 254.96   11.94  11.98  11.98  11.82  67.28  63.56  62.06  62.06
10:16:06   0.0   0.0   0.0 100.0   0.0    1     60    422    0    0    0 254.63   11.92  12.01  12.01  11.82  67.22  63.29  62.06  62.06
10:16:07   0.0   0.0   0.0 100.0   0.0    1    435    410    5    4    3 255.12   12.01  11.91  11.96  11.73  67.27  63.37  62.00  62.49
10:16:08   0.0   0.0   0.0 100.0   0.0    1     88    415    0    0    0 255.03   11.96  11.95  12.03  11.89  67.28  63.70  62.06  61.99
10:16:09   0.0   0.0   0.0  99.7   0.3    1    102    305    0    0    0 254.16   11.98  11.95  12.03  11.93  67.22  62.82  62.06  62.06
10:16:10   0.0   0.0   0.0 100.0   0.0    1     88    428    0    0    0 253.91   12.00  11.97  11.97  11.88  67.27  62.58  62.00  62.06
10:16:11   0.0   0.0   0.0 100.0   0.0    1    140    322    0    0    0 254.14   12.01  12.00  11.91  11.98  67.28  62.80  62.06  62.00
10:16:12   0.0   0.0   0.0 100.0   0.0    1     58    396    0    0    0 254.98   12.01  11.93  11.97  11.99  67.28  63.59  62.06  62.06
10:16:13   0.0   0.0   0.0 100.0   0.0    1     54    344    0    0    0 254.24   11.98  11.84  11.97  11.97  67.21  62.97  62.00  62.06
10:16:14   0.0   0.0   0.0  99.9   0.1    1    293    406    0    0    0 254.50   11.96  11.98  12.03  11.90  67.27  63.15  62.05  62.02
10:16:15   0.0   0.0   0.0 100.0   0.0    1    159    366    0    0    0 254.64   11.94  11.98  12.03  11.93  67.28  63.24  62.06  62.06
10:16:16   0.0   0.0   0.0 100.0   0.0    1     54    355    0    0    0 253.99   11.95  11.96  12.01  11.95  67.27  62.66  61.99  62.06
10:16:17   0.0   0.0   0.0 100.0   0.0    1    116    366    0    0    2 254.20   12.00  12.07  12.02  11.87  67.21  62.93  62.06  62.00
10:16:18   0.0   0.0   0.0 100.0   0.0    1     60    352    0    0    0 254.53   12.02  12.01  11.96  11.82  67.28  63.13  62.06  62.07
10:16:19   0.0   0.0   0.0 100.0   0.0    1    140    385    0    0    0 254.04   11.97  11.98  11.90  12.04  67.28  62.70  62.00  62.06
  Time    User  Nice   Sys  Idle    IO  Run Ctxt/s  IRQ/s Fork Exec Exit  Watts    dram   dram   dram   dram  pkg-0  pkg-1  pkg-2  pkg-3
10:16:20   0.0   0.0   0.0 100.0   0.0    1     95    358    0    0    0 254.46   12.04  12.02  11.98  11.96  67.21  63.14  62.06  62.06
10:16:21   0.0   0.0   0.0 100.0   0.0    1    102    395    0    0    0 254.80   12.01  11.97  12.03  11.97  67.27  63.48  62.05  62.00
10:16:22   0.0   0.0   0.0 100.0   0.0    1     59    334    0    0    0 254.39   11.97  11.96  12.01  11.89  67.28  63.00  62.06  62.06
10:16:23   0.0   0.0   0.0 100.0   0.0    1    134    407    0    0    0 253.68   12.01  12.02  11.96  11.99  67.28  62.34  61.99  62.06
10:16:24   0.0   0.0   0.0 100.0   0.0    1     62    329    0    0    0 253.40   12.02  12.02  11.95  12.01  67.21  62.13  62.05  62.02
10:16:25   0.0   0.0   0.0 100.0   0.0    1     60    385    0    0    0 253.51   11.85  11.92  11.99  11.90  67.28  62.12  62.06  62.05
10:16:26   0.0   0.0   0.0 100.0   0.0    1     57    358    0    0    0 253.66   12.01  11.87  12.01  11.89  67.27  62.27  62.00  62.12
10:16:27   0.0   0.0   0.0 100.0   0.0    1    142    383    0    0    0 253.90   11.95  11.98  12.02  11.89  67.28  62.56  62.06  62.00
10:16:28   0.0   0.0   0.0 100.0   0.0    1     48    349    0    0    0 254.01   12.01  12.01  12.00  11.92  67.22  62.68  62.06  62.05
10:16:29   0.0   0.0   0.0 100.0   0.0    1     58    384    0    0    0 254.12   11.98  11.99  11.94  11.96  67.28  62.80  61.99  62.05
10:16:30   0.0   0.0   0.0 100.0   0.0    1     58    351    0    0    0 254.92   11.96  11.99  12.03  11.89  67.27  63.59  62.06  61.99
10:16:31   0.0   0.0   0.0 100.0   0.0    1    134    381    0    0    0 254.47   11.98  11.89  12.00  11.96  67.21  63.16  62.06  62.06
10:16:32   0.0   0.0   0.0 100.0   0.0    1     48    329    0    0    0 253.47   11.94  12.01  11.96  11.95  67.28  62.14  61.99  62.06
10:16:33   0.0   0.0   0.0 100.0   0.0    1     51    365    0    0    0 254.48   11.98  12.03  11.99  11.97  67.28  63.15  62.06  62.00
10:16:34   0.0   0.0   0.0 100.0   0.0    1     67    329    0    0    0 254.67   11.97  11.98  11.96  11.91  67.28  63.26  62.06  62.08
10:16:35   0.0   0.0   0.0 100.0   0.0    1    141    429    0    0    0 253.71   11.98  11.97  12.01  11.93  67.21  62.45  62.00  62.06
-------- ----- ----- ----- ----- ----- ---- ------ ------ ---- ---- ---- ------  ------ ------ ------ ------ ------ ------ ------ ------
 Average   0.1   0.0   0.0  99.9   0.0  1.0  232.2  389.0  0.1  0.1  0.1 254.60   11.98  11.98  11.99  11.91  67.26  63.24  62.04  62.07
  StdDev   0.1   0.0   0.1   0.2   0.0  0.0  296.9   78.0  0.6  0.5  0.6   0.51    0.03   0.04   0.03   0.07   0.03   0.48   0.03   0.09
-------- ----- ----- ----- ----- ----- ---- ------ ------ ---- ---- ---- ------  ------ ------ ------ ------ ------ ------ ------ ------
 Minimum   0.0   0.0   0.0  99.1   0.0  1.0   48.0  285.0  0.0  0.0  0.0 253.40   11.85  11.84  11.90  11.71  67.21  62.12  61.99  61.99
 Maximum   0.6   0.0   0.2 100.0   0.3  1.0 1149.0  832.0  5.0  4.0  3.0 255.59   12.05  12.07  12.03  12.05  67.29  63.91  62.07  62.49
-------- ----- ----- ----- ----- ----- ---- ------ ------ ---- ---- ---- ------  ------ ------ ------ ------ ------ ------ ------ ------
Summary:
CPU: 254.60 Watts on average with standard deviation 0.51  
Note: power read from RAPL domains: dram, dram, dram, dram, package-0, package-1, package-2, package-3.
These readings do not cover all the hardware in this device.

Histogram (of 60 power measurements)

  Range (Watts)   Count
253.403 - 253.620     3 ######
253.621 - 253.839     3 ######
253.840 - 254.057     5 ###########
254.058 - 254.276     5 ###########
254.277 - 254.494     5 ###########
254.495 - 254.713    10 ######################
254.714 - 254.931     7 ###############
254.932 - 255.150    18 ########################################
255.151 - 255.368     3 ######
255.369 - 255.587     1 ##

Histogram (of 60 CPU utilization measurements)

Range (%CPU)  Count
0.000 - 0.086    46 ########################################
0.087 - 0.174     2 #
0.175 - 0.261     0 
0.262 - 0.349     3 ##
0.350 - 0.436     2 #
0.437 - 0.524     3 ##
0.525 - 0.611     2 #
0.612 - 0.698     1 
0.699 - 0.786     0 
0.787 - 0.873     1 
