Running for 60.0 seconds (60 samples at 1.0 second intervals).
Power measurements will start in 0 seconds time.

  Time    User  Nice   Sys  Idle    IO  Run Ctxt/s  IRQ/s Fork Exec Exit  Watts    dram   dram   dram   dram  pkg-0  pkg-1  pkg-2  pkg-3
10:16:36  52.9   0.0   0.2  47.0   0.0   23   1019   6144    0    0    0 259.71   11.95  11.98  12.05  11.84  68.38  63.83  63.60  63.90
10:16:37  52.8   0.0   0.2  47.0   0.0   22    662   5962    0    0    0 259.63   11.96  11.98  12.01  11.98  68.21  63.84  63.64  63.93
10:16:38  53.0   0.0   0.1  46.9   0.0   22    856   5916    0    0    0 260.15   11.92  11.97  12.00  11.95  68.78  63.99  63.57  63.82
10:16:39  52.9   0.0   0.1  47.0   0.0   23    949   5883    0    0    0 260.20   12.03  12.02  11.98  11.97  68.69  64.01  63.75  63.74
10:16:40  52.8   0.0   0.1  47.1   0.0   22    521   5848    0    0    0 260.21   11.94  11.96  12.01  11.90  68.66  63.97  63.77  63.80
10:16:41  52.9   0.0   0.1  47.0   0.0   22    849   5859    0    0    0 260.24   11.95  12.01  11.95  11.98  68.71  64.04  63.69  63.80
10:16:42  52.8   0.0   0.1  47.1   0.0   23    834   5855    0    0    0 260.58   12.00  11.95  12.01  11.93  68.99  64.04  63.80  63.74
10:16:43  52.8   0.0   0.1  47.1   0.0   22    621   5893    0    0    0 260.48   11.98  12.02  12.02  11.97  68.77  64.03  63.80  63.88
10:16:44  53.0   0.0   0.3  46.8   0.0   22    976   5998    0    0    0 260.47   11.97  12.01  11.93  11.86  68.91  63.87  63.78  63.90
10:16:45  52.9   0.0   0.1  47.1   0.0   23    769   5929    0    0    0 260.25   12.01  12.03  11.96  11.98  68.76  64.00  63.76  63.73
10:16:46  52.8   0.0   0.1  47.1   0.0   22    528   5906    0    0    0 260.36   11.96  11.96  11.96  11.78  68.85  64.03  63.69  63.80
10:16:47  52.5   0.0   0.0  47.5   0.0   22    182   5815    0    0    0 260.24   12.00  12.01  12.00  11.91  68.93  63.82  63.68  63.80
10:16:48  52.5   0.0   0.0  47.5   0.0   22     87   5845    0    0    0 260.08   12.01  12.01  12.00  11.97  68.83  63.75  63.77  63.74
10:16:49  52.5   0.0   0.0  47.5   0.0   22    129   5847    0    0    0 260.33   11.95  11.96  12.02  11.95  68.89  63.84  63.80  63.80
10:16:50  52.5   0.0   0.0  47.5   0.0   22     90   5864    0    0    0 260.28   11.98  11.96  11.96  11.80  68.98  63.83  63.67  63.81
10:16:51  52.5   0.0   0.0  47.5   0.0   22    216   5868    0    0    0 260.23   12.01  11.97  11.96  11.63  68.88  63.83  63.71  63.80
10:16:52  52.5   0.0   0.0  47.5   0.0   22     80   5862    0    0    0 260.09   11.96  11.92  12.03  11.76  68.79  63.85  63.72  63.74
10:16:53  52.5   0.0   0.0  47.5   0.0   22     93   5832    0    0    0 260.41   11.94  11.97  11.97  11.89  68.88  63.94  63.77  63.82
10:16:54  52.6   0.0   0.0  47.4   0.0   22    171   5928    0    0    0 260.19   11.98  11.90  12.01  11.84  68.84  63.84  63.71  63.80
10:16:55  52.5   0.0   0.0  47.5   0.0   22    171   5847    0    0    0 260.24   11.96  12.03  11.98  11.81  68.89  63.83  63.79  63.74
10:16:56  52.5   0.0   0.0  47.5   0.0   22     97   5842    0    0    0 260.33   11.98  11.98  11.97  11.63  68.95  63.84  63.73  63.81
10:16:57  52.5   0.0   0.0  47.5   0.0   22     88   5826    0    0    0 260.22   11.97  11.96  11.94  11.64  68.81  63.88  63.73  63.80
  Time    User  Nice   Sys  Idle    IO  Run Ctxt/s  IRQ/s Fork Exec Exit  Watts    dram   dram   dram   dram  pkg-0  pkg-1  pkg-2  pkg-3
10:16:58  52.5   0.0   0.0  47.5   0.0   22     92   5865    0    0    0 259.32   11.97  12.03  11.92  11.54  67.92  63.87  63.79  63.74
10:16:59  52.5   0.0   0.0  47.5   0.0   22    169   5852    0    0    0 259.86   12.03  12.01  12.02  11.54  68.45  63.91  63.69  63.81
10:17:00  53.0   0.0   0.1  47.0   0.0   22    962   5916    0    0    0 260.09   12.03  11.98  11.96  11.49  68.41  64.14  63.74  63.80
10:17:01  52.5   0.0   0.0  47.5   0.0   22    300   6018    3    2    3 259.95   12.01  12.03  12.05  11.56  68.59  63.84  63.78  63.74
10:17:02  52.5   0.0   0.0  47.5   0.0   22    126   5906    0    0    0 260.33   11.94  12.04  11.98  11.68  68.90  63.91  63.72  63.80
10:17:03  52.5   0.0   0.0  47.5   0.0   22    172   5822    0    0    0 260.27   11.98  11.97  12.01  11.72  68.81  64.06  63.60  63.80
10:17:04  52.5   0.0   0.1  47.5   0.0   22    134   5841    0    0    0 260.23   12.01  12.01  11.97  11.61  68.90  63.81  63.71  63.80
10:17:05  52.5   0.0   0.0  47.5   0.0   22     74   5763    0    0    0 260.51   12.00  12.01  11.98  11.68  68.88  64.11  63.79  63.74
10:17:06  52.5   0.0   0.0  47.5   0.0   22     76   5795    0    0    0 260.37   11.97  11.93  11.98  11.75  68.85  63.93  63.78  63.80
10:17:07  52.5   0.0   0.0  47.5   0.0   22    184   5798    0    0    0 260.25   11.94  12.07  11.99  11.74  68.94  63.79  63.72  63.80
10:17:08  52.5   0.0   0.0  47.5   0.0   22     70   5818    0    0    0 259.92   12.01  12.00  12.00  11.78  68.55  63.84  63.79  63.74
10:17:09  52.5   0.0   0.0  47.5   0.0   22     80   5797    0    0    0 260.74   12.02  12.00  12.03  11.82  68.89  64.26  63.79  63.80
10:17:10  52.5   0.0   0.0  47.5   0.0   22     76   5880    0    0    0 260.31   11.97  12.00  11.96  11.84  68.91  63.87  63.74  63.80
10:17:11  52.5   0.0   0.0  47.5   0.0   22    152   5836    0    0    0 260.46   12.02  12.03  12.02  11.78  68.90  64.07  63.75  63.74
10:17:12  52.5   0.0   0.0  47.5   0.0   22     84   5864    0    0    0 260.46   11.98  11.97  12.00  11.74  68.85  64.05  63.76  63.80
10:17:13  52.5   0.0   0.0  47.5   0.0   22     80   5793    0    0    0 260.56   12.00  11.94  11.98  11.57  68.70  64.28  63.77  63.81
10:17:14  52.5   0.0   0.0  47.5   0.0   22    145   5867    0    0    0 260.24   11.94  12.03  11.95  11.65  68.95  63.84  63.72  63.73
10:17:15  52.5   0.0   0.0  47.5   0.0   22    166   5825    0    0    0 260.25   11.96  11.98  12.02  11.64  68.72  63.93  63.79  63.81
10:17:16  52.5   0.0   0.0  47.5   0.0   22     74   5809    0    0    0 260.17   11.97  12.00  12.01  11.75  68.84  63.83  63.71  63.80
10:17:17  52.5   0.0   0.0  47.5   0.0   22     82   5793    0    0    0 260.27   11.97  12.00  11.99  11.58  68.91  63.93  63.70  63.74
10:17:18  52.5   0.0   0.0  47.5   0.0   22     76   5843    0    0    0 260.36   11.97  11.97  11.98  11.63  68.62  64.18  63.76  63.80
10:17:19  52.5   0.0   0.0  47.5   0.0   22    188   5814    0    0    0 260.32   12.01  12.00  11.99  11.87  68.94  63.85  63.73  63.80
  Time    User  Nice   Sys  Idle    IO  Run Ctxt/s  IRQ/s Fork Exec Exit  Watts    dram   dram   dram   dram  pkg-0  pkg-1  pkg-2  pkg-3
10:17:20  52.5   0.0   0.0  47.5   0.0   22     70   5819    0    0    0 260.08   12.02  11.92  11.95  11.78  68.77  63.83  63.68  63.80
10:17:21  52.5   0.0   0.0  47.5   0.0   22    136   5731    0    0    0 259.55   12.00  11.94  12.07  11.70  68.27  63.84  63.70  63.74
10:17:22  52.5   0.0   0.0  47.5   0.0   22     82   5894    0    0    0 259.46   12.00  12.01  12.01  11.82  68.11  63.83  63.72  63.80
10:17:23  52.5   0.0   0.0  47.5   0.0   22    153   5769    0    0    0 259.82   11.91  12.01  11.99  11.88  68.48  63.85  63.69  63.80
10:17:24  52.5   0.0   0.0  47.5   0.0   22    146   5932    0    0    0 259.85   11.98  12.02  12.00  11.73  68.24  64.11  63.78  63.72
10:17:25  52.5   0.0   0.0  47.5   0.0   22     76   5736    0    0    0 259.59   11.96  12.01  11.98  11.87  68.20  63.82  63.78  63.80
10:17:26  52.5   0.0   0.0  47.5   0.0   22     85   5917    0    0    0 259.40   11.94  11.97  12.00  11.90  68.00  63.85  63.76  63.79
10:17:27  52.5   0.0   0.0  47.5   0.0   22    164   5769    0    0    0 259.54   11.98  12.00  12.01  11.82  68.23  63.86  63.72  63.73
10:17:28  52.5   0.0   0.0  47.5   0.0   22     74   5910    0    0    0 259.36   12.00  11.97  12.01  11.79  68.00  63.87  63.70  63.80
10:17:29  52.5   0.0   0.0  47.5   0.0   22     83   5763    0    0    0 259.61   12.00  12.00  11.98  11.85  67.90  64.18  63.74  63.79
10:17:30  52.5   0.0   0.0  47.5   0.0   22     76   5911    0    0    0 259.17   11.97  11.98  12.03  11.90  67.68  64.09  63.66  63.74
10:17:31  52.5   0.0   0.0  47.5   0.0   22    219   5821    0    0    1 260.10   12.03  11.97  11.97  11.69  67.79  64.84  63.68  63.79
10:17:32  52.5   0.0   0.0  47.5   0.0   22     76   5925    0    0    0 258.92   12.00  11.94  11.95  11.76  67.71  63.77  63.66  63.79
10:17:33  52.5   0.0   0.0  47.5   0.0   22     87   5754    0    0    0 259.48   11.96  12.00  11.97  11.74  68.07  63.97  63.64  63.80
10:17:34  52.5   0.0   0.0  47.5   0.0   22    151   5924    0    0    0 259.46   12.02  11.94  11.94  11.62  68.02  63.95  63.77  63.72
10:17:35  52.5   0.0   0.0  47.5   0.0   22    159   5820    0    0    0 260.07   12.02  11.94  12.02  11.67  68.65  64.03  63.62  63.76
-------- ----- ----- ----- ----- ----- ---- ------ ------ ---- ---- ---- ------  ------ ------ ------ ------ ------ ------ ------ ------
 Average  52.6   0.0   0.0  47.4   0.0 22.1  256.4 5858.0  0.1  0.0  0.1 260.06   11.98  11.99  11.99  11.77  68.60  63.95  63.73  63.79
  StdDev   0.1   0.0   0.0   0.2   0.0  0.2  283.5   70.7  0.4  0.3  0.4   0.39    0.03   0.03   0.03   0.13   0.37   0.17   0.05   0.04
-------- ----- ----- ----- ----- ----- ---- ------ ------ ---- ---- ---- ------  ------ ------ ------ ------ ------ ------ ------ ------
 Minimum  52.5   0.0   0.0  46.8   0.0 22.0   70.0 5731.0  0.0  0.0  0.0 258.92   11.91  11.90  11.92  11.49  67.68  63.75  63.57  63.72
 Maximum  53.0   0.0   0.3  47.5   0.0 23.0 1019.0 6144.0  3.0  2.0  3.0 260.74   12.03  12.07  12.07  11.98  68.99  64.84  63.80  63.93
-------- ----- ----- ----- ----- ----- ---- ------ ------ ---- ---- ---- ------  ------ ------ ------ ------ ------ ------ ------ ------
Summary:
CPU: 260.06 Watts on average with standard deviation 0.39  
Note: power read from RAPL domains: dram, dram, dram, dram, package-0, package-1, package-2, package-3.
These readings do not cover all the hardware in this device.

Histogram (of 60 power measurements)

  Range (Watts)   Count
258.920 - 259.101     1 #
259.102 - 259.282     1 #
259.283 - 259.464     5 ########
259.465 - 259.646     6 ##########
259.647 - 259.827     2 ###
259.828 - 260.009     4 ######
260.010 - 260.191     9 ###############
260.192 - 260.372    23 ########################################
260.373 - 260.554     6 ##########
260.555 - 260.736     3 #####

Histogram (of 60 CPU utilization measurements)

 Range (%CPU)   Count
52.500 - 52.569    47 ########################################
52.570 - 52.639     1 
52.640 - 52.709     0 
52.710 - 52.780     0 
52.781 - 52.850     0 
52.851 - 52.920     3 ##
52.921 - 52.990     3 ##
52.991 - 53.060     4 ###
53.061 - 53.130     1 
53.131 - 53.201     1 
