Running for 60.0 seconds (60 samples at 1.0 second intervals).
Power measurements will start in 0 seconds time.

  Time    User  Nice   Sys  Idle    IO  Run Ctxt/s  IRQ/s Fork Exec Exit  Watts    dram   dram   dram   dram  pkg-0  pkg-1  pkg-2  pkg-3
10:17:36  99.9   0.0   0.1   0.1   0.0   41    843  10727    0    0    0 262.38   11.98  11.99  11.96  11.76  69.18  65.50  63.85  63.85
10:17:37 100.0   0.0   0.0   0.0   0.0   41    388  10217    0    0    0 262.16   12.00  12.00  11.97  11.86  69.13  65.54  63.75  63.74
10:17:38  99.6   0.0   0.1   0.4   0.0   41    702  10603    0    0    0 262.26   11.96  11.98  11.95  11.88  69.16  65.47  63.81  63.82
10:17:39  99.6   0.0   0.0   0.4   0.0   41    712  10252    0    0    0 262.48   12.01  12.00  11.89  11.90  69.24  65.55  63.88  63.81
10:17:40  99.5   0.0   0.0   0.5   0.0   41    384  10562    0    0    0 262.59   12.00  12.04  12.01  11.89  69.10  65.54  64.15  63.80
10:17:41 100.0   0.0   0.0   0.0   0.0   41    595  10255    0    0    0 262.43   12.01  11.95  12.01  11.87  69.06  65.48  63.92  63.97
10:17:42  99.5   0.0   0.1   0.4   0.0   42    686  10638    0    0    0 262.77   12.02  12.06  12.02  11.92  69.24  65.54  64.13  63.86
10:17:43  99.5   0.0   0.0   0.5   0.0   41    416  10260    0    0    0 262.41   12.01  12.01  11.95  11.89  69.14  65.55  63.95  63.77
10:17:44  99.3   0.0   0.1   0.7   0.0   41    733  10657    0    0    0 262.40   12.00  12.01  11.96  11.98  69.07  65.57  63.91  63.85
10:17:45 100.0   0.0   0.0   0.0   0.0   43    640  10251    0    0    0 262.68   12.04  11.98  11.97  11.83  69.11  65.64  64.08  63.85
10:17:46 100.0   0.0   0.0   0.0   0.0   41    460  10503    0    0    0 262.39   12.01  11.92  11.99  11.72  69.15  65.54  63.78  63.92
10:17:47 100.0   0.0   0.0   0.0   0.0   41     89  10192    0    0    0 262.34   12.02  12.02  11.95  11.83  68.95  65.48  64.08  63.83
10:17:48 100.0   0.0   0.0   0.0   0.0   41    118  10517    0    0    0 262.32   12.00  11.96  12.00  11.82  69.02  65.54  63.87  63.89
10:17:49 100.0   0.0   0.0   0.0   0.0   41     64  10194    0    0    0 262.49   12.03  12.01  11.99  11.83  69.02  65.54  64.10  63.84
10:17:50 100.0   0.0   0.0   0.0   0.0   41    147  10509    0    0    0 262.20   12.00  11.97  11.94  11.92  68.95  65.54  63.90  63.82
10:17:51 100.0   0.0   0.0   0.0   0.0   41    122  10244    0    0    0 262.26   12.02  12.00  11.93  11.93  69.03  65.48  63.86  63.90
10:17:52 100.0   0.0   0.0   0.0   0.0   41     80  10507    0    0    0 262.66   12.00  11.95  11.97  11.93  69.02  65.54  64.25  63.85
10:17:53 100.0   0.0   0.0   0.0   0.0   41     79  10186    0    0    0 261.96   12.01  11.96  11.95  11.88  68.95  65.47  63.77  63.77
10:17:54 100.0   0.0   0.0   0.0   0.0   41    203  10554    0    0    0 262.24   12.03  11.96  11.99  11.97  69.02  65.54  63.84  63.85
10:17:55 100.0   0.0   0.0   0.0   0.0   41     83  10213    0    0    0 262.19   12.06  12.01  11.98  12.00  69.02  65.54  63.82  63.82
10:17:56 100.0   0.0   0.0   0.0   0.0   41     81  10486    0    0    0 262.13   11.91  11.96  11.95  11.94  68.95  65.53  63.87  63.78
10:17:57 100.0   0.0   0.0   0.0   0.0   41     62  10198    0    0    0 262.13   12.07  12.00  12.08  12.02  69.02  65.48  63.81  63.83
  Time    User  Nice   Sys  Idle    IO  Run Ctxt/s  IRQ/s Fork Exec Exit  Watts    dram   dram   dram   dram  pkg-0  pkg-1  pkg-2  pkg-3
10:17:58 100.0   0.0   0.0   0.0   0.0   41    144  10500    0    0    0 262.31   11.97  12.03  12.04  11.92  69.02  65.53  63.82  63.94
10:17:59 100.0   0.0   0.0   0.0   0.0   41     83  10231    0    0    0 262.07   11.97  12.02  11.97  11.78  68.96  65.55  63.82  63.75
10:18:00  99.6   0.0   0.0   0.4   0.0   41    818  10677    0    0    0 262.48   12.00  11.92  12.04  11.93  69.25  65.47  63.86  63.91
10:18:01 100.0   0.0   0.0   0.0   0.0   41    106  10213    0    0    0 262.49   11.95  12.00  11.99  11.99  69.02  65.55  63.83  64.09
10:18:02 100.0   0.0   0.0   0.0   0.0   41    146  10510    0    0    0 262.32   12.00  12.01  11.96  11.99  68.95  65.54  63.81  64.03
10:18:03 100.0   0.0   0.0   0.0   0.0   41     81  10177    0    0    0 262.52   12.06  11.94  11.95  11.89  69.02  65.48  63.75  64.27
10:18:04 100.0   0.0   0.0   0.0   0.0   41    146  10500    0    0    0 262.36   11.96  11.98  12.03  11.99  69.02  65.54  63.81  64.00
10:18:05 100.0   0.0   0.0   0.0   0.0   41     73  10280    0    0    0 262.70   11.95  11.95  11.93  11.85  69.02  65.54  63.81  64.33
10:18:06 100.0   0.0   0.0   0.0   0.0   41    142  10450    0    0    0 262.13   11.96  11.94  12.01  11.96  68.95  65.47  63.76  63.95
10:18:07 100.0   0.0   0.0   0.0   0.0   41     90  10311    0    0    0 262.34   11.98  12.01  12.01  11.90  69.02  65.54  63.80  63.97
10:18:08 100.0   0.0   0.0   0.0   0.0   41    140  10471    0    0    1 262.29   11.95  12.00  12.03  11.93  69.02  65.54  63.80  63.93
10:18:09 100.0   0.0   0.0   0.0   0.0   41     78  10251    0    0    0 262.01   12.04  12.03  12.00  11.93  68.95  65.47  63.74  63.85
10:18:10 100.0   0.0   0.0   0.0   0.0   41    149  10445    0    0    0 262.26   12.00  11.92  11.96  11.99  69.01  65.54  63.80  63.90
10:18:11 100.0   0.0   0.0   0.0   0.0   41     82  10239    0    0    0 262.45   12.00  11.96  12.04  11.96  69.02  65.53  63.81  64.09
10:18:12 100.0   0.0   0.0   0.0   0.0   41     75  10446    0    0    0 262.32   12.02  12.01  12.01  11.97  68.95  65.54  63.81  64.02
10:18:13 100.0   0.0   0.0   0.0   0.0   41     66  10242    0    0    0 262.74   12.02  11.97  12.04  12.02  69.02  65.48  63.74  64.50
10:18:14 100.0   0.0   0.0   0.0   0.0   41    213  10498    0    0    0 262.83   12.02  11.97  11.98  11.97  69.02  65.54  63.80  64.48
10:18:15 100.0   0.0   0.0   0.0   0.0   41     87  10314    0    0    0 262.26   12.00  11.95  11.93  11.89  68.95  65.47  63.80  64.03
10:18:16 100.0   0.0   0.0   0.0   0.0   41     82  10425    0    0    0 262.15   12.04  12.02  11.91  11.95  69.02  65.54  63.74  63.87
10:18:17 100.0   0.0   0.0   0.0   0.0   41     67  10258    0    0    0 262.61   11.97  12.03  12.00  11.95  69.02  65.54  63.81  64.24
10:18:18 100.0   0.0   0.0   0.0   0.0   41    135  10435    0    0    0 262.48   11.97  11.98  11.98  11.99  68.95  65.48  63.80  64.26
10:18:19 100.0   0.0   0.0   0.0   0.0   41    105  10250    0    0    0 262.21   12.02  11.98  11.88  11.97  69.02  65.54  63.75  63.91
  Time    User  Nice   Sys  Idle    IO  Run Ctxt/s  IRQ/s Fork Exec Exit  Watts    dram   dram   dram   dram  pkg-0  pkg-1  pkg-2  pkg-3
10:18:20 100.0   0.0   0.0   0.0   0.0   41     95  10439    0    0    0 262.29   12.02  12.03  12.00  11.96  69.01  65.54  63.80  63.94
10:18:21 100.0   0.0   0.0   0.0   0.0   41    114  10266    0    0    0 263.01   12.03  12.00  12.00  11.96  68.95  65.54  63.81  64.71
10:18:22 100.0   0.0   0.0   0.0   0.0   41    138  10440    0    0    0 262.72   12.01  12.01  11.96  11.90  69.02  65.47  63.81  64.41
10:18:23 100.0   0.0   0.0   0.0   0.0   41     93  10293    0    0    0 262.19   12.00  12.05  11.96  11.97  69.01  65.54  63.74  63.89
10:18:24 100.0   0.0   0.0   0.0   0.0   41    144  10498    0    0    0 262.36   12.00  11.97  12.02  11.84  68.95  65.54  63.81  64.07
10:18:25 100.0   0.0   0.0   0.0   0.0   41     70  10283    0    0    0 262.28   12.03  12.01  11.95  11.98  69.03  65.48  63.84  63.94
10:18:26 100.0   0.0   0.0   0.0   0.0   41    142  10422    0    0    0 262.53   11.94  12.01  11.94  11.94  69.01  65.53  63.76  64.22
10:18:27 100.0   0.0   0.0   0.0   0.0   41     81  10250    0    0    0 262.56   11.97  11.98  12.01  11.82  68.95  65.54  63.81  64.25
10:18:28 100.0   0.0   0.0   0.0   0.0   41     76  10440    0    0    0 262.40   12.06  11.98  11.97  11.71  69.02  65.48  63.80  64.11
10:18:29 100.0   0.0   0.0   0.0   0.0   41     64  10254    0    0    0 262.67   12.01  12.01  11.94  11.60  69.02  65.54  63.75  64.36
10:18:30 100.0   0.0   0.0   0.0   0.0   41    146  10440    0    0    0 262.78   12.04  12.03  12.06  11.96  69.01  65.53  63.81  64.43
10:18:31 100.0   0.0   0.0   0.0   0.0   41     92  10248    0    0    0 262.36   11.97  11.94  11.97  11.80  68.96  65.48  63.80  64.12
10:18:32 100.0   0.0   0.0   0.0   0.0   41     76  10485    0    0    0 262.35   11.96  11.95  11.95  11.77  69.01  65.54  63.82  63.97
10:18:33 100.0   0.0   0.0   0.0   0.0   41     68  10247    0    0    0 262.98   11.95  11.90  11.96  11.81  69.02  65.54  63.87  64.56
10:18:34 100.0   0.0   0.0   0.0   0.0   41    204  10486    0    0    0 262.54   11.97  11.98  12.00  11.82  68.95  65.47  63.86  64.25
10:18:35 100.0   0.0   0.0   0.0   0.0   41     93  10272    0    0    0 262.73   11.98  11.96  12.03  11.80  69.02  65.54  64.04  64.12
-------- ----- ----- ----- ----- ----- ---- ------ ------ ---- ---- ---- ------  ------ ------ ------ ------ ------ ------ ------ ------
 Average  99.9   0.0   0.0   0.1   0.0 41.0  208.2 10376.9  0.0  0.0  0.0 262.42   12.00  11.99  11.98  11.90  69.03  65.52  63.85  64.02
  StdDev   0.2   0.0   0.0   0.1   0.0  0.3  217.9  145.2  0.0  0.0  0.1   0.23    0.03   0.03   0.04   0.08   0.07   0.03   0.11   0.23
-------- ----- ----- ----- ----- ----- ---- ------ ------ ---- ---- ---- ------  ------ ------ ------ ------ ------ ------ ------ ------
 Minimum  99.3   0.0   0.0   0.0   0.0 41.0   62.0 10177.0  0.0  0.0  0.0 261.96   11.91  11.90  11.88  11.60  68.95  65.47  63.74  63.74
 Maximum 100.0   0.0   0.1   0.7   0.0 43.0  843.0 10727.0  0.0  0.0  1.0 263.01   12.07  12.06  12.08  12.02  69.25  65.64  64.25  64.71
-------- ----- ----- ----- ----- ----- ---- ------ ------ ---- ---- ---- ------  ------ ------ ------ ------ ------ ------ ------ ------
Summary:
CPU: 262.42 Watts on average with standard deviation 0.23  
Note: power read from RAPL domains: dram, dram, dram, dram, package-0, package-1, package-2, package-3.
These readings do not cover all the hardware in this device.

Histogram (of 60 power measurements)

  Range (Watts)   Count
261.960 - 262.064     2 ######
262.065 - 262.170     6 ##################
262.171 - 262.275     9 ###########################
262.276 - 262.381    13 ########################################
262.382 - 262.486    10 ##############################
262.487 - 262.592     7 #####################
262.593 - 262.697     5 ###############
262.698 - 262.803     5 ###############
262.804 - 262.908     1 ###
262.909 - 263.014     2 ######

Histogram (of 60 CPU utilization measurements)

  Range (%CPU)    Count
 99.350 -  99.414     1 
 99.415 -  99.479     0 
 99.480 -  99.544     0 
 99.545 -  99.609     4 ###
 99.610 -  99.674     2 #
 99.675 -  99.739     0 
 99.740 -  99.804     0 
 99.805 -  99.869     0 
 99.870 -  99.934     0 
 99.935 -  99.999    53 ########################################
