fnl@fnl-one:~$ powerstat -RDH
Running for 60.0 seconds (60 samples at 1.0 second intervals).
Power measurements will start in 0 seconds time.

  Time    User  Nice   Sys  Idle    IO  Run Ctxt/s  IRQ/s  Watts    dram   dram   dram   dram  pkg-0  pkg-1  pkg-2  pkg-3
15:26:06   0.5   0.0   0.2  98.2   1.1    1   4864   3319 263.71   11.80  12.00  12.01  11.45  69.08  65.14  64.93  64.55
15:26:07   0.4   0.0   0.2  98.3   1.2    1   4798   3124 263.32   11.93  11.98  12.17  11.62  69.03  64.94  64.52  64.83
15:26:08   0.5   0.0   0.1  99.0   0.4    2   4163   2623 262.62   11.94  12.03  12.20  11.43  68.87  64.80  64.58  64.38
15:26:09   0.4   0.0   0.2  99.4   0.0    1   1484    604 261.91   11.98  11.97  12.18  11.40  69.19  64.66  64.16  63.90
15:26:10   0.3   0.0   0.1  99.6   0.0    1   1510    634 262.51   12.02  11.91  12.17  11.41  69.35  64.99  64.35  63.82
15:26:11   0.3   0.0   0.1  99.6   0.0    3   1160    588 262.09   11.87  11.99  12.15  11.42  69.04  64.53  64.71  63.81
15:26:12   0.4   0.0   0.2  99.3   0.0    1   1664    758 261.87   11.92  11.96  12.10  11.35  69.00  65.13  63.92  63.82
15:26:13   0.4   0.0   0.2  99.4   0.0    1   1733    609 262.27   11.94  11.96  12.04  11.37  69.01  65.21  64.29  63.75
15:26:14   0.2   0.0   0.1  99.7   0.0    1   1081    567 262.60   12.01  11.99  12.03  11.44  69.07  65.03  64.52  63.98
15:26:15   1.8   0.0   0.3  97.9   0.0    2   4490   1355 263.69   11.96  11.96  12.02  11.56  69.81  64.60  64.93  64.36
15:26:16   1.8   0.0   0.1  98.2   0.0   17   2706   1126 263.68   12.00  11.98  12.01  11.47  69.15  64.88  64.38  65.28
15:26:17   4.5   0.0   0.7  94.8   0.0   17  14017   1815 265.26   12.02  11.97  12.09  11.60  69.06  65.23  65.49  65.48
15:26:18   1.4   0.0   0.0  98.6   0.0    1   4636    864 263.58   12.01  12.04  12.10  11.41  68.98  65.92  64.71  63.97
15:26:19   1.5   0.0   0.1  98.4   0.0    2   5273   1010 264.20   11.98  11.98  12.04  11.63  69.86  64.70  65.61  64.03
15:26:20   3.0   0.0   0.7  96.4   0.0   17   5859   1660 266.11   12.03  11.92  12.10  11.58  70.05  65.21  66.10  64.75
15:26:21   1.1   0.0   0.3  98.6   0.0    1   1881    789 262.92   11.98  12.03  12.06  11.65  69.64  64.08  65.35  63.84
15:26:22   1.3   0.0   0.3  98.4   0.0    1   4210   1024 263.74   11.93  11.97  12.11  11.75  69.97  65.18  64.46  64.13
15:26:23   0.5   0.0   0.3  99.2   0.0    3   2631    797 262.67   11.89  12.02  12.04  11.47  69.57  64.19  64.93  63.98
15:26:24   1.2   0.0   0.3  98.5   0.0    1   5050   1021 263.31   11.84  11.92  12.03  11.45  69.42  64.63  63.99  65.28
15:26:25   0.5   0.0   0.1  99.3   0.0    3   1820    630 263.94   11.90  11.97  12.02  11.44  68.96  65.28  65.08  64.62
15:26:26   0.5   0.0   0.1  99.4   0.0    1   1375    607 264.31   11.96  12.00  12.01  11.47  69.03  65.14  65.34  64.79
15:26:27   0.5   0.0   0.1  99.4   0.0    1   1860    629 263.68   11.97  12.00  12.03  11.50  69.00  64.79  65.01  64.87
  Time    User  Nice   Sys  Idle    IO  Run Ctxt/s  IRQ/s  Watts    dram   dram   dram   dram  pkg-0  pkg-1  pkg-2  pkg-3
15:26:28   0.8   0.0   0.2  99.0   0.0    2   3623    888 263.21   11.97  12.01  11.98  11.40  68.89  64.77  64.25  65.30
15:26:29   0.5   0.0   0.1  99.4   0.0    1   2251   1218 262.73   11.89  11.97  12.04  11.43  69.02  64.13  64.72  64.86
15:26:30   0.9   0.0   0.2  98.9   0.0    1   2645    791 264.38   11.99  12.01  12.00  11.41  69.11  64.95  65.47  64.85
15:26:31   0.9   0.0   0.2  98.9   0.0    2   3437    906 263.85   12.03  11.90  11.98  11.45  68.95  64.54  65.04  65.32
15:26:32   0.5   0.0   0.2  99.3   0.0    1   2566    851 262.92   11.98  11.97  11.98  11.44  69.03  64.81  64.26  64.82
15:26:33   1.1   0.0   0.2  98.7   0.0    2   4596    844 264.68   11.98  11.96  12.01  11.48  68.86  65.03  65.01  65.77
15:26:34   0.9   0.0   0.1  99.0   0.0    1   2809    836 264.37   12.01  11.92  12.16  11.44  69.07  65.08  65.42  64.80
15:26:35   0.4   0.0   0.2  99.4   0.1    1   1837    668 262.88   11.99  12.01  11.94  11.47  69.49  64.23  65.34  63.82
15:26:36   0.5   0.0   0.1  99.4   0.0    1   1523    716 262.47   11.96  11.95  12.01  11.57  69.40  64.57  64.74  63.76
15:26:37   0.5   0.0   0.1  99.3   0.0    1   1665    606 262.59   11.99  12.03  12.03  11.46  69.42  63.94  65.41  63.82
15:26:38   0.5   0.0   0.1  99.4   0.0    1   1826    597 263.78   12.00  11.92  11.97  11.53  69.50  65.05  65.42  63.82
15:26:39   0.4   0.0   0.1  99.5   0.0    1   1410    655 262.37   11.97  11.89  12.02  11.40  69.32  64.39  64.83  63.84
15:26:40   0.6   0.0   0.2  99.2   0.0    1   3098    933 262.22   12.03  11.92  11.99  11.34  69.59  64.66  64.16  63.81
15:26:41   0.7   0.0   0.1  99.2   0.0    1   2302    653 263.29   11.91  11.98  12.01  11.43  69.52  64.80  65.14  63.82
15:26:42   0.5   0.0   0.1  99.4   0.0    1   1429    603 263.26   12.01  11.95  12.06  11.42  69.35  64.63  65.41  63.87
15:26:43   1.0   0.0   0.3  98.7   0.0    2   4265   1049 264.11   11.93  11.92  11.91  11.48  68.92  64.97  65.19  65.04
15:26:44   1.1   0.0   0.2  98.6   0.0    1   4124   1014 263.30   11.90  11.96  12.02  11.45  68.96  64.54  64.19  65.61
15:26:45   1.1   0.0   0.3  98.7   0.0    1   4383    881 263.21   11.97  11.97  11.94  11.36  69.03  64.31  64.42  65.46
15:26:46   0.7   0.0   0.2  99.1   0.0    1   2476    755 263.62   11.86  11.86  12.04  11.37  69.30  64.81  65.19  64.31
15:26:47   0.7   0.0   0.2  99.2   0.0    1   2683    738 262.53   12.02  11.96  12.01  11.41  68.93  64.09  64.61  64.90
15:26:48   0.7   0.0   0.2  99.2   0.0    1   3009    923 263.75   12.00  11.92  12.04  11.54  68.90  64.85  65.11  64.89
15:26:49   0.6   0.0   0.2  99.2   0.0    1   1800    635 263.17   12.00  12.00  12.03  11.49  68.94  64.83  64.83  64.57
  Time    User  Nice   Sys  Idle    IO  Run Ctxt/s  IRQ/s  Watts    dram   dram   dram   dram  pkg-0  pkg-1  pkg-2  pkg-3
15:26:50   0.4   0.0   0.1  99.6   0.0    2   1569    559 263.71   11.96  12.00  11.95  11.62  69.02  64.74  65.50  64.45
15:26:51   0.7   0.0   0.2  99.1   0.0    1   2295    721 263.52   11.97  11.98  12.01  11.65  69.01  64.59  65.04  64.89
15:26:52   1.0   0.0   0.2  98.8   0.0    1   3511    888 262.48   12.00  11.87  12.06  11.64  68.82  64.96  64.15  64.55
15:26:53   0.5   0.0   0.1  99.3   0.0    1   1829    775 262.27   11.93  12.01  11.97  11.74  69.11  64.72  64.66  63.77
15:26:54   0.7   0.0   0.1  99.2   0.0    1   1909    689 262.71   11.99  11.98  11.98  11.65  69.02  65.14  64.73  63.82
15:26:55   0.4   0.0   0.2  99.5   0.0    1   1449    649 262.12   12.01  12.00  12.00  11.57  68.95  64.71  64.64  63.82
15:26:56   0.9   0.0   0.2  98.9   0.0    1   3181    984 263.29   11.95  12.01  12.00  11.53  69.01  65.47  64.85  63.95
15:26:57   1.2   0.0   0.3  98.5   0.0    1   4437    888 263.34   11.95  11.96  12.05  11.43  69.02  65.36  64.92  64.04
15:26:58   1.0   0.0   0.2  98.9   0.0    1   2583    914 263.43   11.92  12.01  11.96  11.39  68.60  65.67  65.28  63.88
15:26:59   0.5   0.0   0.1  99.4   0.0    1   1499    632 261.75   11.99  11.97  11.94  11.41  69.01  64.74  64.26  63.75
15:27:00   1.0   0.0   0.2  98.8   0.0    1   2788    835 262.94   11.98  12.02  11.99  11.42  68.95  65.27  64.21  64.51
15:27:01   0.4   0.0   0.1  99.5   0.0    1   1391    631 262.89   11.97  11.93  11.98  11.39  68.88  64.86  64.73  64.42
15:27:02   0.4   0.0   0.1  99.6   0.0    1   1454    488 263.69   11.92  11.95  12.13  11.42  68.95  64.97  65.25  64.52
15:27:03   0.5   0.0   0.2  99.4   0.0    1   1816    722 262.73   11.96  11.93  12.07  11.47  69.01  64.46  64.31  64.95
15:27:04   0.5   0.0   0.1  99.4   0.0    1   1569    753 262.54   11.97  12.04  11.92  11.50  68.95  64.67  64.51  64.40
15:27:05   0.4   0.0   0.1  99.5   0.0    1   1460    630 263.68   11.94  12.05  11.98  11.42  68.95  65.28  64.96  64.49
-------- ----- ----- ----- ----- ----- ---- ------ ------ ------  ------ ------ ------ ------ ------ ------ ------ ------
 Average   0.8   0.0   0.2  99.0   0.0  2.0 2879.4  927.9 263.23   11.96  11.97  12.03  11.48  69.15  64.83  64.83  64.42
  StdDev   0.7   0.0   0.1   0.8   0.2  3.5 1915.8  542.2   0.83    0.05   0.04   0.07   0.09   0.30   0.38   0.47   0.57
-------- ----- ----- ----- ----- ----- ---- ------ ------ ------  ------ ------ ------ ------ ------ ------ ------ ------
 Minimum   0.2   0.0   0.0  94.8   0.0  1.0 1081.0  488.0 261.75   11.80  11.86  11.91  11.34  68.60  63.94  63.92  63.75
 Maximum   4.5   0.0   0.7  99.7   1.2 17.0 14017.0 3319.0 266.11   12.03  12.05  12.20  11.75  70.05  65.92  66.10  65.77
-------- ----- ----- ----- ----- ----- ---- ------ ------ ------  ------ ------ ------ ------ ------ ------ ------ ------
Summary:
CPU: 263.23 Watts on average with standard deviation 0.83  
Note: power read from RAPL domains: dram, dram, dram, dram, package-0, package-1, package-2, package-3.
These readings do not cover all the hardware in this device.

Histogram (of 60 power measurements)

  Range (Watts)   Count
261.749 - 262.184     5 ##############
262.185 - 262.620    11 ###############################
262.621 - 263.056    10 ############################
263.057 - 263.492    11 ###############################
263.493 - 263.928    14 ########################################
263.929 - 264.364     4 ###########
264.365 - 264.800     3 ########
264.801 - 265.236     0 
265.237 - 265.672     1 ##
265.673 - 266.108     1 ##

Histogram (of 60 CPU utilization measurements)

Range (%CPU)  Count
0.313 - 0.802    27 ########################################
0.803 - 1.291    17 #########################
1.292 - 1.781    11 ################
1.782 - 2.271     3 ####
2.272 - 2.761     0 
2.762 - 3.251     0 
3.252 - 3.740     1 #
3.741 - 4.230     0 
4.231 - 4.720     0 
4.721 - 5.210     1 #

