fnl@fnl-one:~$ powerstat -RDH
Running for 60.0 seconds (60 samples at 1.0 second intervals).
Power measurements will start in 0 seconds time.

  Time    User  Nice   Sys  Idle    IO  Run Ctxt/s  IRQ/s  Watts    dram   dram   dram   dram  pkg-0  pkg-1  pkg-2  pkg-3
15:30:18  50.6   0.0   0.3  49.2   0.0   41   1828  11141 273.12   11.70  11.98  11.95  11.57  71.21  67.24  67.27  67.40
15:30:19  50.6   0.0   0.2  49.2   0.0   41   1848  10780 273.11   11.95  11.95  11.97  11.56  71.07  67.38  67.36  67.31
15:30:20  50.6   0.0   0.2  49.2   0.0   41   1966  11140 273.07   11.96  12.00  12.00  11.38  70.75  67.35  67.30  67.68
15:30:21  50.5   0.0   0.2  49.3   0.0   43   1372  10830 273.14   11.89  11.98  12.05  11.50  71.19  67.24  67.38  67.33
15:30:22  50.6   0.0   0.1  49.3   0.0   41   1682  11035 273.31   11.95  12.01  11.97  11.37  71.11  67.29  67.58  67.33
15:30:23  50.6   0.0   0.2  49.2   0.0   41   1768  10810 273.37   11.99  11.95  12.00  11.43  70.87  67.22  67.57  67.71
15:30:24  50.3   0.0   0.1  49.6   0.0   41   1110  10996 273.01   11.90  12.03  11.96  11.39  70.91  67.27  67.47  67.35
15:30:25  50.8   0.0   0.3  48.9   0.0   41   2264  11017 273.37   11.91  11.99  12.00  11.43  70.81  67.24  68.02  67.30
15:30:26  50.7   0.0   0.1  49.2   0.0   41   1774  11099 273.20   11.91  11.97  11.98  11.45  71.15  67.33  67.36  67.35
15:30:27  50.3   0.0   0.1  49.6   0.0   41   1000  10605 272.88   11.81  12.03  11.95  11.43  71.04  67.21  67.33  67.30
15:30:28  50.8   0.0   0.2  49.0   0.0   41   2264  11184 273.24   11.99  12.00  11.89  11.43  71.35  67.28  67.24  67.37
15:30:29  50.6   0.0   0.3  49.1   0.0   41   1659  10919 273.52   11.87  11.94  12.04  11.44  70.94  67.31  67.51  67.76
15:30:30  50.6   0.0   0.2  49.2   0.0   41   1723  11104 273.24   11.67  11.96  12.00  11.46  70.79  67.32  67.44  67.69
15:30:31  50.6   0.0   0.3  49.1   0.0   41   1660  10844 273.94   11.88  11.96  12.03  11.37  70.84  67.22  68.24  67.64
15:30:32  50.5   0.0   0.2  49.2   0.0   42   1663  11149 273.17   11.90  11.96  12.01  11.34  70.89  67.27  67.41  67.59
15:30:33  50.5   0.0   0.2  49.3   0.0   41   1383  10790 272.94   11.86  11.94  11.97  11.47  70.74  67.28  67.24  67.68
15:30:34  50.6   0.0   0.3  49.1   0.0   41   1668  11129 273.07   11.90  11.97  11.94  11.46  70.85  67.21  67.28  67.73
15:30:35  50.5   0.0   0.1  49.4   0.0   41   1326  10770 273.03   11.76  11.97  12.01  11.41  70.83  67.29  67.38  67.54
15:30:36  50.8   0.0   0.4  48.9   0.0   41   2241  11294 273.29   11.66  12.02  12.01  11.61  70.85  67.27  67.33  67.85
15:30:37  50.6   0.0   0.2  49.2   0.0   41   1704  10800 272.99   11.68  11.99  11.92  11.60  70.75  67.24  67.24  67.76
15:30:38  50.5   0.0   0.1  49.4   0.0   41   1234  11041 272.97   11.58  11.93  12.03  11.57  70.85  67.27  67.28  67.57
15:30:39  50.8   0.0   0.2  49.0   0.0   41   2082  10849 273.22   11.66  11.99  11.95  11.50  71.19  67.31  67.26  67.45
  Time    User  Nice   Sys  Idle    IO  Run Ctxt/s  IRQ/s  Watts    dram   dram   dram   dram  pkg-0  pkg-1  pkg-2  pkg-3
15:30:40  50.6   0.0   0.3  49.1   0.0   41   1858  11208 273.02   11.50  11.99  11.99  11.47  70.88  67.22  67.30  67.62
15:30:41  50.6   0.0   0.2  49.2   0.0   41   1796  10789 272.73   11.55  11.96  11.95  11.45  70.79  66.93  67.28  67.73
15:30:42  50.7   0.0   0.2  49.2   0.0   41   1759  11050 273.46   11.54  11.95  11.98  11.50  71.02  67.29  67.62  67.53
15:30:43  51.1   0.0   0.2  48.6   0.0   43   3569  11100 274.04   11.87  12.01  11.98  11.57  71.27  67.20  67.93  67.63
15:30:44  51.8   0.0   0.4  47.8   0.0   41   5227  11918 274.35   11.90  12.00  12.01  11.60  71.55  67.29  67.77  67.74
15:30:45  50.8   0.0   0.2  49.0   0.0   41   1942  10992 273.31   11.79  11.95  11.95  11.52  71.13  67.36  67.45  67.37
15:30:46  50.5   0.0   0.2  49.4   0.0   41   1457  11152 273.04   11.86  12.07  11.97  11.40  71.14  67.26  67.35  67.28
15:30:47  51.1   0.0   0.4  48.5   0.0   41   3594  11179 274.13   11.91  11.97  12.00  11.52  70.93  67.22  68.33  67.65
15:30:48  50.7   0.0   0.2  49.0   0.0   41   2521  11329 273.29   11.67  11.97  11.94  11.48  71.21  67.26  67.33  67.48
15:30:49  50.4   0.0   0.1  49.5   0.0   41   1519  10744 272.94   11.96  12.01  11.96  11.45  71.10  67.21  67.24  67.39
15:30:50  51.2   0.0   0.3  48.5   0.0   41   3896  11422 274.12   11.89  12.01  12.02  11.45  71.83  67.27  67.58  67.43
15:30:51  50.8   0.0   0.3  48.9   0.0   43   2717  11027 273.22   11.93  11.99  11.95  11.41  71.22  67.24  67.45  67.31
15:30:52  50.8   0.0   0.2  49.0   0.0   41   2235  11380 273.04   11.87  11.99  11.96  11.47  71.36  67.19  67.24  67.25
15:30:53  51.0   0.0   0.2  48.8   0.0   42   3229  11013 273.63   11.89  12.02  12.00  11.57  71.10  67.26  67.40  67.87
15:30:54  50.5   0.0   0.2  49.3   0.0   43   1447  11085 273.00   11.89  11.99  11.99  11.50  70.81  67.23  67.36  67.60
15:30:55  50.5   0.0   0.2  49.3   0.0   41   1477  10942 273.04   11.82  11.99  11.99  11.68  71.16  67.25  67.31  67.32
15:30:56  50.8   0.0   0.2  48.9   0.0   41   2199  11217 273.14   11.93  12.01  12.01  11.46  71.03  67.38  67.39  67.33
15:30:57  51.2   0.0   0.4  48.4   0.0   57   3953  11107 273.73   12.03  12.01  11.96  11.67  71.50  67.27  67.26  67.70
15:30:58  50.8   0.0   0.4  48.9   0.0   41   2252  11162 273.11   11.98  11.99  12.03  11.68  70.79  67.31  67.27  67.75
15:30:59  51.3   0.0   0.4  48.3   0.0   41   3869  11223 273.52   12.02  12.00  11.95  11.77  70.84  67.08  67.57  68.03
15:31:00  51.0   0.0   0.2  48.8   0.0   41   2969  11263 273.36   12.00  11.97  11.98  11.64  71.37  67.33  67.24  67.41
15:31:01  50.7   0.0   0.2  49.2   0.0   57   2041  10949 273.15   11.98  11.98  12.03  11.60  71.09  67.21  67.35  67.50
  Time    User  Nice   Sys  Idle    IO  Run Ctxt/s  IRQ/s  Watts    dram   dram   dram   dram  pkg-0  pkg-1  pkg-2  pkg-3
15:31:02  51.0   0.0   0.3  48.7   0.0   42   3316  11271 273.55   11.89  11.95  11.97  11.62  71.55  67.30  67.27  67.43
15:31:03  50.8   0.0   0.1  49.0   0.0   41   2486  10903 273.24   11.95  12.02  11.98  11.56  71.47  67.17  67.33  67.26
15:31:04  51.2   0.0   0.4  48.5   0.0   41   3439  11325 273.59   11.97  11.97  12.05  11.57  71.64  67.21  67.40  67.33
15:31:05  50.7   0.0   0.2  49.1   0.0   41   2181  10913 273.12   11.93  11.97  11.91  11.57  71.18  67.28  67.27  67.40
15:31:06  50.8   0.0   0.3  48.9   0.0   43   2001  11164 273.14   11.95  11.96  11.97  11.57  70.91  67.09  67.47  67.66
15:31:07  51.2   0.0   0.4  48.4   0.0   41   3981  11215 273.65   11.96  12.01  11.94  11.66  71.30  67.12  67.38  67.83
15:31:08  50.9   0.0   0.3  48.8   0.0   41   3284  11199 273.18   12.01  12.00  12.01  11.55  71.15  67.13  67.30  67.60
15:31:09  50.8   0.0   0.3  48.9   0.0   41   2298  10960 273.16   11.95  12.01  12.04  11.65  71.35  67.29  67.22  67.31
15:31:10  51.0   0.0   0.3  48.7   0.0   41   2758  11334 273.37   11.99  11.99  11.98  11.84  71.50  67.20  67.28  67.40
15:31:11  51.3   0.0   0.3  48.4   0.0   41   3286  11075 273.55   11.97  12.02  11.97  11.75  71.69  67.19  67.29  67.39
15:31:12  51.4   0.0   0.4  48.2   0.0   41   4336  11445 273.58   11.94  12.00  11.97  11.68  71.89  67.19  67.24  67.26
15:31:13  50.9   0.0   0.3  48.8   0.0   42   2815  11034 273.27   11.97  12.02  11.96  11.44  71.30  67.31  67.25  67.41
15:31:14  50.8   0.0   0.2  49.0   0.0   41   1891  11021 272.86   12.01  12.00  11.94  11.71  71.38  66.81  67.29  67.39
15:31:15  51.1   0.0   0.3  48.6   0.0   41   3266  11139 273.48   12.00  12.03  11.94  11.77  71.53  67.17  67.56  67.22
15:31:16  51.0   0.0   0.2  48.9   0.0   41   3234  11231 273.68   11.98  12.04  11.98  11.60  71.66  67.24  67.43  67.36
15:31:17  51.2   0.0   0.3  48.5   0.0   41   3588  11099 273.55   11.99  11.99  12.03  11.62  71.75  67.22  67.30  67.28
-------- ----- ----- ----- ----- ----- ---- ------ ------ ------  ------ ------ ------ ------ ------ ------ ------ ------
 Average  50.8   0.0   0.2  49.0   0.0 41.8 2381.8 11081.8 273.31   11.88  11.99  11.98  11.54  71.16  67.24  67.41  67.50
  StdDev   0.3   0.0   0.1   0.4   0.0  2.9  918.6  212.3   0.33    0.13   0.03   0.04   0.11   0.30   0.09   0.23   0.19
-------- ----- ----- ----- ----- ----- ---- ------ ------ ------  ------ ------ ------ ------ ------ ------ ------ ------
 Minimum  50.3   0.0   0.1  47.8   0.0 41.0 1000.0 10605.0 272.73   11.50  11.93  11.89  11.34  70.74  66.81  67.22  67.22
 Maximum  51.8   0.0   0.4  49.6   0.0 57.0 5227.0 11918.0 274.35   12.03  12.07  12.05  11.84  71.89  67.38  68.33  68.03
-------- ----- ----- ----- ----- ----- ---- ------ ------ ------  ------ ------ ------ ------ ------ ------ ------ ------
Summary:
CPU: 273.31 Watts on average with standard deviation 0.33  
Note: power read from RAPL domains: dram, dram, dram, dram, package-0, package-1, package-2, package-3.
These readings do not cover all the hardware in this device.

Histogram (of 60 power measurements)

  Range (Watts)   Count
272.727 - 272.888     3 ########
272.889 - 273.051    11 ###############################
273.052 - 273.213    14 ########################################
273.214 - 273.375    14 ########################################
273.376 - 273.537     4 ###########
273.538 - 273.699     8 ######################
273.700 - 273.861     1 ##
273.862 - 274.023     1 ##
274.024 - 274.185     3 ########
274.186 - 274.348     1 ##

Histogram (of 60 CPU utilization measurements)

 Range (%CPU)   Count
50.388 - 50.568     4 ##########
50.569 - 50.750     7 #################
50.751 - 50.932    16 ########################################
50.933 - 51.114    10 #########################
51.115 - 51.295     9 ######################
51.296 - 51.477     4 ##########
51.478 - 51.659     7 #################
51.660 - 51.841     2 #####
51.842 - 52.022     0 
52.023 - 52.204     1 ##

