powerfnl@fnl-one:~$ powerstat -RDH
Running for 60.0 seconds (60 samples at 1.0 second intervals).
Power measurements will start in 0 seconds time.

  Time    User  Nice   Sys  Idle    IO  Run Ctxt/s  IRQ/s  Watts    dram   dram   dram   dram  pkg-0  pkg-1  pkg-2  pkg-3
15:33:19  99.3   0.0   0.1   0.6   0.0   82   1997  20631 274.60   11.95  11.98  11.98  11.60  71.58  67.30  68.28  67.44
15:33:20  98.9   0.0   0.1   1.0   0.0   97   1653  20571 275.46   11.89  12.00  12.03  11.57  71.99  67.21  68.84  67.42
15:33:21  99.4   0.0   0.0   0.6   0.0   82   1146  20558 275.09   11.87  11.94  11.95  11.61  72.11  67.28  68.43  67.28
15:33:22  99.6   0.0   0.1   0.3   0.0   81   1669  20653 274.77   11.89  12.01  12.02  11.59  71.36  67.25  68.25  67.91
15:33:23  99.9   0.0   0.0   0.1   0.0   81   1186  20500 274.70   11.77  11.97  12.15  11.55  71.24  67.28  68.54  67.65
15:33:24  99.6   0.0   0.1   0.3   0.0   81   1348  20540 274.99   11.78  11.98  11.95  11.82  72.13  67.21  67.89  67.76
15:33:25  99.4   0.0   0.1   0.5   0.0   81   1344  20497 274.91   11.88  11.97  12.03  11.61  72.15  67.28  67.72  67.76
15:33:26  99.6   0.0   0.0   0.4   0.0   83   1981  20724 274.94   11.90  12.03  12.05  11.60  71.64  67.24  68.57  67.48
15:33:27  99.4   0.0   0.1   0.5   0.0   83   3435  20814 275.66   11.93  11.96  12.02  11.74  72.21  67.28  68.63  67.55
15:33:28  99.5   0.0   0.1   0.4   0.0   83   2548  20657 275.42   11.97  12.02  11.98  11.68  72.07  67.37  68.46  67.52
15:33:29  99.7   0.0   0.1   0.2   0.0   81   1523  20692 273.67   11.91  11.96  12.02  11.70  71.72  67.13  67.59  67.23
15:33:30  99.5   0.0   0.1   0.4   0.0   81   1677  20587 274.10   11.84  11.95  12.01  11.71  71.82  67.28  67.40  67.59
15:33:31  99.8   0.0   0.1   0.1   0.0   82    825  20465 274.04   11.92  11.97  12.07  11.40  71.94  67.27  67.42  67.41
15:33:32  99.7   0.0   0.0   0.2   0.0   81   1182  20491 274.43   11.90  12.02  11.95  11.51  72.17  67.22  67.73  67.31
15:33:33  99.1   0.0   0.1   0.8   0.0   81   1827  20621 274.04   11.92  12.01  12.01  11.50  71.79  67.28  67.63  67.34
15:33:34  99.8   0.0   0.0   0.2   0.0   81    752  20487 273.96   11.97  12.00  12.02  11.41  71.91  67.28  67.56  67.22
15:33:35  99.5   0.0   0.1   0.4   0.0   81   1151  20516 274.91   11.98  12.00  12.04  11.49  72.21  67.28  68.10  67.32
15:33:36  99.6   0.0   0.1   0.3   0.0   81   1600  20625 274.84   11.87  12.03  11.99  11.77  72.39  67.21  67.92  67.32
15:33:37  99.7   0.0   0.0   0.3   0.0   81    974  20502 274.08   11.75  12.01  12.03  11.59  72.26  67.28  67.27  67.27
15:33:38  99.3   0.0   0.1   0.6   0.0   81   1526  20636 274.09   11.59  12.03  12.04  11.58  71.52  67.27  68.00  67.29
15:33:39  99.3   0.0   0.1   0.5   0.0   82   3654  21020 275.78   12.05  12.00  12.02  11.60  72.45  67.29  68.12  67.92
15:33:40  99.7   0.0   0.1   0.2   0.0   82   2887  20650 275.34   11.96  11.99  12.11  11.53  71.96  67.25  68.71  67.42
  Time    User  Nice   Sys  Idle    IO  Run Ctxt/s  IRQ/s  Watts    dram   dram   dram   dram  pkg-0  pkg-1  pkg-2  pkg-3
15:33:41  99.0   0.0   0.1   0.9   0.0   97   2246  20739 274.53   11.77  12.00  12.07  11.42  71.54  67.24  68.29  67.46
15:33:42  99.3   0.0   0.1   0.5   0.0   97   3558  20709 275.20   11.90  11.91  12.04  11.50  71.74  67.21  68.65  67.60
15:33:43  99.2   0.0   0.1   0.7   0.0   81   2480  20516 275.64   11.98  12.03  12.02  11.64  71.81  67.27  68.77  67.78
15:33:44  98.9   0.0   0.1   1.0   0.0   81   2700  20566 275.65   11.85  12.02  12.05  11.60  72.17  67.28  68.79  67.40
15:33:45  98.7   0.0   0.1   1.2   0.0   84   1863  20559 275.21   11.89  11.98  12.01  11.63  72.19  67.36  68.12  67.55
15:33:46  98.0   0.0   0.2   1.8   0.0   81   2853  20636 274.08   12.02  12.01  12.00  11.47  72.02  67.13  67.21  67.72
15:33:47  98.0   0.0   0.2   1.9   0.0   81   2804  20599 274.28   11.96  11.98  11.98  11.48  71.79  67.28  67.73  67.49
15:33:48  99.0   0.0   0.1   0.9   0.0   81   2436  20729 273.78   11.94  12.02  12.03  11.53  71.34  67.21  67.55  67.68
15:33:49  99.3   0.0   0.1   0.6   0.0   97   2299  20779 275.40   11.91  11.92  12.02  11.46  72.17  67.27  68.08  67.88
15:33:50  99.7   0.0   0.1   0.2   0.0   83   1711  20580 274.62   11.93  11.99  11.98  11.42  72.27  67.32  67.64  67.39
15:33:51  99.5   0.0   0.1   0.4   0.0   81   2425  20785 274.96   11.92  12.00  12.04  11.33  72.08  67.24  68.45  67.18
15:33:52  99.5   0.0   0.1   0.4   0.0   83   2683  20581 275.18   11.82  12.05  12.08  11.41  71.96  67.28  68.46  67.47
15:33:53  99.6   0.0   0.2   0.2   0.0   88   1887  20684 273.91   11.99  12.02  12.00  11.34  71.87  67.20  67.55  67.29
15:33:54  99.6   0.0   0.1   0.3   0.0   82   3215  20827 275.23   11.91  12.03  12.05  11.47  72.22  67.28  67.78  67.94
15:33:55  99.4   0.0   0.2   0.5   0.0   81   1538  20833 273.81   11.82  12.00  12.07  11.48  71.35  67.24  67.44  67.78
15:33:56  99.7   0.0   0.0   0.2   0.0   81   1326  20482 275.04   11.73  11.99  12.11  11.47  71.42  67.22  68.38  68.02
15:33:57  99.6   0.0   0.1   0.3   0.0   81   2354  20742 274.36   11.91  12.03  12.05  11.48  71.68  67.32  67.82  67.53
15:33:58  99.6   0.0   0.1   0.3   0.0   81   2988  20878 274.16   11.93  11.96  12.03  11.48  71.93  67.21  67.42  67.60
15:33:59  99.4   0.0   0.0   0.5   0.0   84   2204  20730 273.86   11.90  11.96  12.04  11.51  71.58  67.36  67.46  67.45
15:34:00  99.5   0.0   0.2   0.3   0.0   82   2608  20595 274.32   11.94  12.02  12.02  11.36  71.58  67.18  68.26  67.30
15:34:01  99.3   0.0   0.1   0.6   0.0   82   3122  20783 274.75   11.86  12.01  12.06  11.40  71.87  67.21  68.06  67.61
15:34:02  99.0   0.0   0.1   0.9   0.0   81   1744  20641 274.18   11.76  12.01  12.01  11.39  71.32  67.29  68.06  67.51
  Time    User  Nice   Sys  Idle    IO  Run Ctxt/s  IRQ/s  Watts    dram   dram   dram   dram  pkg-0  pkg-1  pkg-2  pkg-3
15:34:03  98.9   0.0   0.1   0.9   0.0   83   3175  20836 274.05   11.75  11.96  12.06  11.45  71.57  67.27  67.40  67.81
15:34:04  99.4   0.0   0.0   0.6   0.0   82   2729  20703 273.60   11.83  12.03  11.99  11.44  71.41  67.21  67.52  67.45
15:34:05  99.6   0.0   0.1   0.3   0.0   82   4116  21385 274.54   11.81  12.01  12.09  11.53  71.97  67.34  67.61  67.61
15:34:06  99.2   0.0   0.2   0.5   0.0   82   3149  21035 273.47   11.92  11.96  12.00  11.50  71.82  67.21  67.20  67.24
15:34:07  99.7   0.0   0.0   0.2   0.0   81   1160  20687 273.96   11.96  12.00  12.08  11.39  71.65  67.28  67.64  67.40
15:34:08  99.3   0.0   0.1   0.5   0.0   81   1788  20649 273.99   11.96  11.90  12.13  11.38  71.94  67.21  67.44  67.40
15:34:09  99.5   0.0   0.0   0.5   0.0   81    841  20583 274.32   11.91  12.01  12.08  11.38  72.11  67.28  67.60  67.33
15:34:10  99.6   0.0   0.1   0.3   0.0   81   1339  20461 274.49   11.96  12.00  11.98  11.35  71.63  67.28  68.09  67.49
15:34:11  99.5   0.0   0.1   0.5   0.0   82   2878  20892 273.98   12.00  11.98  11.99  11.45  71.90  67.20  67.36  67.52
15:34:12  99.3   0.0   0.1   0.7   0.0   81   1147  20448 273.80   12.03  11.95  11.99  11.38  71.56  67.32  67.30  67.63
15:34:13  99.6   0.0   0.1   0.3   0.0   81   1550  20642 273.59   11.85  11.99  11.97  11.35  71.84  67.24  67.26  67.26
15:34:14  99.8   0.0   0.1   0.1   0.0   82   1462  20555 273.61   11.89  12.02  11.97  11.44  71.45  67.29  67.48  67.39
15:34:15  99.6   0.0   0.1   0.3   0.0   81   1531  20632 273.48   11.83  11.95  11.98  11.39  71.52  67.21  67.45  67.29
15:34:16  99.4   0.0   0.1   0.5   0.0   81   2547  20586 273.70   11.93  11.94  11.99  11.40  71.88  67.28  67.25  67.29
15:34:17  99.2   0.0   0.1   0.7   0.0   81   2760  20592 273.85   11.98  11.97  12.02  11.38  71.87  67.27  67.41  67.29
15:34:18  99.3   0.0   0.1   0.6   0.0   82   2236  20435 273.76   11.91  11.99  11.97  11.40  71.87  67.26  67.28  67.36
-------- ----- ----- ----- ----- ----- ---- ------ ------ ------  ------ ------ ------ ------ ------ ------ ------ ------
 Average  99.4   0.0   0.1   0.5   0.0 82.7 2088.9 20658.8 274.47   11.89  11.99  12.03  11.50  71.84  67.26  67.87  67.50
  StdDev   0.4   0.0   0.0   0.3   0.0  4.0  795.8  162.3   0.64    0.08   0.03   0.04   0.11   0.29   0.05   0.48   0.21
-------- ----- ----- ----- ----- ----- ---- ------ ------ ------  ------ ------ ------ ------ ------ ------ ------ ------
 Minimum  98.0   0.0   0.0   0.1   0.0 81.0  752.0 20435.0 273.47   11.59  11.90  11.95  11.33  71.24  67.13  67.20  67.18
 Maximum  99.9   0.0   0.2   1.9   0.0 97.0 4116.0 21385.0 275.78   12.05  12.05  12.15  11.82  72.45  67.37  68.84  68.02
-------- ----- ----- ----- ----- ----- ---- ------ ------ ------  ------ ------ ------ ------ ------ ------ ------ ------
Summary:
CPU: 274.47 Watts on average with standard deviation 0.64  
Note: power read from RAPL domains: dram, dram, dram, dram, package-0, package-1, package-2, package-3.
These readings do not cover all the hardware in this device.

Histogram (of 60 power measurements)

  Range (Watts)   Count
273.470 - 273.700     7 #######################
273.701 - 273.931     7 #######################
273.932 - 274.162    12 ########################################
274.163 - 274.393     5 ################
274.394 - 274.624     6 ####################
274.625 - 274.856     4 #############
274.857 - 275.087     6 ####################
275.088 - 275.318     5 ################
275.319 - 275.549     4 #############
275.550 - 275.780     4 #############

Histogram (of 60 CPU utilization measurements)

  Range (%CPU)    Count
 98.148 -  98.325     2 ####
 98.326 -  98.503     0 
 98.504 -  98.680     0 
 98.681 -  98.858     1 ##
 98.859 -  99.036     2 ####
 99.037 -  99.213     5 ###########
 99.214 -  99.391     4 ########
 99.392 -  99.569    17 #####################################
 99.570 -  99.746    18 ########################################
 99.747 -  99.924    11 ########################

