Running for 60.0 seconds (60 samples at 1.0 second intervals).
Power measurements will start in 0 seconds time.

  Time    User  Nice   Sys  Idle    IO  Run Ctxt/s  IRQ/s Fork Exec Exit  Watts    dram   dram   dram  pkg-0  pkg-2  pkg-1
11:06:33   0.3   0.0   0.1  99.6   0.0    1    608    533    0    0    0 197.83   11.97  11.98  11.98  69.03  63.77  65.02
11:06:34   0.0   0.0   0.1  99.8   0.0    1    178    487    0    0    0 197.42   11.96  12.02  11.92  68.93  63.36  65.13
11:06:35   0.0   0.0   0.0 100.0   0.0    1    142    510    0    0    3 198.12   12.06  11.97  12.00  68.94  63.80  65.38
11:06:36   0.0   0.0   0.0 100.0   0.0    1    122    445    0    0    0 198.26   12.02  12.00  11.92  69.02  63.80  65.45
11:06:37   0.0   0.0   0.0 100.0   0.0    1    106    439    0    0    0 198.15   11.96  11.96  12.02  68.94  63.73  65.48
11:06:38   0.0   0.0   0.0 100.0   0.0    1     78    378    0    0    0 198.31   11.98  12.03  12.02  69.02  63.81  65.48
11:06:39   0.0   0.0   0.0 100.0   0.0    1     88    402    0    0    0 197.94   11.97  11.97  12.01  69.02  63.40  65.53
11:06:40   0.0   0.0   0.0 100.0   0.0    1    107    427    0    0    0 197.96   12.00  11.95  12.03  68.78  63.65  65.52
11:06:41   0.0   0.0   0.0 100.0   0.0    1     88    379    0    0    0 198.25   12.01  11.97  11.96  68.98  63.79  65.48
11:06:42   0.0   0.0   0.0 100.0   0.0    1     58    452    0    0    0 198.36   11.98  11.96  12.01  69.01  63.80  65.54
11:06:43   0.0   0.0   0.0 100.0   0.0    1     90    387    0    0    0 198.18   12.01  11.97  12.00  68.88  63.77  65.53
11:06:44   0.0   0.0   0.0  99.9   0.0    1    274    509    0    0    0 197.88   12.02  11.96  12.00  68.90  63.56  65.43
11:06:45   0.0   0.0   0.0 100.0   0.0    1    102    360    0    0    0 198.25   11.98  12.03  12.01  68.92  63.79  65.54
11:06:46   0.0   0.0   0.0 100.0   0.0    1     62    461    0    0    0 198.33   11.97  11.91  12.01  69.00  63.80  65.54
11:06:47   0.0   0.0   0.0 100.0   0.0    1     78    350    0    0    0 197.67   12.00  12.00  11.92  68.95  63.24  65.48
11:06:48   0.0   0.0   0.0 100.0   0.0    1    119    486    0    0    0 197.87   12.02  11.97  12.00  68.54  63.79  65.54
11:06:49   0.0   0.0   0.0 100.0   0.0    1    102    362    0    0    0 198.33   12.02  11.96  12.00  69.00  63.79  65.53
11:06:50   0.0   0.0   0.0 100.0   0.0    1     64    448    0    0    0 198.12   12.06  11.96  11.92  68.92  63.73  65.47
11:06:51   0.0   0.0   0.0 100.0   0.0    1    104    406    0    0    0 197.86   11.98  12.00  11.97  69.02  63.32  65.53
11:06:52   0.0   0.0   0.0 100.0   0.0    1    102    496    0    0    0 198.16   12.02  11.96  12.01  68.86  63.80  65.50
11:06:53   0.0   0.0   0.0 100.0   0.0    1     98    340    0    0    0 198.08   12.01  11.98  12.00  68.94  63.67  65.47
11:06:54   0.1   0.0   0.1  99.8   0.0    1    122    499    0    0    0 198.35   12.01  12.03  12.06  69.02  63.80  65.54
  Time    User  Nice   Sys  Idle    IO  Run Ctxt/s  IRQ/s Fork Exec Exit  Watts    dram   dram   dram  pkg-0  pkg-2  pkg-1
11:06:55   0.0   0.0   0.0 100.0   0.0    1     86    344    0    0    0 198.32   11.94  12.02  12.00  69.02  63.76  65.54
11:06:56   0.0   0.0   0.0 100.0   0.0    1    104    498    0    0    0 198.13   11.98  12.03  12.01  68.93  63.72  65.48
11:06:57   0.0   0.0   0.0 100.0   0.0    1     90    364    0    0    0 198.31   12.00  11.98  11.96  68.96  63.80  65.54
11:06:58   0.0   0.0   0.0 100.0   0.0    1     68    437    0    0    0 198.34   12.01  11.94  12.06  69.00  63.80  65.54
11:06:59   0.0   0.0   0.0 100.0   0.0    1     82    335    0    0    0 197.88   12.03  11.97  12.01  68.94  63.46  65.47
11:07:00   0.5   0.0   0.1  99.5   0.0    1   1041    648    0    0    0 198.33   11.94  11.94  11.97  69.12  63.68  65.53
11:07:01   0.0   0.0   0.0 100.0   0.0    1    114    366    0    0    0 198.28   12.01  12.03  12.02  68.96  63.78  65.54
11:07:02   0.0   0.0   0.0 100.0   0.0    1     72    459    0    0    0 198.12   12.01  12.02  11.94  68.88  63.77  65.47
11:07:03   0.0   0.0   0.0 100.0   0.0    1     84    328    0    0    0 197.09   12.02  11.98  12.01  68.59  62.97  65.53
11:07:04   0.1   0.0   0.0  99.9   0.0    1    284    518    0    0    0 197.90   11.97  12.01  11.96  69.01  63.66  65.22
11:07:05   0.0   0.0   0.0 100.0   0.0    1    100    358    0    0    0 197.78   12.00  11.97  12.00  68.95  63.36  65.47
11:07:06   0.0   0.0   0.0 100.0   0.0    1     64    455    0    0    0 198.30   11.91  12.02  12.00  69.02  63.74  65.54
11:07:07   0.0   0.0   0.0 100.0   0.0    1     82    352    0    0    0 197.99   12.06  12.00  12.00  69.01  63.44  65.53
11:07:08   0.0   0.0   0.0 100.0   0.0    1    104    542    0    0    0 198.18   12.01  11.95  11.97  69.01  63.70  65.47
11:07:09   0.0   0.0   0.0 100.0   0.0    1    110    370    0    0    0 197.99   12.02  12.00  12.02  68.79  63.67  65.54
11:07:10   0.0   0.0   0.0 100.0   0.0    1     66    442    0    0    0 198.22   12.01  12.00  12.06  68.94  63.74  65.54
11:07:11   0.0   0.0   0.0 100.0   0.0    1     84    335    0    0    0 197.44   12.00  12.00  12.01  69.02  62.93  65.49
11:07:12   0.0   0.0   0.0 100.0   0.0    1    106    498    0    0    0 196.40   11.94  12.01  12.03  68.59  62.30  65.51
11:07:13   0.0   0.0   0.0 100.0   0.0    1     95    338    0    0    0 197.81   12.02  11.90  12.00  69.00  63.28  65.53
11:07:14   0.0   0.0   0.0 100.0   0.0    1     92    463    0    0    0 197.47   11.94  12.02  11.97  69.00  63.01  65.47
11:07:15   0.0   0.0   0.0 100.0   0.0    1     92    343    0    0    0 198.27   12.00  11.96  12.00  68.96  63.77  65.54
11:07:16   0.0   0.0   0.0 100.0   0.0    1    110    562    0    0    0 197.77   11.92  11.91  12.01  68.97  63.26  65.54
  Time    User  Nice   Sys  Idle    IO  Run Ctxt/s  IRQ/s Fork Exec Exit  Watts    dram   dram   dram  pkg-0  pkg-2  pkg-1
11:07:17   0.0   0.0   0.0 100.0   0.0    1     88    361    0    0    0 198.26   11.96  11.90  12.02  68.99  63.80  65.47
11:07:18   0.0   0.0   0.0 100.0   0.0    1     56    436    0    0    0 198.28   11.94  11.95  11.92  68.95  63.80  65.53
11:07:19   0.0   0.0   0.0 100.0   0.0    1    106    342    0    0    0 196.80   11.94  11.94  11.98  69.00  62.68  65.11
11:07:20   0.0   0.0   0.0 100.0   0.0    1    122    487    0    0    0 197.48   11.97  12.02  11.95  68.98  63.15  65.34
11:07:21   0.0   0.0   0.0 100.0   0.0    1    126    351    0    0    0 198.01   12.03  12.02  11.91  68.95  63.51  65.54
11:07:22   0.0   0.0   0.0 100.0   0.0    1     58    452    0    0    0 198.18   12.00  11.98  11.98  68.91  63.74  65.53
11:07:23   0.0   0.0   0.0 100.0   0.0    1     78    327    0    0    0 197.44   11.97  12.06  12.00  69.02  63.05  65.37
11:07:24   0.0   0.0   0.1  99.9   0.0    1    129    563    0    0    0 197.24   11.97  12.02  12.00  68.63  63.13  65.48
11:07:25   0.0   0.0   0.0 100.0   0.0    1     92    350    0    0    0 196.97   11.96  11.95  12.00  68.64  63.16  65.17
11:07:26   0.0   0.0   0.0 100.0   0.0    1     62    460    0    0    0 197.89   11.96  11.94  11.98  68.93  63.80  65.17
11:07:27   0.0   0.0   0.0 100.0   0.0    1     84    352    0    0    0 197.23   11.98  11.95  11.98  68.59  63.23  65.41
11:07:28   0.0   0.0   0.0 100.0   0.0    1    102    484    0    0    0 197.87   11.97  11.98  11.97  68.79  63.68  65.40
11:07:29   0.0   0.0   0.0 100.0   0.0    1     88    347    0    0    0 197.48   12.03  12.01  11.91  68.96  63.79  64.73
11:07:30   0.0   0.0   0.0 100.0   0.0    1     70    442    0    0    0 197.99   11.95  12.01  12.03  68.95  63.80  65.25
11:07:31   0.0   0.0   0.0 100.0   0.0    1     82    335    0    0    0 197.83   12.00  11.96  11.95  69.01  63.29  65.52
11:07:32   0.0   0.0   0.0 100.0   0.0    1     99    560    0    0    0 197.64   11.92  12.00  12.02  68.51  63.71  65.42
-------- ----- ----- ----- ----- ----- ---- ------ ------ ---- ---- ---- ------  ------ ------ ------ ------ ------ ------
 Average   0.0   0.0   0.0 100.0   0.0  1.0  124.4  426.0  0.0  0.0  0.1 197.91   11.99  11.98  11.99  68.92  63.55  65.44
  StdDev   0.1   0.0   0.0   0.1   0.0  0.0  141.6   75.8  0.0  0.0  0.4   0.42    0.03   0.04   0.04   0.14   0.33   0.15
-------- ----- ----- ----- ----- ----- ---- ------ ------ ---- ---- ---- ------  ------ ------ ------ ------ ------ ------
 Minimum   0.0   0.0   0.0  99.5   0.0  1.0   56.0  327.0  0.0  0.0  0.0 196.40   11.91  11.90  11.91  68.51  62.30  64.73
 Maximum   0.5   0.0   0.1 100.0   0.0  1.0 1041.0  648.0  0.0  0.0  3.0 198.36   12.06  12.06  12.06  69.12  63.81  65.54
-------- ----- ----- ----- ----- ----- ---- ------ ------ ---- ---- ---- ------  ------ ------ ------ ------ ------ ------
Summary:
CPU: 197.91 Watts on average with standard deviation 0.42  
Note: power read from RAPL domains: dram, dram, dram, package-0, package-2, package-1.
These readings do not cover all the hardware in this device.

Histogram (of 60 power measurements)

  Range (Watts)   Count
196.404 - 196.599     1 #
196.600 - 196.794     0 
196.795 - 196.989     2 ###
196.990 - 197.185     1 #
197.186 - 197.380     2 ###
197.381 - 197.575     6 ###########
197.576 - 197.771     3 #####
197.772 - 197.966    13 ########################
197.967 - 198.161    11 ####################
198.162 - 198.356    21 ########################################

Histogram (of 60 CPU utilization measurements)

Range (%CPU)  Count
0.000 - 0.054    53 ########################################
0.055 - 0.109     3 ##
0.110 - 0.164     0 
0.165 - 0.219     2 #
0.220 - 0.274     0 
0.275 - 0.329     0 
0.330 - 0.384     1 
0.385 - 0.439     0 
0.440 - 0.494     0 
0.495 - 0.549     1 
