Running for 60.0 seconds (60 samples at 1.0 second intervals).
Power measurements will start in 0 seconds time.

  Time    User  Nice   Sys  Idle    IO  Run Ctxt/s  IRQ/s Fork Exec Exit  Watts    dram   dram   dram  pkg-0  pkg-2  pkg-1
11:07:34  51.7   0.0   0.0  48.3   0.0   32    367   8535    1    0    0 203.48   12.03  12.02  11.98  70.75  65.47  67.27
11:07:35  51.7   0.0   0.0  48.3   0.0   32    334   8491    0    0    0 203.50   11.97  12.00  11.95  70.75  65.54  67.21
11:07:36  51.7   0.0   0.0  48.3   0.0   32    288   8446    0    0    0 203.57   11.95  12.02  12.00  70.75  65.54  67.28
11:07:37  51.7   0.0   0.0  48.3   0.0   32    298   8519    0    0    0 203.44   11.97  11.98  11.97  70.68  65.48  67.28
11:07:38  51.7   0.0   0.0  48.3   0.0   32    293   8461    0    0    0 203.55   12.03  12.00  11.95  70.75  65.53  67.27
11:07:39  51.7   0.0   0.0  48.3   0.0   32    297   8446    0    0    0 203.52   12.02  11.95  11.91  70.75  65.55  67.22
11:07:40  51.7   0.0   0.0  48.3   0.0   32    229   8448    0    0    0 203.43   12.01  11.96  12.00  70.68  65.47  67.28
11:07:41  51.7   0.0   0.0  48.3   0.0   32    235   8493    0    0    0 203.57   12.02  11.98  11.98  70.75  65.54  67.28
11:07:42  51.7   0.0   0.0  48.3   0.0   32    282   8459    0    0    0 203.50   12.00  11.98  11.98  70.76  65.54  67.21
11:07:43  51.7   0.0   0.0  48.3   0.0   32    264   8472    0    0    0 203.56   11.97  12.00  11.95  70.74  65.54  67.28
11:07:44  51.7   0.0   0.0  48.3   0.0   32    227   8424    0    0    0 203.43   11.95  11.98  12.01  70.68  65.47  67.28
11:07:45  51.7   0.0   0.0  48.3   0.0   32    278   8491    0    0    0 203.50   11.98  11.96  11.98  70.76  65.54  67.21
11:07:46  51.7   0.0   0.0  48.3   0.0   32    286   8438    0    0    0 203.57   12.00  11.95  12.00  70.75  65.54  67.28
11:07:47  51.7   0.0   0.0  48.3   0.0   32    246   8473    0    0    0 203.42   12.00  11.97  11.94  70.68  65.47  67.28
11:07:48  51.7   0.0   0.0  48.3   0.0   32    292   8468    0    0    0 203.57   12.00  11.96  12.00  70.75  65.54  67.27
11:07:49  51.7   0.0   0.0  48.3   0.0   33    296   8457    0    0    0 203.50   12.04  11.98  11.97  70.75  65.54  67.21
11:07:50  51.7   0.0   0.0  48.3   0.0   32    322   8531    0    0    1 203.43   12.01  11.98  11.96  70.68  65.47  67.28
11:07:51  51.7   0.0   0.0  48.3   0.0   32    314   8464    0    0    0 203.58   12.03  12.02  11.95  70.75  65.54  67.28
11:07:52  51.7   0.0   0.0  48.3   0.0   32    288   8453    0    0    0 203.57   11.92  11.97  11.89  70.75  65.54  67.28
11:07:53  51.7   0.0   0.0  48.3   0.0   32    312   8492    0    0    0 203.43   11.97  11.98  12.01  70.68  65.54  67.21
11:07:54  51.7   0.0   0.0  48.3   0.0   32    291   8463    0    0    0 203.50   12.02  12.03  12.05  70.75  65.47  67.27
11:07:55  51.7   0.0   0.0  48.3   0.0   32    134   8416    0    0    0 203.57   11.97  12.03  11.96  70.75  65.54  67.28
  Time    User  Nice   Sys  Idle    IO  Run Ctxt/s  IRQ/s Fork Exec Exit  Watts    dram   dram   dram  pkg-0  pkg-2  pkg-1
11:07:56  51.7   0.0   0.0  48.3   0.0   32    132   8418    0    0    0 203.51   12.00  11.97  11.96  70.76  65.54  67.21
11:07:57  51.7   0.0   0.0  48.3   0.0   32    163   8490    0    0    0 203.43   11.97  12.01  11.94  70.68  65.47  67.28
11:07:58  51.7   0.0   0.0  48.3   0.0   32    237   8508    0    0    0 203.58   11.97  11.97  11.96  70.76  65.54  67.28
11:07:59  51.7   0.0   0.0  48.3   0.0   32    260   8430    0    0    0 203.50   11.96  11.94  11.94  70.75  65.54  67.21
11:08:00  51.8   0.0   0.0  48.1   0.0   33    789   8476    0    0    0 203.52   12.03  11.95  11.95  70.77  65.48  67.28
11:08:01  52.0   0.0   0.1  48.0   0.0   32    597   8503    0    0    0 203.73   11.96  12.00  11.91  70.92  65.54  67.28
11:08:02  51.7   0.0   0.0  48.3   0.0   32    302   8460    0    0    0 203.56   12.00  11.97  11.97  70.75  65.54  67.27
11:08:03  51.7   0.0   0.0  48.3   0.0   32    230   8457    0    0    0 203.37   11.92  12.01  11.97  70.69  65.48  67.21
11:08:04  51.7   0.0   0.0  48.3   0.0   32    275   8446    0    0    0 203.38   11.94  12.00  11.97  70.74  65.54  67.09
11:08:05  51.7   0.0   0.0  48.3   0.0   32    281   8485    0    0    0 203.35   12.01  12.00  11.95  70.75  65.54  67.06
11:08:06  51.7   0.0   0.0  48.3   0.0   32    331   8511    0    0    0 203.11   11.97  11.94  11.97  70.75  65.47  66.89
11:08:07  51.7   0.0   0.0  48.3   0.0   32    297   8490    0    0    0 203.16   11.96  11.95  11.95  70.68  65.54  66.94
11:08:08  51.7   0.0   0.0  48.3   0.0   32    322   8468    0    0    0 203.28   12.00  12.03  11.95  70.75  65.54  66.98
11:08:09  51.7   0.0   0.0  48.3   0.0   32    307   8466    0    0    0 203.12   11.98  11.97  12.01  70.75  65.47  66.90
11:08:10  51.7   0.0   0.0  48.3   0.0   32    331   8477    0    0    0 203.10   11.97  11.96  11.96  70.68  65.54  66.89
11:08:11  51.7   0.0   0.0  48.3   0.0   32    174   8415    0    0    0 203.47   11.97  12.00  12.01  70.75  65.54  67.18
11:08:12  51.7   0.0   0.0  48.3   0.0   32    192   8423    0    0    0 203.51   11.97  12.02  12.01  70.75  65.54  67.22
11:08:13  51.7   0.0   0.0  48.3   0.0   32    312   8489    0    0    0 203.50   11.98  11.96  12.00  70.75  65.48  67.27
11:08:14  51.7   0.0   0.1  48.3   0.0   32    354   8529    0    0    0 203.40   12.00  11.94  12.00  70.68  65.54  67.18
11:08:15  51.7   0.0   0.0  48.3   0.0   32    218   8445    0    0    0 203.50   11.91  12.01  12.00  70.75  65.54  67.21
11:08:16  51.7   0.0   0.0  48.3   0.0   32    128   8388    0    0    0 203.46   11.98  11.96  11.97  70.76  65.47  67.23
11:08:17  51.7   0.0   0.0  48.3   0.0   32    264   8496    0    0    0 203.43   12.00  12.00  12.00  70.68  65.54  67.22
  Time    User  Nice   Sys  Idle    IO  Run Ctxt/s  IRQ/s Fork Exec Exit  Watts    dram   dram   dram  pkg-0  pkg-2  pkg-1
11:08:18  51.7   0.0   0.0  48.3   0.0   32    194   8431    0    0    0 203.46   11.96  11.96  12.01  70.75  65.54  67.16
11:08:19  51.7   0.0   0.0  48.3   0.0   32    204   8419    0    0    0 203.50   11.91  11.97  11.96  70.75  65.48  67.27
11:08:20  51.7   0.0   0.0  48.3   0.0   32    362   8477    0    0    0 203.42   11.97  11.96  12.02  70.68  65.54  67.20
11:08:21  51.7   0.0   0.0  48.3   0.0   32    341   8464    0    0    0 203.42   12.01  11.96  11.95  70.75  65.54  67.13
11:08:22  51.7   0.0   0.0  48.3   0.0   32    293   8510    0    0    0 203.43   12.02  12.02  12.05  70.75  65.47  67.21
11:08:23  51.7   0.0   0.0  48.3   0.0   32    345   8491    0    0    0 203.56   11.96  12.01  12.01  70.75  65.54  67.27
11:08:24  51.7   0.0   0.0  48.3   0.0   32    310   8458    0    0    0 203.43   11.97  11.94  12.00  70.68  65.54  67.20
11:08:25  51.7   0.0   0.0  48.3   0.0   32    364   8503    0    0    0 203.43   11.94  12.03  11.91  70.75  65.47  67.20
11:08:26  51.7   0.0   0.0  48.3   0.0   32    300   8440    0    0    0 203.47   11.97  12.00  11.98  70.75  65.54  67.18
11:08:27  51.7   0.0   0.0  48.3   0.0   32    297   8487    0    0    0 203.49   12.01  11.91  12.01  70.68  65.54  67.26
11:08:28  51.7   0.0   0.0  48.3   0.0   32    292   8457    0    0    0 203.49   11.98  11.98  11.96  70.76  65.54  67.20
11:08:29  51.7   0.0   0.0  48.3   0.0   32    267   8451    0    0    0 203.50   12.00  11.96  11.98  70.75  65.48  67.28
11:08:30  51.7   0.0   0.0  48.3   0.0   32    295   8520    0    0    0 203.48   11.96  11.95  11.96  70.68  65.54  67.26
11:08:31  51.7   0.0   0.0  48.3   0.0   32    325   8450    0    0    0 203.41   11.98  11.98  11.92  70.75  65.55  67.12
11:08:32  51.7   0.0   0.0  48.3   0.0   32    342   8475    0    0    0 203.27   12.03  11.98  12.00  70.76  65.46  67.04
11:08:33  51.7   0.0   0.0  48.3   0.0   32    375   8511    0    0    0 203.51   12.00  11.96  11.95  70.75  65.54  67.22
-------- ----- ----- ----- ----- ----- ---- ------ ------ ---- ---- ---- ------  ------ ------ ------ ------ ------ ------
 Average  51.7   0.0   0.0  48.3   0.0 32.0  292.9 8469.2  0.0  0.0  0.0 203.46   11.98  11.98  11.97  70.74  65.52  67.20
  StdDev   0.0   0.0   0.0   0.0   0.0  0.2   95.7   32.2  0.1  0.0  0.1   0.12    0.03   0.03   0.03   0.04   0.03   0.10
-------- ----- ----- ----- ----- ----- ---- ------ ------ ---- ---- ---- ------  ------ ------ ------ ------ ------ ------
 Minimum  51.7   0.0   0.0  48.0   0.0 32.0  128.0 8388.0  0.0  0.0  0.0 203.10   11.91  11.91  11.89  70.68  65.46  66.89
 Maximum  52.0   0.0   0.1  48.3   0.0 33.0  789.0 8535.0  1.0  0.0  1.0 203.73   12.04  12.03  12.05  70.92  65.55  67.28
-------- ----- ----- ----- ----- ----- ---- ------ ------ ---- ---- ---- ------  ------ ------ ------ ------ ------ ------
Summary:
CPU: 203.46 Watts on average with standard deviation 0.12  
Note: power read from RAPL domains: dram, dram, dram, package-0, package-2, package-1.
These readings do not cover all the hardware in this device.

Histogram (of 60 power measurements)

  Range (Watts)   Count
203.104 - 203.165     4 ########
203.166 - 203.228     0 
203.229 - 203.291     2 ####
203.292 - 203.354     1 ##
203.355 - 203.417     4 ########
203.418 - 203.480    19 ########################################
203.481 - 203.543    17 ###################################
203.544 - 203.606    12 #########################
203.607 - 203.669     0 
203.670 - 203.732     1 ##

Histogram (of 60 CPU utilization measurements)

 Range (%CPU)   Count
51.684 - 51.715    48 ########################################
51.716 - 51.746    10 ########
51.747 - 51.778     0 
51.779 - 51.810     0 
51.811 - 51.842     0 
51.843 - 51.873     1 
51.874 - 51.905     0 
51.906 - 51.937     0 
51.938 - 51.969     0 
51.970 - 52.000     1 
