Running for 60.0 seconds (60 samples at 1.0 second intervals).
Power measurements will start in 0 seconds time.

  Time    User  Nice   Sys  Idle    IO  Run Ctxt/s  IRQ/s Fork Exec Exit  Watts    dram   dram   dram  pkg-0  pkg-2  pkg-1
11:08:34 100.0   0.0   0.0   0.0   0.0   63    382  15446    0    0    0 204.40   12.01  12.02  11.97  71.59  65.54  67.27
11:08:35 100.0   0.0   0.0   0.0   0.0   62    260  15338    0    0    0 205.02   11.97  12.00  12.00  72.16  65.58  67.28
11:08:36 100.0   0.0   0.0   0.0   0.0   62    222  15396    0    0    0 203.85   12.01  11.99  12.00  71.16  65.48  67.21
11:08:37 100.0   0.0   0.0   0.0   0.0   62    208  15360    0    0    0 204.12   11.94  12.00  11.98  71.28  65.56  67.28
11:08:38 100.0   0.0   0.0   0.0   0.0   62    182  15465    0    0    0 203.52   12.00  12.03  12.03  70.69  65.55  67.28
11:08:39 100.0   0.0   0.0   0.0   0.0   62    185  15328    0    0    0 203.52   11.97  11.94  11.97  70.82  65.49  67.21
11:08:40 100.0   0.0   0.0   0.0   0.0   62    172  15408    0    0    0 204.23   11.95  11.94  12.03  71.39  65.56  67.28
11:08:41 100.0   0.0   0.0   0.0   0.0   62    193  15327    0    0    0 204.36   11.95  11.96  11.92  71.54  65.54  67.28
11:08:42 100.0   0.0   0.0   0.0   0.0   62    144  15396    0    0    0 203.69   11.98  12.01  12.06  70.87  65.54  67.28
11:08:43 100.0   0.0   0.0   0.1   0.0   62    179  15344    0    0    0 203.79   11.98  11.98  11.92  71.08  65.50  67.21
11:08:44 100.0   0.0   0.1   0.0   0.0   62    239  15423    0    0    0 203.67   11.96  12.01  11.96  70.84  65.55  67.28
11:08:45 100.0   0.0   0.0   0.0   0.0   62    190  15355    0    0    0 203.89   11.98  11.95  11.97  70.82  65.80  67.27
11:08:46 100.0   0.0   0.0   0.0   0.0   62    156  15449    0    0    0 204.01   12.01  11.98  11.91  71.30  65.50  67.21
11:08:47 100.0   0.0   0.0   0.0   0.0   62    163  15348    0    0    0 203.65   11.94  11.91  11.98  70.84  65.53  67.28
11:08:48 100.0   0.0   0.0   0.0   0.0   62    177  15417    0    0    0 203.86   11.90  11.98  11.97  71.05  65.54  67.27
11:08:49 100.0   0.0   0.0   0.0   0.0   62    189  15334    0    0    0 203.44   11.98  11.97  11.97  70.76  65.48  67.21
11:08:50 100.0   0.0   0.0   0.0   0.0   62    151  15407    0    0    0 203.57   12.00  12.01  11.92  70.75  65.55  67.27
11:08:51 100.0   0.0   0.0   0.0   0.0   62    197  15321    0    0    0 203.56   11.95  11.97  11.98  70.72  65.55  67.28
11:08:52 100.0   0.0   0.0   0.0   0.0   62    170  15410    0    0    0 203.54   12.00  11.94  11.99  70.85  65.48  67.21
11:08:53 100.0   0.0   0.0   0.0   0.0   63    195  15347    0    0    0 203.60   11.92  11.97  11.94  70.78  65.54  67.28
11:08:54 100.0   0.0   0.1   0.0   0.0   62    214  15391    0    0    0 204.10   12.00  12.01  11.97  71.29  65.54  67.28
11:08:55 100.0   0.0   0.0   0.0   0.0   62    168  15402    0    0    0 204.01   11.96  12.01  11.98  71.19  65.54  67.28
  Time    User  Nice   Sys  Idle    IO  Run Ctxt/s  IRQ/s Fork Exec Exit  Watts    dram   dram   dram  pkg-0  pkg-2  pkg-1
11:08:56 100.0   0.0   0.0   0.0   0.0   62    166  15394    0    0    0 204.00   11.98  11.98  11.98  71.32  65.47  67.21
11:08:57 100.0   0.0   0.0   0.0   0.0   62    189  15357    0    0    0 204.51   12.08  12.02  11.98  71.69  65.54  67.28
11:08:58 100.0   0.0   0.0   0.0   0.0   62    146  15396    0    0    0 204.28   12.03  12.01  12.00  71.46  65.53  67.28
11:08:59 100.0   0.0   0.0   0.0   0.0   62    168  15316    0    0    0 204.66   12.02  12.01  11.97  71.98  65.47  67.21
11:09:00  99.4   0.0   0.1   0.5   0.0   62   1025  15616    0    0    0 205.13   11.95  11.91  11.90  72.10  65.76  67.28
11:09:01 100.0   0.0   0.0   0.0   0.0   62    224  15344    0    0    0 203.97   11.97  11.97  11.98  71.15  65.55  67.28
11:09:02 100.0   0.0   0.0   0.0   0.0   62    145  15395    0    0    0 204.11   12.01  11.98  11.96  71.43  65.47  67.21
11:09:03 100.0   0.0   0.0   0.0   0.0   62    166  15395    0    0    0 204.03   11.95  12.00  12.00  71.21  65.54  67.28
11:09:04 100.0   0.0   0.0   0.0   0.0   62    244  15410    0    0    0 204.46   11.96  12.01  12.02  71.63  65.55  67.28
11:09:05 100.0   0.0   0.0   0.0   0.0   62    188  15350    0    0    0 203.76   11.91  11.96  12.02  71.07  65.48  67.22
11:09:06 100.0   0.0   0.0   0.0   0.0   62    151  15387    0    0    0 203.90   12.00  11.96  12.01  71.08  65.54  67.28
11:09:07 100.0   0.0   0.0   0.0   0.0   62    167  15345    0    0    0 204.26   11.95  12.01  11.98  71.44  65.54  67.27
11:09:08 100.0   0.0   0.0   0.0   0.0   62    177  15414    0    0    0 204.74   12.00  11.95  12.03  72.06  65.47  67.21
11:09:09 100.0   0.0   0.0   0.0   0.0   62    190  15326    0    0    0 204.59   12.01  12.04  11.97  71.77  65.54  67.29
11:09:10 100.0   0.0   0.0   0.0   0.0   62    152  15405    0    0    0 204.64   11.92  12.02  11.98  71.84  65.54  67.27
11:09:11 100.0   0.0   0.0   0.0   0.0   62    166  15377    0    0    0 203.58   11.98  11.98  11.95  70.83  65.54  67.21
11:09:12 100.0   0.0   0.0   0.0   0.0   62    166  15408    0    0    0 204.09   11.92  12.01  11.91  71.34  65.48  67.28
11:09:13 100.0   0.0   0.0   0.0   0.0   62    192  15345    0    0    0 204.71   11.97  12.03  12.02  71.90  65.54  67.28
11:09:14 100.0   0.0   0.0   0.0   0.0   62    231  15405    0    0    0 205.13   12.01  12.01  11.95  72.31  65.54  67.28
11:09:15 100.0   0.0   0.0   0.0   0.0   62    184  15339    0    0    0 204.48   11.98  12.03  12.01  71.79  65.48  67.21
11:09:16 100.0   0.0   0.0   0.0   0.0   62    169  15396    0    0    0 204.10   12.00  11.96  12.01  71.27  65.54  67.28
11:09:17 100.0   0.0   0.0   0.0   0.0   62    193  15359    0    0    0 203.63   11.98  12.02  12.03  70.83  65.53  67.27
  Time    User  Nice   Sys  Idle    IO  Run Ctxt/s  IRQ/s Fork Exec Exit  Watts    dram   dram   dram  pkg-0  pkg-2  pkg-1
11:09:18 100.0   0.0   0.0   0.0   0.0   62    145  15404    0    0    0 204.34   12.02  11.98  12.02  71.65  65.48  67.21
11:09:19 100.0   0.0   0.0   0.0   0.0   62    183  15385    0    0    0 203.75   11.98  12.00  11.95  70.93  65.54  67.28
11:09:20 100.0   0.0   0.0   0.0   0.0   62    166  15409    0    0    0 204.83   11.90  12.00  11.94  72.02  65.54  67.27
11:09:21 100.0   0.0   0.0   0.0   0.0   62    240  15338    0    0    0 204.57   12.01  11.98  11.98  71.89  65.47  67.21
11:09:22 100.0   0.0   0.0   0.0   0.0   62    146  15395    0    0    0 204.15   11.96  12.04  11.96  71.33  65.54  67.28
11:09:23 100.0   0.0   0.0   0.0   0.0   62    166  15344    0    0    0 204.56   11.98  12.03  12.04  71.73  65.54  67.28
11:09:24 100.0   0.0   0.0   0.0   0.0   62    224  15398    0    0    0 204.33   12.01  11.96  12.01  71.57  65.48  67.28
11:09:25 100.0   0.0   0.0   0.0   0.0   62    200  15357    0    0    0 203.70   12.05  12.00  11.92  70.94  65.54  67.21
11:09:26 100.0   0.0   0.0   0.0   0.0   62    143  15394    0    0    0 203.59   11.90  12.02  12.02  70.78  65.54  67.28
11:09:27 100.0   0.0   0.0   0.0   0.0   62    173  15410    0    0    0 203.59   12.00  11.90  11.91  70.83  65.48  67.28
11:09:28 100.0   0.0   0.0   0.0   0.0   62    164  15416    0    0    0 203.70   11.97  12.01  12.01  70.94  65.55  67.21
11:09:29 100.0   0.0   0.0   0.0   0.0   62    190  15329    0    0    0 203.93   12.01  12.02  11.96  71.11  65.54  67.28
11:09:30 100.0   0.0   0.0   0.0   0.0   62    154  15397    0    0    0 204.75   12.03  11.94  11.98  71.94  65.54  67.27
11:09:31 100.0   0.0   0.0   0.0   0.0   62    172  15319    0    0    0 204.22   12.00  11.97  12.01  71.49  65.47  67.27
11:09:32 100.0   0.0   0.0   0.0   0.0   62    166  15408    0    0    0 205.09   12.01  11.97  12.02  72.23  65.54  67.32
11:09:33 100.0   0.0   0.0   0.0   0.0   62    194  15344    0    0    0 204.85   11.97  12.07  11.97  72.02  65.55  67.28
-------- ----- ----- ----- ----- ----- ---- ------ ------ ---- ---- ---- ------  ------ ------ ------ ------ ------ ------
 Average 100.0   0.0   0.0   0.0   0.0 62.0  199.3 15382.3  0.0  0.0  0.0 204.14   11.98  11.99  11.98  71.34  65.53  67.26
  StdDev   0.1   0.0   0.0   0.1   0.0  0.2  113.7   46.9  0.0  0.0  0.0   0.47    0.04   0.03   0.04   0.46   0.06   0.03
-------- ----- ----- ----- ----- ----- ---- ------ ------ ---- ---- ---- ------  ------ ------ ------ ------ ------ ------
 Minimum  99.4   0.0   0.0   0.0   0.0 62.0  143.0 15316.0  0.0  0.0  0.0 203.44   11.90  11.90  11.90  70.69  65.47  67.21
 Maximum 100.0   0.0   0.1   0.5   0.0 63.0 1025.0 15616.0  0.0  0.0  0.0 205.13   12.08  12.07  12.06  72.31  65.80  67.32
-------- ----- ----- ----- ----- ----- ---- ------ ------ ---- ---- ---- ------  ------ ------ ------ ------ ------ ------
Summary:
CPU: 204.14 Watts on average with standard deviation 0.47  
Note: power read from RAPL domains: dram, dram, dram, package-0, package-2, package-1.
These readings do not cover all the hardware in this device.

Histogram (of 60 power measurements)

  Range (Watts)   Count
203.443 - 203.611    10 ########################################
203.612 - 203.780     8 ################################
203.781 - 203.949     6 ########################
203.950 - 204.119     9 ####################################
204.120 - 204.288     6 ########################
204.289 - 204.457     4 ################
204.458 - 204.626     6 ########################
204.627 - 204.795     5 ####################
204.796 - 204.965     2 ########
204.966 - 205.134     4 ################

Histogram (of 60 CPU utilization measurements)

  Range (%CPU)    Count
 99.467 -  99.519     1 
 99.520 -  99.572     0 
 99.573 -  99.626     0 
 99.627 -  99.679     0 
 99.680 -  99.732     0 
 99.733 -  99.786     0 
 99.787 -  99.839     0 
 99.840 -  99.892     0 
 99.893 -  99.946     0 
 99.947 -  99.999    59 ########################################
