fnl@fnl-one:~$ powerstat -RDH
Running for 60.0 seconds (60 samples at 1.0 second intervals).
Power measurements will start in 0 seconds time.

  Time    User  Nice   Sys  Idle    IO  Run Ctxt/s  IRQ/s  Watts    dram   dram   dram   dram  pkg-0  pkg-1  pkg-2  pkg-3
22:27:37   8.1   0.0  15.3  76.6   0.0   17 1177333  45620 272.59   12.44  11.91  12.36  12.03  72.26  67.40  64.50  68.43
22:27:38   8.1   0.0  15.5  76.5   0.0   17 1395295  49598 273.77   12.76  11.68  12.41  12.09  73.09  67.23  64.92  68.53
22:27:39   9.4   0.0  15.7  74.9   0.0   25 1361855  48455 275.45   12.52  11.65  12.12  12.14  73.58  67.80  66.58  67.49
22:27:40   9.7   0.0  16.8  73.5   0.0   22 1711198  52454 276.45   12.75  11.64  12.19  11.96  73.90  67.65  66.36  68.54
22:27:41   9.4   0.0  14.9  75.7   0.0   18 1299099  43561 274.25   12.34  11.72  12.03  12.21  72.35  67.20  65.90  68.79
22:27:42   8.9   0.0  14.3  76.8   0.0   41 1236931  69030 274.13   12.18  11.69  12.09  12.16  71.91  67.87  66.33  68.02
22:27:43   8.3   0.0  14.2  77.5   0.0   14 1182649 123643 273.82   12.27  11.52  12.34  12.10  71.80  67.27  66.94  67.82
22:27:44   9.5   0.0  16.1  74.4   0.0   17 1331415 124604 274.66   12.36  11.90  12.18  12.07  72.12  67.63  66.32  68.58
22:27:45   9.5   0.0  15.4  75.1   0.0   21 1181622  71294 273.65   12.18  11.95  12.04  12.11  71.53  69.29  64.20  68.63
22:27:46   9.7   0.0  16.3  74.0   0.0   21 1260753  42263 273.76   12.14  11.73  12.08  12.01  71.83  69.03  64.60  68.30
22:27:47   9.3   0.0  16.3  74.4   0.0   15 1349484  44266 274.29   12.41  11.64  12.20  12.12  71.98  68.11  64.93  69.27
22:27:48   8.7   0.0  15.5  75.7   0.0   25 1136752  43523 274.27   12.39  11.65  12.16  12.14  72.07  66.94  66.55  68.71
22:27:49   9.4   0.0  18.2  72.4   0.0   18 1456586  45019 274.69   12.36  11.58  12.25  12.06  72.20  67.13  66.16  69.20
22:27:50   9.8   0.0  18.5  71.7   0.0   23 1374020  41059 274.53   12.39  11.52  12.18  12.17  72.05  67.42  65.74  69.31
22:27:51  10.2   0.0  18.6  71.2   0.0   20 1507219  47382 274.55   12.46  11.55  12.25  11.98  72.13  68.38  65.18  68.86
22:27:52  10.6   0.0  18.7  70.7   0.0   21 1618235  46808 275.85   12.40  11.55  12.30  12.14  72.38  68.31  65.70  69.46
22:27:53  10.3   0.0  18.5  71.1   0.0   22 1920238  54384 276.76   12.71  11.45  12.25  12.18  73.54  66.62  66.60  70.01
22:27:54   9.7   0.0  17.9  72.5   0.0   27 1756369  49829 275.17   12.57  11.54  12.44  12.09  72.56  66.79  65.88  69.94
22:27:55  10.0   0.0  18.1  71.9   0.0   29 1362264  44836 274.16   12.43  11.42  12.37  12.24  72.55  67.19  65.43  68.98
22:27:56   9.3   0.0  16.9  73.8   0.0   19 1723129  51775 276.67   12.51  11.47  12.25  12.31  72.96  67.20  66.28  70.23
22:27:57   9.4   0.0  15.8  74.8   0.0   18 1162338  36045 273.14   12.18  11.49  12.11  12.04  71.76  67.46  65.56  68.37
22:27:58  10.2   0.0  16.8  73.0   0.0   25 1440289  38291 274.35   12.17  11.68  12.24  11.97  71.45  67.89  66.47  68.53
  Time    User  Nice   Sys  Idle    IO  Run Ctxt/s  IRQ/s  Watts    dram   dram   dram   dram  pkg-0  pkg-1  pkg-2  pkg-3
22:27:59  11.6   0.0  21.5  66.9   0.0   30 1998697  46798 276.78   12.61  11.55  12.26  11.96  73.75  66.56  67.60  68.87
22:28:00  10.1   0.0  19.5  70.5   0.0   25 1555750  41157 275.04   12.43  11.38  12.40  12.00  72.73  66.01  67.29  69.00
22:28:01   9.8   0.0  18.2  72.1   0.0   26 1449594  36244 275.18   12.38  11.53  12.33  12.02  72.18  66.89  67.42  68.70
22:28:02  10.7   0.0  18.4  70.9   0.0   29 1754704  38970 276.79   12.48  11.40  12.29  12.13  71.89  67.73  67.80  69.37
22:28:03  11.0   0.0  18.8  70.1   0.0   21 1570454  46178 276.59   12.39  11.42  12.65  12.17  71.99  67.29  68.30  69.02
22:28:04   9.6   0.0  16.7  73.7   0.0   29 1181364  39665 274.16   12.29  11.61  12.42  12.07  72.20  66.93  66.83  68.19
22:28:05   9.9   0.0  16.7  73.4   0.0   28 1484915  43033 275.54   12.51  11.74  12.16  12.02  72.42  67.68  66.05  69.39
22:28:06   9.6   0.0  17.6  72.7   0.0   25 1487303  43109 276.17   12.94  11.45  12.23  12.08  73.33  67.25  67.20  68.40
22:28:07  10.0   0.0  18.0  72.1   0.0   30 1318790  41124 274.79   12.48  11.51  12.19  12.03  72.24  67.72  66.58  68.25
22:28:08   9.5   0.0  16.2  74.3   0.0   36 1321095  43093 275.01   12.57  11.63  12.11  12.17  72.50  67.61  65.80  69.11
22:28:09  10.4   0.0  17.9  71.7   0.0   20 1476538  39689 275.40   12.64  11.46  12.22  11.99  73.99  66.47  66.40  68.54
22:28:10   9.9   0.0  17.4  72.7   0.0   23 1425025  40850 274.97   12.51  11.46  12.20  12.00  73.31  66.26  67.12  68.28
22:28:11   9.6   0.0  17.9  72.5   0.0   31 1520944  47127 275.71   12.68  11.80  12.25  12.14  72.56  67.22  66.50  69.43
22:28:12  10.2   0.0  18.3  71.5   0.0   25 1373509  44805 275.23   12.55  11.97  12.10  12.07  72.28  68.49  65.52  68.94
22:28:13  10.0   0.0  18.1  71.8   0.0   32 1742833  52212 275.85   12.87  11.94  12.09  12.12  73.57  67.97  64.90  69.42
22:28:14  10.1   0.0  17.3  72.6   0.0   22 1356771  37940 274.65   12.38  11.78  12.09  12.15  72.81  67.40  65.73  68.70
22:28:15  10.0   0.0  16.7  73.3   0.0   22 1150638  36548 273.76   12.16  11.60  12.23  11.98  72.08  67.57  66.93  67.18
22:28:16   9.0   0.0  17.2  73.8   0.0   35 1480948  40118 274.73   12.41  11.79  12.36  12.00  72.53  68.54  65.97  67.69
22:28:17   9.1   0.0  17.3  73.5   0.0   20 1454779  42384 275.14   12.46  11.66  12.96  12.01  72.11  68.04  67.10  67.89
22:28:18   9.7   0.0  17.0  73.3   0.0   24 1301058  43062 275.00   12.31  11.57  12.80  12.06  72.31  67.42  66.84  68.43
22:28:19  10.1   0.0  18.0  71.9   0.0   25 1600327  52119 276.43   12.96  11.59  12.93  12.04  73.62  67.03  66.84  68.94
22:28:20  10.4   0.0  17.7  71.9   0.0   26 1674248  46589 276.25   12.65  11.62  12.55  12.01  73.54  66.97  66.30  69.44
  Time    User  Nice   Sys  Idle    IO  Run Ctxt/s  IRQ/s  Watts    dram   dram   dram   dram  pkg-0  pkg-1  pkg-2  pkg-3
22:28:21  10.4   0.0  18.2  71.5   0.0   27 1458238  43201 275.54   12.58  11.43  12.40  12.03  73.01  67.48  66.10  68.95
22:28:22   9.6   0.0  17.8  72.5   0.0   20 1212243  38524 274.25   12.26  11.62  12.39  12.12  72.36  67.39  66.27  68.23
22:28:23  10.1   0.0  15.2  74.6   0.0   26 1299069  42525 276.09   12.17  11.64  12.18  12.06  73.72  67.33  66.47  68.57
22:28:24   9.7   0.0  15.0  75.3   0.0   20 1395460  41202 275.49   12.22  11.97  12.13  11.99  73.73  67.49  66.17  68.09
22:28:25   9.3   0.0  17.3  73.3   0.0   25 1123112  37325 272.71   12.30  11.96  12.09  11.98  72.38  67.58  64.33  68.43
22:28:26   9.8   0.0  16.9  73.3   0.0   21 1065029  57146 272.79   12.12  12.00  12.09  11.83  72.11  68.57  64.35  67.77
22:28:27   9.3   0.0  16.2  74.6   0.0   21 1204967 120860 274.33   12.14  11.94  12.13  12.04  72.54  68.63  65.45  67.71
22:28:28   9.4   0.0  16.1  74.4   0.0   39 1081691  60625 274.08   12.11  12.05  12.00  12.01  72.10  68.91  65.41  67.66
22:28:29   9.3   0.0  14.1  76.6   0.0   20 1380730  41401 275.57   12.19  12.09  12.10  12.03  72.92  68.63  66.27  67.75
22:28:30  10.1   0.0  17.2  72.7   0.0   26 1493688  38813 274.82   12.22  12.08  12.06  11.87  72.54  69.17  65.35  67.76
22:28:31  10.3   0.0  18.3  71.3   0.0   21 1587322  43884 275.98   12.33  12.01  12.36  11.91  72.78  69.26  65.62  68.31
22:28:32   9.9   0.0  17.7  72.4   0.0   28 1363196  45858 274.81   12.37  11.90  12.61  12.08  72.28  68.16  65.69  68.69
22:28:33   9.6   0.0  17.2  73.2   0.0   18 1203771  43145 274.86   12.20  11.58  12.63  12.14  72.09  67.55  66.35  68.87
22:28:34  10.3   0.0  17.9  71.8   0.0   17 1431401  42339 275.81   12.28  11.77  12.43  12.16  72.29  67.66  66.47  69.39
22:28:35  10.7   0.0  18.7  70.6   0.0   25 1520970  39305 275.51   12.30  11.79  12.22  11.97  72.35  68.81  65.38  68.97
22:28:36   9.8   0.0  17.8  72.4   0.0   18 1381727  38595 274.14   12.34  11.85  12.16  12.03  72.72  68.90  64.45  68.07
-------- ----- ----- ----- ----- ----- ---- ------ ------ ------  ------ ------ ------ ------ ------ ------ ------ ------
 Average   9.8   0.0  17.1  73.1   0.0 23.9 1413799.5 48855.0 274.95   12.41  11.68  12.28  12.06  72.56  67.67  66.07  68.64
  StdDev   0.6   0.0   1.4   1.9   0.0  5.6 200807.2 18354.4   1.03    0.20   0.19   0.21   0.09   0.63   0.75   0.89   0.64
-------- ----- ----- ----- ----- ----- ---- ------ ------ ------  ------ ------ ------ ------ ------ ------ ------ ------
 Minimum   8.1   0.0  14.1  66.9   0.0 14.0 1065029.0 36045.0 272.59   12.11  11.38  12.00  11.83  71.45  66.01  64.20  67.18
 Maximum  11.6   0.0  21.5  77.5   0.0 41.0 1998697.0 124604.0 276.79   12.96  12.09  12.96  12.31  73.99  69.29  68.30  70.23
-------- ----- ----- ----- ----- ----- ---- ------ ------ ------  ------ ------ ------ ------ ------ ------ ------ ------
Summary:
CPU: 274.95 Watts on average with standard deviation 1.03  
Note: power read from RAPL domains: dram, dram, dram, dram, package-0, package-1, package-2, package-3.
These readings do not cover all the hardware in this device.

Histogram (of 60 power measurements)

  Range (Watts)   Count
272.589 - 273.009     3 #############
273.010 - 273.429     1 ####
273.430 - 273.849     5 ######################
273.850 - 274.270     7 ###############################
274.271 - 274.690     9 ########################################
274.691 - 275.110     9 ########################################
275.111 - 275.530     8 ###################################
275.531 - 275.951     7 ###############################
275.952 - 276.371     4 #################
276.372 - 276.791     7 ###############################

Histogram (of 60 CPU utilization measurements)

 Range (%CPU)   Count
22.515 - 23.569     5 ###############
23.570 - 24.625     2 ######
24.626 - 25.680     9 ###########################
25.681 - 26.736    12 ####################################
26.737 - 27.791    12 ####################################
27.792 - 28.847    13 ########################################
28.848 - 29.902     6 ##################
29.903 - 30.958     0 
30.959 - 32.013     0 
32.014 - 33.069     1 ###

