fnl@fnl-one:~$ powerstat -RDH
Running for 60.0 seconds (60 samples at 1.0 second intervals).
Power measurements will start in 0 seconds time.

  Time    User  Nice   Sys  Idle    IO  Run Ctxt/s  IRQ/s  Watts    dram   dram   dram   dram  pkg-0  pkg-1  pkg-2  pkg-3
22:48:25  17.0   0.0  31.2  51.8   0.0   45 883247  81375 241.26   12.51  11.90  12.40  12.01  72.89  63.22  53.61  51.54
22:48:26   0.2   0.0   0.3  99.5   0.0   27 643076  79082 240.32   12.60  11.95  12.41  12.06  72.77  62.54  53.50  51.50
22:48:27  17.7   0.0  31.7  50.5   0.0   20 640101  81999 239.64   12.65  11.96  12.46  12.05  72.93  61.53  53.59  51.59
22:48:28  17.7   0.0  33.8  48.5   0.0   20 635480  83243 240.00   12.69  12.08  12.31  11.98  73.09  61.70  53.67  51.55
22:48:29  17.5   0.0  33.5  49.1   0.0   24 624988  87033 239.44   12.67  12.00  12.27  12.02  72.91  61.57  53.41  51.54
22:48:30  34.5   0.0  65.5   0.0   0.0   29 646413 112283 240.87   12.71  12.16  12.44  12.01  73.02  62.65  53.58  51.63
22:48:31  17.5   0.0  32.6  50.0   0.0   26 709080 134577 241.94   12.73  12.11  12.36  12.03  73.25  63.58  53.56  51.55
22:48:32   0.2   0.0   0.3  99.5   0.0   27 563134 105566 240.12   12.65  11.97  12.30  12.01  72.66  62.61  53.33  51.53
22:48:33  17.5   0.0  32.2  50.3   0.0   21 580842  86458 239.35   12.56  12.10  12.23  12.04  72.67  61.68  53.43  51.57
22:48:34  18.2   0.0  33.0  48.8   0.0   50 584969  90700 239.77   12.66  12.13  12.32  11.98  72.94  61.83  53.47  51.53
22:48:35  18.3   0.0  34.1  47.7   0.0   26 611495  91111 239.93   12.61  12.08  12.41  11.96  73.00  61.74  53.60  51.60
22:48:36  17.8   0.0  33.1  49.1   0.0   19 614625  85350 239.35   12.57  12.10  12.28  12.07  72.73  61.56  53.50  51.56
22:48:37  18.6   0.0  33.3  48.0   0.1   31 593640  91126 240.10   12.75  12.07  12.30  12.02  73.12  61.72  53.68  51.58
22:48:38  33.9   0.0  66.1   0.0   0.0   44 736754  92455 241.26   12.68  11.98  12.35  12.04  72.98  63.05  53.64  51.60
22:48:39  16.6   0.0  31.6  51.8   0.0   33 744236  80284 240.91   12.54  11.81  12.32  12.05  72.60  63.15  53.62  51.53
22:48:40  17.1   0.0  32.5  50.4   0.0   16 843128  89043 241.70   12.73  12.02  12.33  12.05  72.91  63.64  53.56  51.60
22:48:41  17.2   0.0  31.2  51.6   0.0   49 804024  83153 241.35   12.68  12.00  12.35  11.99  72.74  63.34  53.65  51.63
22:48:42  17.1   0.0  31.2  51.7   0.0   29 751189  74510 240.82   12.64  11.90  12.39  12.00  72.56  63.16  53.57  51.54
22:48:43  16.3   0.0  31.8  51.9   0.0   32 739666  82798 281.32   14.75  13.95  14.33  14.07  84.94  73.75  62.49  60.14
22:48:44   0.2   0.0   0.3  99.5   0.0   23 631364  81751 199.84   10.52   9.98  10.29  10.04  60.50  51.70  44.61  43.02
22:48:45  34.4   0.0  65.6   0.0   0.0   39 707480  78637 239.98   12.63  11.92  12.38  12.00  72.59  62.31  53.66  51.43
22:48:46  18.4   0.0  31.3  50.2   0.0   19 946727  69198 242.52   12.75  12.10  12.32  11.96  73.06  64.40  53.52  51.54
  Time    User  Nice   Sys  Idle    IO  Run Ctxt/s  IRQ/s  Watts    dram   dram   dram   dram  pkg-0  pkg-1  pkg-2  pkg-3
22:48:47  17.4   0.0  31.4  51.3   0.0   29 899391  66883 241.34   12.65  11.93  12.32  12.03  72.79  63.83  53.14  51.58
22:48:48  16.8   0.0  31.1  52.1   0.0   46 905404  64051 241.39   12.64  11.91  12.30  12.09  72.75  63.89  53.15  51.60
22:48:49  16.9   0.0  32.2  50.9   0.0   20 925237  70130 241.67   12.69  11.96  12.28  12.02  72.83  63.94  53.28  51.61
22:48:50  16.7   0.0  32.1  51.2   0.0   13 929909  69355 241.62   12.62  11.95  12.20  12.02  72.80  64.17  53.08  51.57
22:48:51  16.0   0.0  31.5  52.5   0.0   28 871224  64769 241.24   12.57  11.88  12.14  11.94  72.62  63.82  53.20  51.60
22:48:52  34.4   0.0  65.6   0.0   0.0   19 908334  64587 270.18   14.09  13.25  13.71  13.44  81.27  71.57  59.75  57.60
22:48:53  34.2   0.0  65.8   0.0   0.0   32 955377  68200 215.01   11.20  10.54  10.81  10.59  64.28  58.11  47.12  45.50
22:48:54  16.5   0.0  29.6  53.9   0.0   15 926448  58258 242.81   12.54  11.84  12.21  11.96  72.62  65.37  53.22  51.60
22:48:55  16.6   0.0  30.5  52.9   0.0   14 1011680  66804 243.66   12.77  11.92  12.33  11.99  73.11  65.66  53.34  51.55
22:48:56  15.1   0.0  29.8  55.1   0.0   30 940002  59544 242.94   12.58  11.95  12.28  12.06  72.70  65.34  53.30  51.59
22:48:57  16.1   0.0  31.3  52.6   0.0   34 1020481  73544 244.10   12.61  11.98  12.30  12.02  73.04  66.19  53.36  51.51
22:48:58  15.9   0.0  30.8  53.3   0.0   19 956712  66651 242.98   12.67  11.86  12.29  12.03  72.77  65.46  53.19  51.57
22:48:59   0.2   0.0   0.3  99.5   0.0   26 818554  72748 242.38   12.51  11.81  12.27  12.03  72.79  64.65  53.34  51.60
22:49:00  33.1   0.0  66.9   0.0   0.0   31 855318  74122 242.22   12.56  11.85  12.20  11.94  72.74  64.47  53.44  51.57
22:49:01  15.6   0.0  30.4  54.1   0.0   23 939268  78222 243.59   12.53  11.85  12.31  11.96  72.70  65.75  53.61  51.53
22:49:02  15.5   0.0  29.9  54.6   0.0   51 979984  82216 243.53   12.53  11.95  12.35  12.06  72.86  65.66  53.44  51.57
22:49:03  15.8   0.0  29.5  54.7   0.0   17 907051  73325 243.12   12.54  11.89  12.27  12.05  72.75  65.26  53.51  51.60
22:49:04  16.2   0.0  29.2  54.6   0.0   26 964562  76706 340.82   17.66  16.70  17.22  16.83 102.01  91.53  74.90  72.37
22:49:05   0.1   0.0   0.3  99.5   0.0   24 751168  69427 143.09    7.45   6.96   7.28   7.12  42.88  38.02  31.69  30.50
22:49:06  17.0   0.0  31.4  51.6   0.0   18 802876  73599 241.81   12.59  11.86  12.26  11.97  72.73  63.92  53.53  51.63
22:49:07  16.8   0.0  32.1  51.1   0.0   18 842790  78951 242.00   12.58  11.95  12.32  12.02  72.84  63.94  53.67  51.55
22:49:08  34.5   0.0  65.5   0.0   0.0   18 838685  71965 242.86   12.61  11.91  12.33  11.96  72.83  65.05  53.51  51.48
  Time    User  Nice   Sys  Idle    IO  Run Ctxt/s  IRQ/s  Watts    dram   dram   dram   dram  pkg-0  pkg-1  pkg-2  pkg-3
22:49:09  16.3   0.0  29.9  53.8   0.0   19 853507  82108 243.65   12.69  11.95  12.40  11.99  72.92  65.57  53.62  51.54
22:49:10  15.9   0.0  31.8  52.3   0.0   18 930987  84905 243.67   12.75  11.95  12.39  11.92  72.89  65.79  53.44  51.55
22:49:11  16.7   0.0  30.9  52.4   0.0   19 877786  82643 243.43   12.67  11.97  12.39  12.05  72.89  65.71  53.32  51.51
22:49:12  15.8   0.0  30.3  53.9   0.0   28 889220  80114 242.62   12.62  11.93  12.37  11.96  72.79  65.27  53.15  51.42
22:49:13  17.8   0.0  31.0  51.2   0.0   37 968503 107850 280.92   14.80  13.87  14.19  13.76  83.87  76.01  61.80  59.24
22:49:14   0.2   0.0   0.3  99.5   0.0   22 774485 114751 205.88   10.69  10.22  10.51  10.20  61.91  54.60  45.44  43.93
22:49:15  34.4   0.0  65.6   0.0   0.0   28 760197 112097 242.24   12.61  11.92  12.25  11.95  72.74  64.53  53.40  51.57
22:49:16  17.6   0.0  31.8  50.6   0.0   42 919559  93329 244.56   12.85  12.02  12.43  11.93  73.13  66.10  53.78  51.56
22:49:17  16.7   0.0  29.9  53.4   0.0   32 862867  80916 243.93   12.70  11.95  12.42  12.02  72.83  65.92  53.62  51.57
22:49:18  17.3   0.0  30.3  52.4   0.0   24 897939  81275 244.33   12.85  12.00  12.32  12.05  73.15  66.15  53.44  51.59
22:49:19  16.1   0.0  29.5  54.3   0.0   18 775624  70823 243.31   12.64  11.86  12.29  12.07  72.79  65.57  53.51  51.44
22:49:20  16.1   0.0  29.5  54.4   0.0   30 820139  76580 243.05   12.60  11.89  12.35  12.06  72.83  65.49  53.16  51.56
22:49:21  15.0   0.0  27.1  58.0   0.0   12 872299  73416 242.57   12.69  11.76  12.23  12.10  72.79  64.95  53.23  51.60
22:49:22  34.7   0.0  65.3   0.0   0.0   21 897369  64235 242.33   12.53  11.63  12.41  12.21  72.47  65.26  53.16  51.44
22:49:23  13.0   0.0  23.0  64.0   0.0   20 905630  64337 243.61   12.52  11.60  12.39  12.05  72.56  66.24  53.29  51.52
22:49:24  13.2   0.0  24.7  62.1   0.0   16 1043518  70606 244.95   12.66  11.72  12.45  12.13  72.84  67.02  53.59  51.49
-------- ----- ----- ----- ----- ----- ---- ------ ------ ------  ------ ------ ------ ------ ------ ------ ------ ------
 Average  17.6   0.0  33.1  49.3   0.0 26.4 820595.7 80429.6 242.02   12.64  11.94  12.32  12.02  72.82  64.20  53.45  51.55
  StdDev   8.6   0.0  16.6  25.1   0.0  9.5 128049.8 14387.1  21.34    1.11   1.05   1.07   1.05   6.37   5.95   4.67   4.50
-------- ----- ----- ----- ----- ----- ---- ------ ------ ------  ------ ------ ------ ------ ------ ------ ------ ------
 Minimum   0.1   0.0   0.3   0.0   0.0 12.0 563134.0 58258.0 143.09    7.45   6.96   7.28   7.12  42.88  38.02  31.69  30.50
 Maximum  34.7   0.0  66.9  99.5   0.1 51.0 1043518.0 134577.0 340.82   17.66  16.70  17.22  16.83 102.01  91.53  74.90  72.37
-------- ----- ----- ----- ----- ----- ---- ------ ------ ------  ------ ------ ------ ------ ------ ------ ------ ------
Summary:
CPU: 242.02 Watts on average with standard deviation 21.34 
Note: power read from RAPL domains: dram, dram, dram, dram, package-0, package-1, package-2, package-3.
These readings do not cover all the hardware in this device.

Histogram (of 60 power measurements)

  Range (Watts)   Count
143.091 - 162.864     1 #
162.865 - 182.637     0 
182.638 - 202.410     1 #
202.411 - 222.184     2 ##
222.185 - 241.957    25 #####################################
241.958 - 261.730    27 ########################################
261.731 - 281.504     3 ####
281.505 - 301.277     0 
301.278 - 321.050     0 
321.051 - 340.824     1 #

Histogram (of 60 CPU utilization measurements)

  Range (%CPU)    Count
  0.455 -  10.408     6 ######
 10.409 -  20.363     0 
 20.364 -  30.317     0 
 30.318 -  40.272     2 ##
 40.273 -  50.226    37 ########################################
 50.227 -  60.181     6 ######
 60.182 -  70.135     0 
 70.136 -  80.090     0 
 80.091 -  90.045     0 
 90.046 -  99.999     9 #########

