Running for 60.0 seconds (60 samples at 1.0 second intervals).
Power measurements will start in 0 seconds time.

  Time    User  Nice   Sys  Idle    IO  Run Ctxt/s  IRQ/s Fork Exec Exit  Watts    dram   dram   dram   dram  pkg-0  pkg-1  pkg-2  pkg-3
10:12:33   0.5   0.0   0.1  99.4   0.0    1    983    554    0    0    0 256.90   12.00  11.96  11.99  11.98  68.93  63.65  62.32  62.00
10:12:34   0.3   0.0   0.2  99.5   0.0    1   1078    526    0    0    0 256.96   12.02  12.03  11.95  11.97  68.95  63.66  62.29  62.06
10:12:35   0.2   0.0   0.1  99.7   0.0    1    668    478    0    0    2 256.65   11.98  11.98  12.02  12.02  68.87  63.64  62.09  62.06
10:12:36   0.3   0.0   0.1  99.6   0.0    1    910    471    0    0    0 256.97   11.96  11.99  11.91  11.88  69.02  63.77  62.00  62.18
10:12:37   0.3   0.0   0.1  99.6   0.0    1    959    416    0    0    0 256.99   12.01  12.03  11.99  12.01  68.95  63.92  62.06  62.06
10:12:38   0.2   0.0   0.1  99.7   0.0    1    516    448    0    0    0 256.96   12.06  12.02  11.99  11.96  69.02  63.82  62.06  62.06
10:12:39   0.3   0.0   0.1  99.6   0.0    1    979    441    0    0    0 256.49   11.95  11.98  11.98  11.93  68.51  63.93  61.99  62.06
10:12:40   0.4   0.0   0.2  99.4   0.0    1   1000    549    0    0    0 256.71   12.00  11.98  12.02  11.98  69.02  63.43  62.06  62.20
10:12:41   0.2   0.0   0.1  99.7   0.0    1    523    376    0    0    0 256.44   11.96  11.95  12.08  12.00  68.95  63.28  62.06  62.16
10:12:42   0.2   0.0   0.1  99.7   0.0    1    552    434    0    0    0 256.93   11.97  12.06  12.02  12.02  69.02  63.75  62.00  62.16
10:12:43   0.0   0.0   0.0 100.0   0.0    1    165    386    1    0    0 256.13   11.95  12.00  12.00  11.95  68.37  63.71  62.06  61.99
10:12:44   0.0   0.0   0.0 100.0   0.0    1    175    400    0    0    0 256.75   11.94  11.95  12.00  11.98  68.95  63.67  62.06  62.07
10:12:45   0.0   0.0   0.0 100.0   0.0    1     62    356    0    0    0 256.67   11.98  12.01  11.86  12.01  69.02  63.59  62.00  62.05
10:12:46   0.0   0.0   0.0 100.0   0.0    1     81    397    0    0    0 256.53   11.97  11.98  11.97  11.95  69.01  63.47  62.05  61.99
10:12:47   0.0   0.0   0.0 100.0   0.0    1    144    364    0    0    0 256.57   12.01  12.00  11.95  11.91  68.77  63.68  62.05  62.06
10:12:48   0.0   0.0   0.0 100.0   0.0    1     58    439    0    0    0 256.68   11.98  11.97  11.94  12.00  69.02  63.61  61.99  62.05
10:12:49   0.0   0.0   0.0 100.0   0.0    1     60    322    0    0    0 256.87   11.96  11.97  12.00  11.98  69.03  63.79  62.06  62.00
10:12:50   0.0   0.0   0.0  99.9   0.1    1     82    404    0    0    0 256.86   11.97  11.97  11.96  12.02  68.95  63.79  62.06  62.06
10:12:51   0.0   0.0   0.0 100.0   0.0    1    159    368    0    0    0 256.75   12.01  11.97  11.96  12.01  68.95  63.69  62.06  62.05
10:12:52   0.0   0.0   0.0 100.0   0.0    1     60    381    0    0    0 256.65   11.97  11.91  12.01  12.00  69.02  63.63  62.00  62.00
10:12:53   0.0   0.0   0.0 100.0   0.0    1     54    334    0    0    0 256.69   12.00  11.89  11.97  11.98  69.01  63.56  62.06  62.06
10:12:54   0.1   0.0   0.1  99.9   0.0    1    117    423    0    0    0 256.52   12.00  12.02  11.94  11.98  68.94  63.45  62.05  62.07
  Time    User  Nice   Sys  Idle    IO  Run Ctxt/s  IRQ/s Fork Exec Exit  Watts    dram   dram   dram   dram  pkg-0  pkg-1  pkg-2  pkg-3
10:12:55   0.0   0.0   0.0 100.0   0.0    1    146    412    0    0    0 256.49   11.98  12.02  12.02  11.93  68.99  63.45  62.00  62.06
10:12:56   0.0   0.0   0.0 100.0   0.0    1     60    438    0    0    0 256.75   11.98  12.00  11.96  12.00  69.02  63.68  62.06  61.99
10:12:57   0.0   0.0   0.0 100.0   0.0    1     56    320    0    0    0 256.70   11.97  11.96  12.00  12.02  68.95  63.63  62.06  62.06
10:12:58   0.0   0.0   0.0 100.0   0.0    1     70    394    0    0    0 256.48   11.97  11.98  12.00  11.99  69.02  63.42  61.99  62.06
10:12:59   0.0   0.0   0.0 100.0   0.0    1    145    362    0    0    0 256.28   11.97  12.04  11.98  11.98  68.80  63.43  62.06  62.00
10:13:00   0.4   0.0   0.1  99.5   0.0    1    943    466    0    0    0 256.76   11.96  12.03  11.95  12.04  68.95  63.47  62.06  62.29
10:13:01   0.0   0.0   0.0 100.0   0.0    1     58    321    0    0    0 256.75   12.02  12.02  12.02  11.95  69.02  63.68  62.00  62.06
10:13:02   0.0   0.0   0.0 100.0   0.0    1     91    391    0    0    0 256.68   12.06  12.01  12.03  11.93  69.02  63.61  62.06  61.99
10:13:03   0.0   0.0   0.0 100.0   0.0    1    142    384    0    0    0 256.40   12.00  12.01  11.94  11.86  68.88  63.41  62.06  62.06
10:13:04   0.0   0.0   0.1  99.9   0.0    1    169    456    0    0    0 255.61   12.04  12.01  12.02  12.00  69.02  62.47  62.05  62.06
10:13:05   0.0   0.0   0.0 100.0   0.0    1     65    364    0    0    0 256.43   11.98  11.97  11.92  11.97  69.02  63.41  62.00  62.00
10:13:06   0.0   0.0   0.0 100.0   0.0    1     84    397    0    0    0 255.80   12.02  12.00  12.00  11.99  68.95  62.75  62.06  62.05
10:13:07   0.0   0.0   0.0 100.0   0.0    1    163    467    1    0    0 255.94   12.05  12.01  11.97  11.93  68.46  63.37  62.06  62.06
10:13:08   0.0   0.0   0.0 100.0   0.0    1     66    387    0    0    0 256.29   12.00  12.00  12.00  12.03  69.02  63.29  61.99  62.00
10:13:09   0.0   0.0   0.0 100.0   0.0    1     50    319    0    0    0 256.76   11.98  12.01  12.01  12.04  68.95  63.70  62.05  62.06
10:13:10   0.0   0.0   0.0 100.0   0.0    1     71    396    0    0    0 256.81   11.98  11.97  12.00  11.98  69.01  63.69  62.06  62.06
10:13:11   0.0   0.0   0.0 100.0   0.0    1    140    365    0    0    0 256.42   11.96  12.03  12.00  11.98  68.77  63.59  61.99  62.06
10:13:12   0.0   0.0   0.0 100.0   0.0    1     52    427    0    0    0 255.92   11.92  11.95  12.03  11.96  68.96  62.90  62.06  62.00
10:13:13   0.0   0.0   0.0 100.0   0.0    1     59    332    0    0    0 256.93   12.01  11.98  11.97  11.98  69.02  63.78  62.06  62.07
10:13:14   0.0   0.0   0.0 100.0   0.0    1     88    396    0    0    0 256.80   11.91  12.01  11.97  11.94  69.02  63.72  61.99  62.08
10:13:15   0.0   0.0   0.0 100.0   0.0    1    147    398    0    0    0 256.65   11.98  12.02  11.96  12.01  68.79  63.80  62.05  62.00
10:13:16   0.0   0.0   0.0 100.0   0.0    1     52    385    0    0    0 256.78   11.98  12.01  12.03  12.01  69.02  63.64  62.06  62.06
  Time    User  Nice   Sys  Idle    IO  Run Ctxt/s  IRQ/s Fork Exec Exit  Watts    dram   dram   dram   dram  pkg-0  pkg-1  pkg-2  pkg-3
10:13:17   0.0   0.0   0.0 100.0   0.0    1     50    320    0    0    0 256.61   11.97  11.98  11.92  11.93  69.01  63.61  61.99  62.00
10:13:18   0.0   0.0   0.0 100.0   0.0    1     74    393    0    0    0 255.96   11.95  11.98  11.98  11.98  69.02  62.83  62.06  62.05
10:13:19   0.0   0.0   0.0 100.0   0.0    1    164    364    0    0    0 256.52   12.02  11.92  11.94  11.95  68.85  63.55  62.05  62.06
10:13:20   0.0   0.0   0.0 100.0   0.0    1     50    387    0    0    0 256.72   12.00  11.88  11.96  12.01  69.01  63.60  62.05  62.06
10:13:21   0.0   0.0   0.0 100.0   0.0    1     95    379    0    0    0 256.70   12.00  11.98  12.01  11.96  69.02  63.69  62.00  61.99
10:13:22   0.0   0.0   0.0 100.0   0.0    1     64    382    0    0    0 256.47   11.97  12.02  12.05  12.00  68.95  63.41  62.06  62.06
10:13:23   0.0   0.0   0.0 100.0   0.0    1    153    378    0    0    0 256.47   11.98  11.97  11.98  11.97  68.75  63.61  62.06  62.06
10:13:24   0.0   0.0   0.0 100.0   0.0    1     68    390    0    0    0 256.75   12.03  11.98  11.97  11.97  69.01  63.73  61.99  62.01
10:13:25   0.0   0.0   0.0 100.0   0.0    1     54    354    0    0    0 256.99   11.97  12.02  12.03  11.95  68.95  63.77  62.06  62.20
10:13:26   0.0   0.0   0.0 100.0   0.0    1     71    393    0    0    0 257.43   11.96  12.03  11.97  11.96  69.02  63.80  62.05  62.56
10:13:27   0.0   0.0   0.0 100.0   0.0    1    140    366    0    0    0 256.43   12.02  11.92  12.00  12.03  68.77  63.66  61.99  62.00
10:13:28   0.0   0.0   0.0 100.0   0.0    1     60    390    0    0    1 256.73   12.01  12.01  11.92  12.01  69.01  63.62  62.05  62.05
10:13:29   0.0   0.0   0.0 100.0   0.0    1     67    371    0    0    0 256.87   11.98  11.94  12.02  11.93  68.96  63.80  62.06  62.06
10:13:30   0.0   0.0   0.0 100.0   0.0    1     68    396    0    0    0 256.85   12.01  11.94  11.97  11.96  69.02  63.78  62.06  62.00
10:13:31   0.0   0.0   0.0 100.0   0.0    1    138    364    0    0    0 256.50   12.02  11.97  11.97  11.98  68.73  63.72  62.00  62.05
10:13:32   0.0   0.0   0.0 100.0   0.0    1     57    375    0    0    0 256.78   12.01  12.02  12.05  12.04  69.02  63.64  62.06  62.06
-------- ----- ----- ----- ----- ----- ---- ------ ------ ---- ---- ---- ------  ------ ------ ------ ------ ------ ------ ------ ------
 Average   0.1   0.0   0.0  99.9   0.0  1.0  227.9  397.4  0.0  0.0  0.1 256.61   11.99  11.99  11.98  11.98  68.93  63.57  62.05  62.06
  StdDev   0.1   0.0   0.0   0.2   0.0  0.0  300.2   50.7  0.2  0.0  0.3   0.32    0.03   0.04   0.04   0.04   0.14   0.27   0.06   0.09
-------- ----- ----- ----- ----- ----- ---- ------ ------ ---- ---- ---- ------  ------ ------ ------ ------ ------ ------ ------ ------
 Minimum   0.0   0.0   0.0  99.4   0.0  1.0   50.0  319.0  0.0  0.0  0.0 255.61   11.91  11.88  11.86  11.86  68.37  62.47  61.99  61.99
 Maximum   0.5   0.0   0.2 100.0   0.1  1.0 1078.0  554.0  1.0  0.0  2.0 257.43   12.06  12.06  12.08  12.04  69.03  63.93  62.32  62.56
-------- ----- ----- ----- ----- ----- ---- ------ ------ ---- ---- ---- ------  ------ ------ ------ ------ ------ ------ ------ ------
Summary:
CPU: 256.61 Watts on average with standard deviation 0.32  
Note: power read from RAPL domains: dram, dram, dram, dram, package-0, package-1, package-2, package-3.
These readings do not cover all the hardware in this device.

Histogram (of 60 power measurements)

  Range (Watts)   Count
255.608 - 255.790     1 ##
255.791 - 255.972     4 ########
255.973 - 256.155     1 ##
256.156 - 256.337     2 ####
256.338 - 256.519    12 ########################
256.520 - 256.702    11 ######################
256.703 - 256.884    20 ########################################
256.885 - 257.067     8 ################
257.068 - 257.249     0 
257.250 - 257.431     1 ##

Histogram (of 60 CPU utilization measurements)

Range (%CPU)  Count
0.000 - 0.057    46 ########################################
0.058 - 0.115     2 #
0.116 - 0.173     1 
0.174 - 0.231     0 
0.232 - 0.289     3 ##
0.290 - 0.347     1 
0.348 - 0.405     0 
0.406 - 0.463     4 ###
0.464 - 0.521     1 
0.522 - 0.579     2 #
