Running for 60.0 seconds (60 samples at 1.0 second intervals).
Power measurements will start in 0 seconds time.

  Time    User  Nice   Sys  Idle    IO  Run Ctxt/s  IRQ/s Fork Exec Exit  Watts    dram   dram   dram   dram  pkg-0  pkg-1  pkg-2  pkg-3
10:13:33  52.4   0.0   0.1  47.5   0.0   27    953   7438    0    0    0 263.29   11.98  12.04  11.97  12.02  70.73  64.73  63.80  64.02
10:13:34  52.2   0.0   0.1  47.7   0.0   27    654   7307    0    0    0 262.96   12.04  12.00  12.01  11.97  70.68  64.67  63.75  63.87
10:13:35  52.4   0.0   0.1  47.6   0.0   27    897   7206    0    0    0 263.08   12.00  12.00  12.05  11.99  70.70  64.57  63.80  64.02
10:13:36  52.3   0.0   0.2  47.5   0.0   27    996   7677    0    0    0 262.96   11.99  11.97  11.98  12.00  70.76  64.38  63.81  64.02
10:13:37  52.2   0.0   0.1  47.7   0.0   27    513   7204    0    0    0 262.45   11.99  12.04  11.99  11.95  70.68  64.16  63.76  63.85
10:13:38  52.4   0.0   0.1  47.5   0.0   27    915   7259    0    0    0 263.73   11.96  11.99  12.01  11.92  70.74  65.27  63.81  63.91
10:13:39  52.3   0.0   0.2  47.5   0.0   27    932   7193    0    0    0 262.77   11.96  11.97  11.97  11.98  70.74  64.35  63.94  63.74
10:13:40  52.2   0.0   0.1  47.7   0.0   27    494   7210    0    0    0 263.48   12.02  12.06  12.01  12.02  70.68  65.09  63.91  63.80
10:13:41  52.3   0.0   0.2  47.5   0.0   27    830   7177    0    0    0 263.07   12.00  11.97  11.99  11.94  70.74  64.62  63.90  63.80
10:13:42  52.4   0.0   0.1  47.6   0.0   29    829   7252    0    0    0 263.12   12.00  12.00  11.95  11.89  70.75  64.84  63.80  63.74
10:13:43  52.2   0.0   0.1  47.8   0.0   27    467   7151    0    0    0 263.20   12.01  12.01  12.01  11.93  70.60  65.06  63.74  63.81
10:13:44  52.0   0.0   0.0  47.9   0.0   27    150   7206    0    0    0 262.69   11.96  11.95  11.96  11.89  70.74  64.35  63.80  63.80
10:13:45  52.0   0.0   0.0  48.0   0.0   27     76   7100    0    0    0 262.08   12.00  11.97  11.94  11.75  70.74  63.80  63.80  63.74
10:13:46  52.0   0.0   0.0  48.0   0.0   27    182   7227    1    0    0 262.04   11.97  11.97  11.98  11.72  70.66  63.84  63.74  63.80
10:13:47  52.0   0.0   0.0  48.0   0.0   27    121   7037    0    0    0 263.12   11.98  11.97  11.96  11.77  70.75  64.77  63.80  63.80
10:13:48  52.0   0.0   0.0  48.0   0.0   27    112   7222    0    0    0 263.42   12.02  12.01  11.97  11.65  70.75  65.07  63.80  63.80
10:13:49  52.0   0.0   0.0  48.0   0.0   27    124   7040    1    0    0 263.48   12.02  12.02  12.03  11.78  70.67  65.33  63.74  63.74
10:13:50  52.0   0.0   0.0  48.0   0.0   27    149   7230    0    0    0 262.88   11.96  11.94  12.00  11.92  70.74  64.54  63.80  63.80
10:13:51  52.0   0.0   0.0  48.0   0.0   27    144   7042    0    0    0 262.11   12.02  11.98  11.99  11.93  70.69  63.82  63.80  63.81
10:13:52  52.0   0.0   0.0  48.0   0.0   27     85   7216    0    0    0 262.71   11.97  11.97  12.00  12.02  70.74  64.43  63.81  63.74
10:13:53  52.0   0.0   0.0  48.0   0.0   27     71   7068    0    0    0 262.28   11.98  12.07  12.01  11.97  70.65  64.08  63.74  63.81
10:13:54  52.0   0.0   0.0  48.0   0.0   27    209   7282    0    0    0 263.22   11.96  11.95  11.97  11.93  70.73  64.89  63.80  63.80
  Time    User  Nice   Sys  Idle    IO  Run Ctxt/s  IRQ/s Fork Exec Exit  Watts    dram   dram   dram   dram  pkg-0  pkg-1  pkg-2  pkg-3
10:13:55  52.0   0.0   0.0  48.0   0.0   27    108   7060    0    0    0 263.01   12.02  12.02  11.97  11.95  70.72  64.76  63.80  63.74
10:13:56  52.0   0.0   0.0  48.0   0.0   27     89   7201    0    0    0 263.18   11.96  12.04  11.96  11.99  70.60  65.04  63.74  63.80
10:13:57  52.0   0.0   0.0  48.0   0.0   27     70   7024    0    0    0 262.87   12.03  11.88  12.02  11.94  70.74  64.52  63.81  63.80
10:13:58  52.0   0.0   0.0  48.0   0.0   27    145   7221    0    0    0 263.62   12.01  12.01  12.02  12.01  70.67  65.41  63.80  63.74
10:13:59  52.0   0.0   0.0  48.0   0.0   27    110   7027    0    0    0 263.50   12.01  11.97  11.95  12.04  70.67  65.29  63.73  63.81
10:14:00  52.4   0.0   0.1  47.5   0.0   27    961   7302    0    0    0 263.16   11.97  11.97  11.92  11.99  70.72  64.66  63.78  64.00
10:14:01  52.0   0.0   0.0  48.0   0.0   27    111   7088    0    0    0 263.27   12.00  11.95  12.00  11.94  70.75  64.88  63.82  63.82
10:14:02  52.0   0.0   0.0  48.0   0.0   27    150   7230    0    0    0 262.60   11.94  12.06  11.97  12.01  70.68  64.44  63.74  63.74
10:14:03  52.0   0.0   0.0  48.0   0.0   27    106   7026    0    0    0 262.97   12.05  11.96  12.02  11.82  70.68  64.70  63.80  63.80
10:14:04  52.0   0.0   0.0  47.9   0.0   27    169   7272    0    0    1 263.05   11.91  12.00  12.02  11.91  70.71  64.73  63.80  63.81
10:14:05  52.0   0.0   0.0  48.0   0.0   27     80   7058    0    0    0 262.69   11.96  11.98  12.00  11.94  70.64  64.51  63.80  63.74
10:14:06  52.0   0.0   0.0  48.0   0.0   27    156   7215    0    0    0 262.55   12.02  11.95  12.00  11.92  70.68  64.33  63.74  63.81
10:14:07  52.0   0.0   0.0  48.0   0.0   27    108   7034    0    0    0 263.09   11.98  12.00  12.02  11.96  70.54  64.95  63.80  63.80
10:14:08  52.0   0.0   0.0  48.0   0.0   27     84   7210    0    0    0 263.54   11.97  11.92  11.97  11.88  70.61  65.38  63.80  63.74
10:14:09  52.0   0.0   0.0  48.0   0.0   27     74   7072    0    0    0 263.56   11.90  11.96  11.98  11.89  70.64  65.37  63.74  63.81
10:14:10  52.0   0.0   0.0  48.0   0.0   27    154   7227    0    0    0 263.41   12.03  11.97  11.97  11.98  70.67  65.14  63.80  63.80
10:14:11  52.0   0.0   0.0  48.0   0.0   27    117   7035    0    0    0 263.35   11.97  12.02  12.05  11.88  70.66  65.14  63.81  63.74
10:14:12  52.0   0.0   0.0  48.0   0.0   27     88   7216    0    0    0 263.03   12.01  12.00  11.96  12.02  70.57  64.91  63.73  63.82
10:14:13  52.0   0.0   0.0  48.0   0.0   27     69   7016    0    0    0 263.08   11.95  11.92  11.98  12.03  70.69  64.78  63.81  63.81
10:14:14  52.0   0.0   0.0  47.9   0.0   27    195   7276    0    0    0 263.04   12.04  12.04  12.01  11.94  70.70  64.80  63.80  63.74
10:14:15  52.0   0.0   0.0  48.0   0.0   27    118   7060    0    0    0 263.08   12.03  12.04  12.00  11.98  70.63  64.91  63.74  63.80
10:14:16  52.0   0.0   0.0  48.0   0.0   27     83   7192    0    0    0 263.54   12.01  11.92  11.94  12.01  70.72  65.22  63.80  63.80
  Time    User  Nice   Sys  Idle    IO  Run Ctxt/s  IRQ/s Fork Exec Exit  Watts    dram   dram   dram   dram  pkg-0  pkg-1  pkg-2  pkg-3
10:14:17  52.0   0.0   0.0  48.0   0.0   27     70   7023    0    0    0 263.49   11.98  12.01  11.94  11.96  70.70  65.18  63.81  63.80
10:14:18  52.0   0.0   0.0  48.0   0.0   27    148   7276    0    0    0 262.95   11.98  12.03  12.00  11.96  70.64  64.83  63.74  63.74
10:14:19  52.0   0.0   0.0  48.0   0.0   27    127   7032    0    0    0 261.96   12.01  12.00  11.98  11.97  70.56  63.80  63.80  63.81
10:14:20  52.0   0.0   0.0  48.0   0.0   27    100   7213    0    0    0 262.55   12.02  11.98  12.03  11.98  70.67  64.27  63.81  63.80
10:14:21  52.0   0.0   0.0  48.0   0.0   27    122   7039    0    0    0 262.06   11.98  11.96  11.97  11.95  70.73  63.87  63.73  63.73
10:14:22  52.0   0.0   0.0  48.0   0.0   27    147   7230    0    0    0 262.18   11.94  11.96  11.98  12.00  70.49  64.08  63.80  63.80
10:14:23  52.0   0.0   0.0  48.0   0.0   27    104   7026    0    0    0 262.18   12.01  12.01  12.02  11.93  70.59  63.98  63.80  63.80
10:14:24  52.0   0.0   0.0  47.9   0.0   27    136   7268    0    0    0 262.10   11.96  11.98  11.97  11.95  70.71  63.91  63.73  63.75
10:14:25  52.0   0.0   0.0  48.0   0.0   27     74   7050    0    0    0 261.94   12.02  12.02  11.91  11.85  70.56  63.77  63.80  63.81
10:14:26  52.0   0.0   0.0  48.0   0.0   27    158   7263    0    0    0 261.94   12.03  12.02  12.02  12.04  70.52  63.83  63.80  63.80
10:14:27  52.0   0.0   0.0  48.0   0.0   27    106   7041    0    0    0 261.94   12.00  12.01  11.95  11.91  70.49  63.85  63.80  63.80
10:14:28  52.0   0.0   0.0  48.0   0.0   27     83   7209    0    0    0 261.92   12.01  11.98  12.00  11.81  70.65  63.80  63.73  63.74
10:14:29  52.0   0.0   0.0  48.0   0.0   27     70   7026    0    0    0 262.19   12.01  12.03  11.96  11.96  70.65  63.93  63.80  63.80
10:14:30  52.0   0.0   0.0  48.0   0.0   27    145   7225    0    0    0 262.14   11.95  11.98  11.97  11.76  70.65  63.89  63.80  63.80
10:14:31  52.0   0.0   0.0  48.0   0.0   27    184   7065    0    0    1 261.77   11.97  11.88  12.03  11.75  70.40  63.89  63.74  63.74
10:14:32  52.0   0.0   0.0  48.0   0.0   27     86   7216    0    0    0 262.20   11.96  11.98  12.02  12.00  70.67  63.89  63.80  63.84
-------- ----- ----- ----- ----- ----- ---- ------ ------ ---- ---- ---- ------  ------ ------ ------ ------ ------ ------ ------ ------
 Average  52.1   0.0   0.0  47.9   0.0 27.0  251.8 7166.8  0.0  0.0  0.0 262.81   11.99  11.99  11.99  11.93  70.67  64.55  63.79  63.80
  StdDev   0.1   0.0   0.0   0.2   0.0  0.3  282.6  120.6  0.2  0.0  0.2   0.55    0.03   0.04   0.03   0.09   0.08   0.51   0.04   0.07
-------- ----- ----- ----- ----- ----- ---- ------ ------ ---- ---- ---- ------  ------ ------ ------ ------ ------ ------ ------ ------
 Minimum  52.0   0.0   0.0  47.5   0.0 27.0   69.0 7016.0  0.0  0.0  0.0 261.77   11.90  11.88  11.91  11.65  70.40  63.77  63.73  63.73
 Maximum  52.4   0.0   0.2  48.0   0.0 29.0  996.0 7677.0  1.0  0.0  1.0 263.73   12.05  12.07  12.05  12.04  70.76  65.41  63.94  64.02
-------- ----- ----- ----- ----- ----- ---- ------ ------ ---- ---- ---- ------  ------ ------ ------ ------ ------ ------ ------ ------
Summary:
CPU: 262.81 Watts on average with standard deviation 0.55  
Note: power read from RAPL domains: dram, dram, dram, dram, package-0, package-1, package-2, package-3.
These readings do not cover all the hardware in this device.

Histogram (of 60 power measurements)

  Range (Watts)   Count
261.769 - 261.964     6 ################
261.965 - 262.160     6 ################
262.161 - 262.356     5 #############
262.357 - 262.552     2 #####
262.553 - 262.748     5 #############
262.749 - 262.944     3 ########
262.945 - 263.140    15 ########################################
263.141 - 263.336     6 ################
263.337 - 263.532     7 ##################
263.533 - 263.728     5 #############

Histogram (of 60 CPU utilization measurements)

 Range (%CPU)   Count
52.010 - 52.062    48 ########################################
52.063 - 52.116     0 
52.117 - 52.169     0 
52.170 - 52.222     0 
52.223 - 52.275     1 
52.276 - 52.328     3 ##
52.329 - 52.381     0 
52.382 - 52.434     1 
52.435 - 52.487     3 ##
52.488 - 52.540     4 ###
