Running for 60.0 seconds (60 samples at 1.0 second intervals).
Power measurements will start in 0 seconds time.

  Time    User  Nice   Sys  Idle    IO  Run Ctxt/s  IRQ/s Fork Exec Exit  Watts    dram   dram   dram   dram  pkg-0  pkg-1  pkg-2  pkg-3
10:14:34  95.7   0.0   0.1   4.2   0.0   51   1133  12911    0    0    0 264.50   11.93  11.94  12.01  11.80  70.75  65.49  63.84  64.42
10:14:35  96.1   0.0   0.0   3.9   0.0   51   1115  12679    0    0    0 264.84   12.00  12.01  12.00  11.85  70.79  65.55  63.83  64.67
10:14:36  96.1   0.0   0.0   3.8   0.0   51    744  12725    0    0    0 264.39   11.91  11.98  12.01  11.91  70.79  65.47  63.85  64.28
10:14:37  95.6   0.0   0.0   4.4   0.0   51   1028  12529    0    0    0 264.13   11.95  12.04  12.00  11.85  70.73  65.54  63.75  64.11
10:14:38  95.8   0.0   0.0   4.2   0.0   51   1009  12752    0    0    0 264.56   12.00  12.04  12.01  11.71  70.80  65.53  63.90  64.33
10:14:39  96.1   0.0   0.0   3.9   0.0   51    788  12585    0    0    0 264.49   12.03  11.95  12.04  11.68  70.79  65.47  63.88  64.34
10:14:40  95.9   0.0   0.0   4.1   0.0   51    933  12753    0    0    0 264.88   11.96  12.01  11.95  11.86  70.82  65.54  63.81  64.70
10:14:41  95.7   0.0   0.0   4.2   0.0   51    945  12596    0    0    0 265.16   11.96  12.03  12.00  11.91  70.77  65.54  63.99  64.87
10:14:42  96.1   0.0   0.0   3.9   0.0   51    672  12727    0    0    0 265.12   11.99  11.95  11.98  11.87  70.80  65.47  63.86  64.99
10:14:43  95.8   0.0   0.1   4.1   0.0   51   1024  12666    0    0    0 265.23   12.02  12.04  12.01  11.88  70.88  65.53  63.94  64.86
10:14:44  95.7   0.0   0.0   4.3   0.0   51    776  12751    0    0    0 265.12   12.02  12.03  11.92  11.96  70.80  65.51  63.87  64.94
10:14:45  96.0   0.0   0.0   4.0   0.0   51    429  12587    0    0    0 265.42   11.87  12.02  11.97  11.89  70.69  65.48  64.25  65.00
10:14:46  96.0   0.0   0.0   4.0   0.0   51    432  12689    0    0    0 264.83   11.95  11.97  12.00  12.05  70.75  65.54  63.84  64.71
10:14:47  96.0   0.0   0.0   4.0   0.0   51    525  12528    0    0    0 265.16   12.01  12.01  11.96  11.88  70.75  65.54  63.79  65.08
10:14:48  96.0   0.0   0.0   4.0   0.0   51    439  12719    0    0    0 265.03   12.01  12.01  11.96  11.82  70.68  65.54  63.82  65.00
10:14:49  96.0   0.0   0.0   4.0   0.0   51    459  12557    0    0    0 265.00   12.03  12.01  12.04  11.98  70.75  65.48  63.84  64.94
10:14:50  96.0   0.0   0.0   4.0   0.0   51    430  12684    0    0    0 264.92   11.97  12.00  11.94  12.01  70.76  65.54  63.76  64.85
10:14:51  96.0   0.0   0.0   4.0   0.0   51    572  12618    0    0    0 264.87   12.06  12.00  12.01  11.89  70.76  65.48  63.81  64.82
10:14:52  96.0   0.0   0.0   4.0   0.0   51    416  12682    0    0    0 264.97   12.00  12.03  11.98  11.90  70.68  65.54  63.83  64.92
10:14:53  96.0   0.0   0.0   4.0   0.0   51    424  12568    0    0    0 264.80   11.88  12.04  11.91  11.92  70.75  65.54  63.82  64.69
10:14:54  96.0   0.0   0.0   4.0   0.0   51    485  12683    0    0    0 264.81   11.95  11.98  12.02  11.96  70.75  65.47  63.78  64.81
10:14:55  96.0   0.0   0.0   4.0   0.0   51    525  12582    0    0    0 265.12   11.91  12.03  12.00  11.90  70.68  65.54  63.82  65.08
  Time    User  Nice   Sys  Idle    IO  Run Ctxt/s  IRQ/s Fork Exec Exit  Watts    dram   dram   dram   dram  pkg-0  pkg-1  pkg-2  pkg-3
10:14:56  96.0   0.0   0.0   4.0   0.0   51    419  12700    0    0    0 264.98   12.02  11.98  11.98  11.93  70.75  65.54  63.82  64.87
10:14:57  96.0   0.0   0.0   4.0   0.0   51    424  12549    0    0    0 265.30   12.00  11.97  12.00  11.95  70.75  65.47  63.80  65.28
10:14:58  96.0   0.0   0.0   4.0   0.0   51    434  12694    0    0    0 265.35   12.00  12.03  11.99  11.78  70.76  65.54  63.81  65.25
10:14:59  96.0   0.0   0.0   4.0   0.0   51    505  12601    0    0    0 265.30   11.96  11.97  11.97  11.51  70.68  65.55  63.80  65.27
10:15:00  96.2   0.0   0.0   3.8   0.0   51   1162  12825    0    0    0 264.98   12.01  11.98  11.99  11.67  70.79  65.47  63.83  64.89
10:15:01  96.0   0.0   0.0   4.0   0.0   51    511  12627    0    0    0 264.85   11.98  11.98  12.03  11.77  70.75  65.55  63.80  64.74
10:15:02  96.0   0.0   0.0   4.0   0.0   51    440  12695    0    0    0 265.15   11.95  12.02  12.01  11.73  70.69  65.55  63.82  65.10
10:15:03  96.0   0.0   0.0   4.0   0.0   51    545  12571    0    0    0 264.74   11.98  11.98  12.00  11.68  70.75  65.47  63.93  64.58
10:15:04  96.0   0.0   0.0   4.0   0.0   51    484  12644    0    0    0 264.58   11.98  12.02  11.95  11.54  70.75  65.53  63.87  64.42
10:15:05  96.0   0.0   0.0   4.0   0.0   51    441  12685    0    0    0 264.51   12.01  12.02  12.02  11.56  70.76  65.54  63.83  64.37
10:15:06  96.0   0.0   0.0   4.0   0.0   51    438  12643    0    0    0 264.74   11.98  11.97  11.92  11.50  70.68  65.47  63.83  64.76
10:15:07  96.0   0.0   0.0   4.0   0.0   51    531  12666    0    0    0 265.07   12.01  11.98  11.97  11.61  70.82  65.54  63.75  64.96
10:15:08  96.0   0.0   0.0   4.0   0.0   51    433  12642    0    0    0 264.89   12.00  11.97  11.98  11.78  70.80  65.53  63.84  64.72
10:15:09  96.0   0.0   0.0   4.0   0.0   51    431  12607    0    0    0 265.21   11.95  12.00  12.02  11.83  70.76  65.48  64.37  64.60
10:15:10  96.0   0.0   0.0   4.0   0.0   51    440  12636    0    0    0 264.93   11.97  12.04  11.94  11.85  70.79  65.54  63.77  64.83
10:15:11  96.0   0.0   0.0   4.0   0.0   51    529  12615    0    0    0 264.69   12.04  12.02  12.03  12.00  70.75  65.55  63.84  64.56
10:15:12  96.0   0.0   0.0   4.0   0.0   51    421  12622    0    0    0 264.41   11.98  11.98  12.01  11.84  70.74  65.54  63.81  64.31
10:15:13  96.0   0.0   0.0   4.0   0.0   51    433  12613    0    0    0 264.09   11.97  12.01  12.02  11.64  70.68  65.47  63.75  64.18
10:15:14  96.0   0.0   0.0   4.0   0.0   51    492  12624    0    0    0 264.34   12.00  11.97  12.01  11.84  70.75  65.54  63.96  64.09
10:15:15  96.0   0.0   0.0   4.0   0.0   51    526  12712    0    0    0 264.15   11.92  12.03  11.99  11.69  70.76  65.54  63.84  64.02
10:15:16  96.0   0.0   0.0   4.0   0.0   51    432  12641    0    0    0 264.12   12.02  11.98  11.95  11.79  70.82  65.47  63.92  63.91
10:15:17  96.0   0.0   0.0   4.0   0.0   51    429  12601    0    0    0 264.04   12.00  11.94  11.99  11.94  70.70  65.55  63.90  63.88
  Time    User  Nice   Sys  Idle    IO  Run Ctxt/s  IRQ/s Fork Exec Exit  Watts    dram   dram   dram   dram  pkg-0  pkg-1  pkg-2  pkg-3
10:15:18  96.0   0.0   0.0   4.0   0.0   51    435  12642    0    0    0 264.48   11.94  12.03  12.01  11.85  70.75  65.47  64.11  64.16
10:15:19  96.0   0.0   0.0   4.0   0.0   51    554  12618    0    0    0 264.41   12.01  12.02  12.04  11.89  70.75  65.54  64.03  64.08
10:15:20  96.0   0.0   0.0   4.0   0.0   51    432  12624    0    0    0 264.07   11.98  12.00  12.02  11.84  70.69  65.54  63.86  63.98
10:15:21  96.0   0.0   0.0   4.0   0.0   51    489  12629    0    0    0 264.35   12.00  11.88  12.06  11.66  70.75  65.54  63.82  64.25
10:15:22  96.0   0.0   0.0   4.0   0.0   51    426  12616    0    0    0 264.58   11.96  12.00  12.03  11.65  70.97  65.48  63.82  64.31
10:15:23  96.0   0.0   0.0   4.0   0.0   51    527  12633    0    0    0 264.27   11.92  12.00  11.96  11.74  70.68  65.54  63.79  64.26
10:15:24  96.0   0.0   0.0   4.0   0.0   51    478  12693    0    0    0 264.31   11.95  12.02  12.00  11.67  70.77  65.53  63.94  64.07
10:15:25  96.0   0.0   0.0   4.0   0.0   51    431  12655    0    0    0 264.84   12.02  11.94  11.95  11.89  70.99  65.47  64.17  64.20
10:15:26  96.0   0.0   0.0   4.0   0.0   51    418  12635    0    0    0 264.59   12.00  12.00  12.01  11.92  71.14  65.54  63.95  63.96
10:15:27  96.0   0.0   0.0   4.0   0.0   51    522  12599    0    0    0 264.95   12.00  11.98  12.00  11.86  71.47  65.54  63.96  63.98
10:15:28  96.0   0.0   0.0   4.0   0.0   51    424  12629    0    0    0 264.85   11.98  11.98  12.05  11.75  71.49  65.47  63.85  64.04
10:15:29  96.0   0.0   0.0   4.0   0.0   51    426  12604    0    0    0 264.90   11.94  11.96  12.00  11.96  71.30  65.53  63.82  64.25
10:15:30  96.0   0.0   0.0   4.0   0.0   51    422  12644    0    0    0 264.32   11.96  12.00  11.98  11.77  70.79  65.54  63.77  64.22
10:15:31  96.0   0.0   0.0   4.0   0.0   51    529  12605    0    0    0 264.07   11.98  11.95  11.96  11.95  70.77  65.47  63.82  64.01
10:15:32  96.0   0.0   0.0   4.0   0.0   51    424  12692    0    0    0 264.19   11.92  12.04  11.98  11.72  70.77  65.54  63.81  64.07
10:15:33  96.0   0.0   0.0   4.0   0.0   51    436  12644    0    0    0 264.36   11.96  12.01  11.92  11.71  70.75  65.54  63.84  64.24
-------- ----- ----- ----- ----- ----- ---- ------ ------ ---- ---- ---- ------  ------ ------ ------ ------ ------ ------ ------ ------
 Average  96.0   0.0   0.0   4.0   0.0 51.0  559.6 12649.1  0.0  0.0  0.0 264.72   11.98  12.00  11.99  11.81  70.80  65.52  63.87  64.53
  StdDev   0.1   0.0   0.0   0.1   0.0  0.0  208.7   66.9  0.0  0.0  0.0   0.38    0.04   0.03   0.03   0.13   0.16   0.03   0.11   0.40
-------- ----- ----- ----- ----- ----- ---- ------ ------ ---- ---- ---- ------  ------ ------ ------ ------ ------ ------ ------ ------
 Minimum  95.6   0.0   0.0   3.8   0.0 51.0  416.0 12528.0  0.0  0.0  0.0 264.04   11.87  11.88  11.91  11.50  70.68  65.47  63.75  63.88
 Maximum  96.2   0.0   0.1   4.4   0.0 51.0 1162.0 12911.0  0.0  0.0  0.0 265.42   12.06  12.04  12.06  12.05  71.49  65.55  64.37  65.28
-------- ----- ----- ----- ----- ----- ---- ------ ------ ---- ---- ---- ------  ------ ------ ------ ------ ------ ------ ------ ------
Summary:
CPU: 264.72 Watts on average with standard deviation 0.38  
Note: power read from RAPL domains: dram, dram, dram, dram, package-0, package-1, package-2, package-3.
These readings do not cover all the hardware in this device.

Histogram (of 60 power measurements)

  Range (Watts)   Count
264.036 - 264.174     7 #########################
264.175 - 264.312     3 ##########
264.313 - 264.450     7 #########################
264.451 - 264.589     7 #########################
264.590 - 264.727     2 #######
264.728 - 264.865     9 ################################
264.866 - 265.004    11 ########################################
265.005 - 265.142     5 ##################
265.143 - 265.280     5 ##################
265.281 - 265.419     4 ##############

Histogram (of 60 CPU utilization measurements)

 Range (%CPU)   Count
95.598 - 95.657     1 #
95.658 - 95.717     0 
95.718 - 95.778     2 ##
95.779 - 95.838     2 ##
95.839 - 95.898     2 ##
95.899 - 95.958     0 
95.959 - 96.018    30 ########################################
96.019 - 96.078    19 #########################
96.079 - 96.138     2 ##
96.139 - 96.198     2 ##
