Running for 60.0 seconds (60 samples at 1.0 second intervals).
Power measurements will start in 0 seconds time.

  Time    User  Nice   Sys  Idle    IO  Run Ctxt/s  IRQ/s  Watts    dram   dram   dram   dram  pkg-0  pkg-1  pkg-2  pkg-3
16:31:16   0.3   0.0   0.1  99.6   0.0    3   1723    897 261.58   11.96  11.99  12.03  11.74  69.32  64.57  63.87  63.81
16:31:17   0.2   0.0   0.1  99.7   0.0    1   1126    627 262.01   12.02  11.97  12.05  11.62  69.29  64.62  64.36  63.75
16:31:18   0.5   0.0   0.1  99.4   0.0    1   1387    655 262.13   11.91  12.05  12.03  11.60  69.29  64.44  64.57  63.83
16:31:19   0.2   0.0   0.0  99.8   0.0    3    913    529 262.16   11.97  12.01  11.99  11.60  69.19  64.53  64.63  63.81
16:31:20   0.3   0.0   0.1  99.6   0.0    1   1141    734 261.46   11.95  11.98  12.01  11.57  68.97  64.62  64.11  63.76
16:31:21   0.5   0.0   0.1  99.4   0.0    1   1385    580 261.83   11.91  12.00  12.01  11.58  69.29  64.48  64.21  63.84
16:31:22   0.1   0.0   0.0  99.8   0.0    3    892    516 262.41   11.93  11.95  11.97  11.49  69.18  65.23  64.20  63.80
16:31:23   0.3   0.0   0.2  99.5   0.0    1   1016    647 262.51   11.91  11.98  12.05  11.42  69.30  65.07  64.17  63.96
16:31:24   0.4   0.0   0.1  99.5   0.0    1   1490    759 262.15   11.95  12.03  12.01  11.68  69.29  65.07  64.02  63.76
16:31:25   0.1   0.0   0.1  99.8   0.0    2    974    490 261.65   11.92  12.00  12.03  11.57  69.07  64.65  64.13  63.80
16:31:26   0.1   0.0   0.1  99.8   0.0    1    596    537 261.43   11.92  11.96  12.05  11.64  69.19  64.22  64.15  63.85
16:31:27   0.0   0.0   0.1  99.9   0.0    2    159    449 262.43   11.93  11.98  12.15  11.35  68.96  64.75  64.92  63.79
16:31:28   0.2   0.0   0.0  99.8   0.0    1    614    641 261.80   11.96  11.96  12.01  11.52  69.06  65.07  63.92  63.76
16:31:29   0.2   0.0   0.1  99.8   0.0    1    514    506 261.93   11.93  12.02  12.03  11.43  69.13  65.12  63.84  63.85
16:31:30   0.0   0.0   0.0 100.0   0.0    1    100    446 262.86   11.98  11.97  12.11  11.40  69.02  65.29  64.82  63.74
16:31:31   0.1   0.0   0.1  99.8   0.0    1    569    563 263.16   11.99  11.97  12.10  11.38  69.07  65.05  65.21  63.83
16:31:32   0.2   0.0   0.1  99.8   0.0    1    659    666 261.77   11.97  12.02  12.09  11.37  69.14  64.79  64.00  63.84
16:31:33   0.0   0.0   0.0 100.0   0.0    1    107    399 261.44   12.00  11.98  12.02  11.55  69.01  64.39  64.30  63.74
16:31:34   0.1   0.0   0.1  99.8   0.0    1    518    509 262.28   12.01  11.97  12.06  11.55  69.12  64.69  64.63  63.84
16:31:35   0.2   0.0   0.1  99.7   0.0    1    537    509 262.78   11.95  12.01  12.11  11.61  68.96  65.00  65.02  63.80
16:31:36   0.0   0.0   0.0 100.0   0.0    1    236    590 261.17   11.98  12.01  12.06  11.48  68.72  64.45  64.26  63.74
16:31:37   0.2   0.0   0.1  99.8   0.0    1    531    473 262.93   11.97  12.01  12.01  11.62  69.06  64.95  65.05  63.86
  Time    User  Nice   Sys  Idle    IO  Run Ctxt/s  IRQ/s  Watts    dram   dram   dram   dram  pkg-0  pkg-1  pkg-2  pkg-3
16:31:38   0.2   0.0   0.1  99.7   0.0    1    536    516 262.73   11.93  11.99  12.05  11.60  69.05  64.33  65.50  63.86
16:31:39   0.0   0.0   0.0 100.0   0.0    1    121    509 262.51   12.04  11.96  11.97  11.50  68.95  64.45  65.37  63.74
16:31:40   0.2   0.0   0.1  99.8   0.0    1    634    656 261.69   12.02  12.01  12.14  11.54  69.13  64.64  64.11  63.81
16:31:41   0.0   0.0   0.1  99.9   0.0    1    119    407 261.42   11.86  11.97  12.00  11.33  69.02  64.25  64.31  63.84
16:31:42   0.1   0.0   0.0  99.8   0.0    1    484    512 262.09   11.92  12.02  12.06  11.41  69.06  64.48  64.75  63.80
16:31:43   0.2   0.0   0.1  99.7   0.0    1    540    506 261.23   11.83  11.99  12.14  11.42  68.96  64.40  64.04  63.83
16:31:44   0.0   0.0   0.0 100.0   0.0    1    236    596 261.28   11.87  11.95  12.29  11.47  68.97  64.37  64.12  63.82
16:31:45   0.2   0.0   0.1  99.7   0.0    1    536    494 262.81   11.80  12.04  12.19  11.37  69.03  64.46  65.43  63.89
16:31:46   0.2   0.0   0.1  99.7   0.0    1    505    531 262.38   11.75  12.01  12.14  11.55  69.06  64.25  65.30  63.77
16:31:47   0.0   0.0   0.0 100.0   0.0    1    130    491 262.50   11.83  11.95  12.12  11.56  69.01  64.78  64.90  63.81
16:31:48   0.1   0.0   0.1  99.7   0.0    1    658    686 261.29   11.89  12.03  12.06  11.40  68.99  64.27  64.11  63.93
16:31:49   0.1   0.0   0.1  99.8   0.0    1    512    485 260.96   11.90  12.00  12.04  11.36  69.07  64.23  63.87  63.79
16:31:50   0.0   0.0   0.0 100.0   0.0    1     93    438 262.70   11.94  12.02  12.07  11.32  69.01  64.55  65.34  63.80
16:31:51   0.2   0.0   0.1  99.8   0.0    1    544    493 261.40   11.97  11.97  12.04  11.46  69.13  64.14  64.25  63.87
16:31:52   0.1   0.0   0.1  99.8   0.0    1    675    650 261.54   11.93  12.02  12.00  11.49  68.90  64.92  63.99  63.73
16:31:53   0.0   0.0   0.0 100.0   0.0    1     88    397 262.18   11.95  12.03  11.95  11.48  68.94  65.20  63.85  64.19
16:31:54   0.2   0.0   0.1  99.7   0.0    1    519    532 262.87   11.97  11.95  11.94  11.74  69.11  64.67  65.24  63.85
16:31:55   0.0   0.0   0.1  99.9   0.0    3    156    447 263.02   12.02  12.01  11.99  11.63  69.01  64.91  65.33  63.77
16:31:56   0.1   0.0   0.0  99.8   0.0    1    613    730 261.95   11.97  12.01  12.01  11.70  68.98  64.84  64.32  63.82
16:31:57   0.2   0.0   0.1  99.7   0.0    1    505    462 262.14   11.98  11.98  11.96  11.65  69.07  65.06  64.16  63.85
16:31:58   0.0   0.0   0.0 100.0   0.0    1    104    434 263.06   11.96  12.00  11.93  11.73  69.00  65.13  65.19  63.74
16:31:59   0.2   0.0   0.1  99.8   0.0    1    558    505 262.11   11.74  11.94  12.03  11.59  69.12  64.66  64.48  63.85
  Time    User  Nice   Sys  Idle    IO  Run Ctxt/s  IRQ/s  Watts    dram   dram   dram   dram  pkg-0  pkg-1  pkg-2  pkg-3
16:32:00   0.4   0.0   0.1  99.5   0.0    1   1540    754 261.71   11.79  12.00  12.05  11.65  69.28  64.47  64.12  63.85
16:32:01   0.0   0.0   0.0 100.0   0.0    1    115    389 261.67   11.89  12.03  12.03  11.65  68.99  65.05  63.90  63.74
16:32:02   0.1   0.0   0.1  99.7   0.0    1    550    535 263.67   11.80  11.93  12.02  11.78  68.98  65.38  65.36  63.95
16:32:03   0.2   0.0   0.1  99.7   0.0    1    598    530 262.39   11.75  11.96  12.03  11.80  68.94  64.78  64.73  63.93
16:32:04   0.0   0.0   0.0 100.0   0.0    1    236    676 261.70   11.97  11.96  11.97  11.83  68.94  64.87  64.14  63.75
16:32:05   0.2   0.0   0.1  99.7   0.0    1    562    513 262.03   11.73  12.00  12.00  11.77  69.04  64.68  64.37  63.95
16:32:06   0.2   0.0   0.1  99.7   0.0    1    538    544 262.34   11.90  11.98  12.02  11.94  69.04  65.02  64.37  63.91
16:32:07   0.0   0.0   0.0 100.0   0.0    1    114    409 261.73   11.98  11.99  12.00  11.96  68.95  65.16  63.88  63.75
16:32:08   0.2   0.0   0.1  99.7   0.0    1    694    668 261.55   11.93  12.00  12.01  11.83  69.04  64.68  63.92  63.91
16:32:09   0.0   0.0   0.0 100.0   0.0    2    109    418 261.87   11.95  12.00  11.99  11.82  69.02  65.22  63.81  63.81
16:32:10   0.1   0.0   0.1  99.8   0.0    1    499    508 263.25   11.77  12.02  11.99  11.90  69.04  65.29  65.01  63.90
16:32:11   0.1   0.0   0.1  99.8   0.0    1    550    475 262.54   11.87  11.96  12.00  11.86  69.07  65.03  64.70  63.74
16:32:12   0.0   0.0   0.0 100.0   0.0    1    236    673 261.27   11.94  11.97  12.00  11.79  68.99  64.49  63.98  63.81
16:32:13   0.2   0.0   0.1  99.7   0.0    1    536    479 262.08   11.76  12.01  12.02  11.51  69.14  64.97  64.16  63.80
16:32:14   0.2   0.0   0.1  99.8   0.0    1    553    537 263.49   11.85  12.02  11.94  11.71  69.05  65.11  65.28  64.05
16:32:15   0.0   0.0   0.0 100.0   0.0    1    128    433 262.71   11.88  12.03  11.99  11.67  68.92  65.14  64.85  63.80
-------- ----- ----- ----- ----- ----- ---- ------ ------ ------  ------ ------ ------ ------ ------ ------ ------ ------
 Average   0.1   0.0   0.1  99.8   0.0  1.2  560.2  545.7 262.13   11.91  11.99  12.04  11.59  69.06  64.76  64.48  63.83
  StdDev   0.1   0.0   0.0   0.2   0.0  0.5  388.9  105.8   0.62    0.08   0.03   0.06   0.16   0.12   0.33   0.51   0.08
-------- ----- ----- ----- ----- ----- ---- ------ ------ ------  ------ ------ ------ ------ ------ ------ ------ ------
 Minimum   0.0   0.0   0.0  99.4   0.0  1.0   88.0  389.0 260.96   11.73  11.93  11.93  11.32  68.72  64.14  63.81  63.73
 Maximum   0.5   0.0   0.2 100.0   0.0  3.0 1723.0  897.0 263.67   12.04  12.05  12.29  11.96  69.32  65.38  65.50  64.19
-------- ----- ----- ----- ----- ----- ---- ------ ------ ------  ------ ------ ------ ------ ------ ------ ------ ------
Summary:
CPU: 262.13 Watts on average with standard deviation 0.62  
Note: power read from RAPL domains: dram, dram, dram, dram, package-0, package-1, package-2, package-3.
These readings do not cover all the hardware in this device.

Histogram (of 60 power measurements)

  Range (Watts)   Count
260.960 - 261.231     3 ############
261.232 - 261.502     8 ################################
261.503 - 261.773    10 ########################################
261.774 - 262.045     7 ############################
262.046 - 262.316     9 ####################################
262.317 - 262.588     9 ####################################
262.589 - 262.859     5 ####################
262.860 - 263.130     5 ####################
263.131 - 263.402     2 ########
263.403 - 263.673     2 ########

Histogram (of 60 CPU utilization measurements)

Range (%CPU)  Count
0.000 - 0.061    15 ########################################
0.062 - 0.124     3 ########
0.125 - 0.186     4 ##########
0.187 - 0.249    13 ##################################
0.250 - 0.311    14 #####################################
0.312 - 0.374     4 ##########
0.375 - 0.436     2 #####
0.437 - 0.499     1 ##
0.500 - 0.561     2 #####
0.562 - 0.624     2 #####
