Running for 60.0 seconds (60 samples at 1.0 second intervals).
Power measurements will start in 0 seconds time.

  Time    User  Nice   Sys  Idle    IO  Run Ctxt/s  IRQ/s  Watts    dram   dram   dram   dram  pkg-0  pkg-1  pkg-2  pkg-3
16:32:17  50.3   0.0   0.1  49.6   0.0   41   1681  11160 270.98   11.88  11.99  11.98  11.42  70.93  67.30  67.19  65.57
16:32:18  50.4   0.0   0.1  49.5   0.0   41   1158  11029 270.83   11.83  12.02  12.01  11.67  71.00  67.12  67.14  65.57
16:32:19  50.3   0.0   0.1  49.6   0.0   42   1071  10676 270.52   11.98  11.96  12.01  11.43  70.95  67.25  66.70  65.61
16:32:20  50.5   0.0   0.1  49.4   0.0   41   1475  11004 270.65   11.90  11.98  11.95  11.39  71.14  67.21  66.73  65.57
16:32:21  50.3   0.0   0.1  49.6   0.0   41   1031  10780 270.44   11.89  12.02  11.94  11.39  71.01  67.03  66.78  65.62
16:32:22  50.3   0.0   0.1  49.6   0.0   41    910  10885 270.98   11.99  12.01  12.01  11.50  70.94  67.27  67.29  65.48
16:32:23  50.5   0.0   0.2  49.4   0.0   41   1328  10738 271.26   11.94  12.04  12.11  11.52  71.12  67.25  67.24  65.65
16:32:24  50.3   0.0   0.1  49.6   0.0   41   1018  10999 271.02   11.99  12.02  12.02  11.40  70.93  67.22  67.24  65.64
16:32:25  50.3   0.0   0.1  49.6   0.0   42    979  10714 270.84   12.01  12.04  11.99  11.38  70.81  67.32  67.18  65.54
16:32:26  50.5   0.0   0.2  49.4   0.0   41   1352  11018 271.27   11.99  11.97  11.97  11.39  71.17  67.21  67.23  65.66
16:32:27  50.3   0.0   0.1  49.5   0.0   41    886  10701 270.79   11.95  12.02  11.99  11.45  71.01  67.01  67.18  65.59
16:32:28  50.0   0.0   0.0  50.0   0.0   41    223  10844 270.47   11.99  11.97  12.00  11.42  70.73  67.02  67.19  65.52
16:32:29  50.2   0.0   0.1  49.7   0.0   41    611  10803 271.12   12.01  11.96  11.99  11.43  70.90  67.09  67.26  65.88
16:32:30  50.1   0.0   0.1  49.8   0.0   45    381  10845 270.77   12.02  12.00  12.03  11.40  70.73  67.24  67.19  65.61
16:32:31  50.1   0.0   0.0  49.9   0.0   41    291  10595 270.62   12.02  11.95  12.01  11.39  70.79  66.95  67.24  65.64
16:32:32  50.2   0.0   0.1  49.7   0.0   41    685  10955 270.79   12.07  12.02  11.95  11.38  70.80  67.07  67.18  65.75
16:32:33  50.0   0.0   0.0  50.0   0.0   41    207  10589 270.76   12.00  11.98  11.94  11.36  70.77  67.28  67.23  65.49
16:32:34  50.2   0.0   0.1  49.7   0.0   41    560  10897 270.69   12.04  11.97  12.03  11.35  70.70  67.03  67.28  65.68
16:32:35  50.2   0.0   0.1  49.7   0.0   42    525  10670 270.61   11.98  12.01  12.01  11.40  70.78  66.87  67.21  65.76
16:32:36  50.0   0.0   0.0  50.0   0.0   41    242  10877 270.91   12.02  12.03  11.91  11.36  70.87  67.28  67.21  65.55
16:32:37  50.2   0.0   0.1  49.7   0.0   41    585  10768 270.92   11.99  12.01  11.97  11.36  70.79  67.21  67.26  65.66
16:32:38  50.2   0.0   0.1  49.7   0.0   41    506  10854 271.33   12.01  12.01  12.00  11.33  71.07  67.21  67.27  65.78
  Time    User  Nice   Sys  Idle    IO  Run Ctxt/s  IRQ/s  Watts    dram   dram   dram   dram  pkg-0  pkg-1  pkg-2  pkg-3
16:32:39  50.0   0.0   0.0  50.0   0.0   41    108  10562 270.71   12.03  11.95  11.98  11.33  70.81  67.14  67.21  65.55
16:32:40  50.2   0.0   0.1  49.7   0.0   41    694  10949 271.01   12.03  12.03  12.01  11.46  70.89  67.17  67.26  65.69
16:32:41  50.1   0.0   0.1  49.8   0.0   43    515  10644 270.91   12.00  11.96  12.02  11.42  70.87  67.15  67.21  65.67
16:32:42  50.1   0.0   0.0  49.9   0.0   41    176  10818 270.53   12.03  12.00  11.91  11.43  70.81  66.90  67.19  65.63
16:32:43  50.2   0.0   0.1  49.7   0.0   41    574  10661 270.83   12.00  11.96  11.90  11.34  70.80  67.18  67.26  65.60
16:32:44  50.0   0.0   0.0  50.0   0.0   41    211  10846 270.41   11.93  12.01  11.94  11.55  70.68  67.10  67.09  65.54
16:32:45  50.2   0.0   0.1  49.6   0.0   42    666  10788 270.23   12.04  12.00  11.98  11.50  70.78  66.67  67.08  65.71
16:32:46  50.2   0.0   0.1  49.7   0.0   41    569  10936 270.66   11.99  11.97  12.00  11.45  70.80  66.96  67.19  65.72
16:32:47  50.0   0.0   0.0  50.0   0.0   41    130  10572 271.10   11.95  12.01  11.97  11.45  71.17  67.20  67.20  65.54
16:32:48  50.2   0.0   0.1  49.7   0.0   41    642  10930 271.24   11.97  11.98  11.97  11.42  70.98  67.28  67.20  65.77
16:32:49  50.2   0.0   0.1  49.7   0.0   41    560  10694 271.20   11.92  11.97  11.97  11.35  71.01  67.27  67.19  65.73
16:32:50  50.0   0.0   0.0  50.0   0.0   41    132  10799 270.66   11.96  11.98  12.01  11.44  70.72  67.09  67.27  65.57
16:32:51  50.2   0.0   0.1  49.7   0.0   41    500  10656 271.06   11.95  11.97  11.99  11.40  70.80  67.23  67.26  65.78
16:32:52  50.1   0.0   0.1  49.9   0.0   41    249  10875 270.85   11.97  11.98  12.00  11.40  70.75  67.26  67.17  65.66
16:32:53  50.2   0.0   0.0  49.8   0.0   41    517  10704 270.84   11.99  11.99  11.94  11.46  70.80  67.14  67.25  65.66
16:32:54  50.2   0.0   0.1  49.7   0.0   41    556  10925 270.88   11.99  11.97  11.96  11.45  70.71  67.12  67.25  65.80
16:32:55  50.0   0.0   0.0  49.9   0.0   42    122  10565 270.73   12.02  11.98  11.99  11.39  70.78  67.25  67.10  65.59
16:32:56  50.2   0.0   0.1  49.7   0.0   41    692  10997 270.88   12.03  11.96  12.00  11.39  70.82  67.17  67.25  65.64
16:32:57  50.2   0.0   0.1  49.7   0.0   41    613  10718 271.03   11.96  12.00  11.95  11.47  70.73  67.25  67.26  65.79
16:32:58  50.0   0.0   0.0  50.0   0.0   41    116  10784 270.63   11.97  11.95  11.98  11.37  70.76  67.23  67.09  65.55
16:32:59  50.2   0.0   0.2  49.7   0.0   41    554  10689 270.92   11.98  11.92  11.99  11.40  70.77  67.24  67.24  65.68
16:33:00  50.2   0.0   0.1  49.7   0.0   41    654  10958 270.99   11.95  11.98  12.01  11.55  70.78  67.20  67.27  65.74
  Time    User  Nice   Sys  Idle    IO  Run Ctxt/s  IRQ/s  Watts    dram   dram   dram   dram  pkg-0  pkg-1  pkg-2  pkg-3
16:33:01  50.3   0.0   0.1  49.6   0.0   41   1058  10694 270.97   12.00  11.98  11.97  11.43  70.91  67.21  67.20  65.64
16:33:02  50.2   0.0   0.1  49.7   0.0   41    555  11022 270.59   12.01  12.02  12.02  11.43  70.87  67.20  66.89  65.63
16:33:03  50.0   0.0   0.1  49.9   0.0   42    158  10566 269.75   12.04  11.97  11.95  11.51  70.77  66.52  66.94  65.53
16:33:04  50.2   0.0   0.1  49.7   0.0   41    606  10956 270.49   12.00  11.90  11.94  11.45  70.80  67.00  67.07  65.62
16:33:05  50.2   0.0   0.1  49.7   0.0   42    568  10723 270.51   12.01  11.99  11.96  11.47  70.87  66.82  67.14  65.67
16:33:06  50.0   0.0   0.0  50.0   0.0   41    150  10829 269.06   11.97  11.97  12.03  11.62  70.76  65.73  67.04  65.52
16:33:07  50.2   0.0   0.1  49.7   0.0   41    530  10676 270.26   11.96  11.97  12.00  11.84  70.88  66.57  67.12  65.69
16:33:08  50.2   0.0   0.1  49.7   0.0   41    633  10974 270.67   12.01  11.98  11.95  11.60  70.80  67.17  67.01  65.68
16:33:09  50.0   0.0   0.0  50.0   0.0   41    164  10588 270.51   12.00  12.01  11.94  11.60  70.77  67.00  67.26  65.48
16:33:10  50.2   0.0   0.1  49.7   0.0   41    517  10983 270.98   11.94  11.97  11.95  11.50  70.87  67.25  67.20  65.66
16:33:11  50.2   0.0   0.1  49.7   0.0   41    531  10664 270.76   12.02  12.03  11.91  11.68  70.82  67.18  67.10  65.66
16:33:12  50.0   0.0   0.0  50.0   0.0   41    215  10840 270.58   12.03  12.00  12.04  11.76  70.77  66.80  67.23  65.79
16:33:13  50.2   0.0   0.1  49.7   0.0   41    574  10677 270.74   12.01  12.02  12.03  11.85  70.86  67.00  67.21  65.66
16:33:14  50.1   0.0   0.1  49.9   0.0   43    197  10828 270.01   12.01  11.99  11.98  11.82  70.69  66.48  67.21  65.64
16:33:15  50.2   0.0   0.1  49.7   0.0   42    404  10616 270.64   12.01  12.02  12.02  11.71  70.87  67.08  67.15  65.54
16:33:16  50.2   0.0   0.1  49.7   0.0   41    620  10985 270.74   11.90  12.01  11.97  11.79  70.87  67.09  67.18  65.61
-------- ----- ----- ----- ----- ----- ---- ------ ------ ------  ------ ------ ------ ------ ------ ------ ------ ------
 Average  50.2   0.0   0.1  49.7   0.0 41.3  578.9 10801.5 270.74   11.99  11.99  11.98  11.48  70.85  67.08  67.16  65.64
  StdDev   0.1   0.0   0.0   0.2   0.0  0.7  356.7  146.8   0.36    0.04   0.03   0.04   0.13   0.12   0.26   0.13   0.09
-------- ----- ----- ----- ----- ----- ---- ------ ------ ------  ------ ------ ------ ------ ------ ------ ------ ------
 Minimum  50.0   0.0   0.0  49.4   0.0 41.0  108.0 10562.0 269.06   11.83  11.90  11.90  11.33  70.68  65.73  66.70  65.48
 Maximum  50.5   0.0   0.2  50.0   0.0 45.0 1681.0 11160.0 271.33   12.07  12.04  12.11  11.85  71.17  67.32  67.29  65.88
-------- ----- ----- ----- ----- ----- ---- ------ ------ ------  ------ ------ ------ ------ ------ ------ ------ ------
Summary:
CPU: 270.74 Watts on average with standard deviation 0.36  
Note: power read from RAPL domains: dram, dram, dram, dram, package-0, package-1, package-2, package-3.
These readings do not cover all the hardware in this device.

Histogram (of 60 power measurements)

  Range (Watts)   Count
269.056 - 269.282     1 ##
269.283 - 269.510     0 
269.511 - 269.737     0 
269.738 - 269.965     1 ##
269.966 - 270.193     1 ##
270.194 - 270.420     3 ######
270.421 - 270.648    14 #############################
270.649 - 270.875    19 ########################################
270.876 - 271.103    15 ###############################
271.104 - 271.331     6 ############

Histogram (of 60 CPU utilization measurements)

 Range (%CPU)   Count
50.025 - 50.085    13 ####################
50.086 - 50.147     4 ######
50.148 - 50.208     2 ###
50.209 - 50.269     3 ####
50.270 - 50.331    25 ########################################
50.332 - 50.392     5 ########
50.393 - 50.454     3 ####
50.455 - 50.515     2 ###
50.516 - 50.576     1 #
50.577 - 50.638     2 ###
