Running for 60.0 seconds (60 samples at 1.0 second intervals).
Power measurements will start in 0 seconds time.

  Time    User  Nice   Sys  Idle    IO  Run Ctxt/s  IRQ/s  Watts    dram   dram   dram   dram  pkg-0  pkg-1  pkg-2  pkg-3
16:33:17  98.8   0.0   0.1   1.1   0.0   81   1611  20756 273.19   11.92  11.99  11.99  11.81  71.37  67.35  67.29  67.18
16:33:18  99.9   0.0   0.0   0.0   0.0   84    692  20598 273.21   11.90  11.99  11.96  11.79  71.39  67.32  67.22  67.28
16:33:19  99.3   0.0   0.1   0.7   0.0   81   1138  20563 273.36   11.84  12.00  12.03  11.85  71.11  67.71  67.28  67.27
16:33:20  99.7   0.0   0.1   0.2   0.0   81   1241  20627 273.30   11.94  11.97  11.97  11.85  71.36  67.38  67.25  67.32
16:33:21  99.8   0.0   0.0   0.2   0.0   97    707  20475 273.35   11.95  11.99  12.00  11.86  71.64  67.24  67.24  67.23
16:33:22  99.8   0.0   0.1   0.1   0.0   81   1011  20575 273.14   12.00  11.96  12.02  11.95  71.24  67.30  67.28  67.32
16:33:23  99.7   0.0   0.1   0.2   0.0   83   1073  20471 272.99   12.01  12.04  11.94  11.62  71.32  67.29  67.28  67.11
16:33:24  99.8   0.0   0.0   0.2   0.0   97    782  20446 273.55   12.01  12.00  11.98  11.69  71.86  67.25  67.21  67.23
16:33:25  99.5   0.0   0.1   0.5   0.0   81   1048  20406 273.35   11.98  12.00  11.96  11.68  71.49  67.31  67.28  67.28
16:33:26  99.8   0.0   0.1   0.2   0.0   82    685  20682 273.53   11.98  12.02  12.00  11.69  71.59  67.28  67.28  67.37
16:33:27  99.6   0.0   0.0   0.3   0.0   81    792  20464 273.34   12.01  11.98  11.99  11.80  71.40  67.31  67.26  67.37
16:33:28  99.7   0.0   0.2   0.2   0.0   81    731  20632 272.89   12.00  12.01  12.00  11.64  71.10  67.32  67.27  67.19
16:33:29 100.0   0.0   0.0   0.0   0.0   81    106  20298 272.40   12.01  12.03  12.02  11.60  70.74  67.28  67.24  67.14
16:33:30  99.6   0.0   0.1   0.3   0.0   81    571  20663 272.64   11.95  12.02  12.02  11.52  70.79  67.29  67.26  67.31
16:33:31  99.8   0.0   0.1   0.0   0.0   81    198  20378 272.48   12.01  12.03  12.03  11.68  70.81  67.25  67.24  67.19
16:33:32  99.8   0.0   0.0   0.2   0.0   81    604  20580 272.53   11.97  11.93  12.02  11.61  70.74  67.29  67.27  67.23
16:33:33  99.9   0.0   0.1   0.1   0.0   81    497  20444 272.62   12.01  11.97  11.94  11.51  70.86  67.36  67.27  67.12
16:33:34 100.0   0.0   0.0   0.0   0.0   81    107  20592 272.52   12.05  11.90  11.96  11.62  70.79  67.30  67.24  67.19
16:33:35  99.7   0.0   0.1   0.2   0.0   81    566  20503 272.65   12.00  12.00  11.99  11.46  70.78  67.33  67.25  67.29
16:33:36  99.8   0.0   0.1   0.1   0.0   81    675  20634 272.68   11.96  11.99  11.95  11.37  70.84  67.32  67.29  67.23
16:33:37 100.0   0.0   0.0   0.0   0.0   81    103  20303 272.38   11.93  11.97  12.02  11.49  70.77  67.31  67.23  67.07
16:33:38  99.8   0.0   0.1   0.1   0.0   81    554  20667 272.72   11.90  12.01  11.98  11.50  70.92  67.25  67.27  67.28
  Time    User  Nice   Sys  Idle    IO  Run Ctxt/s  IRQ/s  Watts    dram   dram   dram   dram  pkg-0  pkg-1  pkg-2  pkg-3
16:33:39  99.9   0.0   0.1   0.0   0.0   82    321  20387 272.55   11.96  12.02  11.98  11.74  70.76  67.32  67.28  67.20
16:33:40  99.9   0.0   0.0   0.1   0.0   81    445  20535 272.67   12.02  11.99  11.90  11.71  70.88  67.31  67.22  67.27
16:33:41  99.7   0.0   0.1   0.3   0.0   81    477  20433 272.58   11.99  11.92  12.04  11.65  70.86  67.23  67.27  67.22
16:33:42 100.0   0.0   0.0   0.0   0.0   81    104  20560 272.31   11.97  12.01  11.97  11.61  70.73  67.30  67.29  66.99
16:33:43  99.8   0.0   0.1   0.1   0.0   81    555  20387 272.97   11.97  11.98  11.97  11.51  71.22  67.27  67.25  67.23
16:33:44  99.7   0.0   0.1   0.2   0.0   81    693  20657 272.79   12.00  12.00  11.97  11.52  70.96  67.30  67.27  67.25
16:33:45 100.0   0.0   0.0   0.0   0.0   81    156  20377 272.48   11.98  11.95  11.95  11.74  70.79  67.26  67.25  67.18
16:33:46  99.7   0.0   0.1   0.3   0.0   81    533  20638 273.44   11.97  11.99  11.97  11.49  71.81  67.26  67.25  67.13
16:33:47  99.9   0.0   0.1   0.0   0.0   81    516  20401 272.96   12.01  11.97  11.96  11.44  71.13  67.30  67.28  67.25
16:33:48  99.8   0.0   0.0   0.2   0.0   81    264  20572 272.96   11.98  12.00  12.05  11.41  71.22  67.25  67.24  67.24
16:33:49  99.9   0.0   0.1   0.0   0.0   81    478  20407 273.11   11.99  11.94  11.94  11.33  71.34  67.26  67.24  67.27
16:33:50  99.9   0.0   0.1   0.0   0.0   82    142  20574 273.56   12.03  12.01  11.96  11.37  71.81  67.27  67.25  67.23
16:33:51  99.8   0.0   0.1   0.2   0.0   81    502  20417 273.59   12.00  11.99  12.01  11.34  72.04  67.34  67.24  66.96
16:33:52  99.9   0.0   0.1   0.0   0.0   81    676  20584 273.32   11.97  11.97  11.88  11.38  71.69  67.22  67.27  67.13
16:33:53 100.0   0.0   0.0   0.0   0.0   81    110  20338 273.15   11.99  11.97  11.99  11.35  71.26  67.45  67.24  67.20
16:33:54  99.7   0.0   0.1   0.2   0.0   81    531  20631 273.40   11.97  11.97  12.03  11.37  71.60  67.31  67.24  67.25
16:33:55  99.8   0.0   0.1   0.1   0.0   81    591  20448 273.39   12.03  11.98  12.01  11.28  71.56  67.30  67.28  67.26
16:33:56  99.8   0.0   0.0   0.2   0.0   81    273  20499 273.84   11.99  11.98  11.97  11.33  71.46  68.02  67.24  67.12
16:33:57  99.9   0.0   0.1   0.0   0.0   81    577  20371 273.82   11.97  12.01  11.91  11.26  71.70  67.57  67.31  67.24
16:33:58  99.9   0.0   0.1   0.0   0.0   97    327  20902 273.45   11.96  11.92  11.95  11.39  71.55  67.43  67.24  67.24
16:33:59  99.8   0.0   0.0   0.2   0.0   81    268  20110 274.93   11.97  12.01  12.00  11.42  72.02  68.54  67.23  67.14
16:34:00  99.7   0.0   0.1   0.3   0.0   81   1580  20775 274.66   11.95  11.97  12.00  11.39  71.73  68.51  67.27  67.16
  Time    User  Nice   Sys  Idle    IO  Run Ctxt/s  IRQ/s  Watts    dram   dram   dram   dram  pkg-0  pkg-1  pkg-2  pkg-3
16:34:01  99.8   0.0   0.0   0.2   0.0   81    116  20337 274.37   11.97  12.03  11.95  11.40  71.98  68.00  67.29  67.09
16:34:02  99.9   0.0   0.1   0.0   0.0   81    503  20587 273.59   12.00  12.02  12.02  11.40  71.80  67.33  67.20  67.27
16:34:03  99.8   0.0   0.1   0.1   0.0   81    594  20484 273.48   12.01  11.97  12.02  11.33  71.67  67.31  67.28  67.22
16:34:04 100.0   0.0   0.0   0.0   0.0   81    267  20502 273.33   12.01  12.01  11.95  11.41  71.84  67.24  67.28  66.97
16:34:05  99.7   0.0   0.1   0.2   0.0   81    582  20465 272.92   11.96  12.04  12.02  11.36  71.25  67.31  67.21  67.15
16:34:06  99.9   0.0   0.1   0.1   0.0   82    503  20631 273.10   11.96  12.04  11.96  11.36  71.33  67.27  67.27  67.23
16:34:07 100.0   0.0   0.0   0.0   0.0   81    105  20401 272.99   12.02  11.99  12.00  11.35  71.39  67.23  67.29  67.08
16:34:08  99.8   0.0   0.1   0.2   0.0   81    670  20643 272.87   11.97  11.96  12.03  11.38  71.17  67.33  67.21  67.16
16:34:09  99.9   0.0   0.1   0.0   0.0   97    314  20384 273.20   11.96  12.02  12.03  11.37  71.29  67.38  67.28  67.25
16:34:10  99.9   0.0   0.0   0.1   0.0   81    273  20508 273.30   12.00  11.97  11.96  11.29  71.55  67.28  67.27  67.21
16:34:11  99.8   0.0   0.1   0.1   0.0   84   1420  20687 272.87   11.99  11.98  12.01  11.35  71.31  67.30  67.21  67.06
16:34:12  99.6   0.0   0.1   0.3   0.0   82   3581  21272 273.88   12.03  12.00  12.00  11.36  71.78  67.34  67.31  67.44
16:34:13  99.3   0.0   0.1   0.6   0.0   86   3841  20879 273.91   12.00  12.00  11.97  11.40  72.14  67.30  67.22  67.25
16:34:14  98.5   0.0   0.2   1.3   0.0   81   2658  20702 273.56   12.01  12.01  11.94  11.36  71.81  67.27  67.24  67.23
16:34:15  98.7   0.0   0.1   1.2   0.0   82    409  20419 272.88   11.96  11.95  11.98  11.35  70.99  67.34  67.28  67.27
16:34:16  99.8   0.0   0.0   0.2   0.0   81    647  20571 272.75   11.90  12.00  12.04  11.33  70.93  67.30  67.28  67.25
-------- ----- ----- ----- ----- ----- ---- ------ ------ ------  ------ ------ ------ ------ ------ ------ ------ ------
 Average  99.7   0.0   0.1   0.2   0.0 82.4  701.6 20537.2 273.16   11.98  11.99  11.98  11.51  71.32  67.38  67.26  67.21
  StdDev   0.3   0.0   0.0   0.3   0.0  4.0  710.6  172.2   0.53    0.04   0.03   0.04   0.18   0.40   0.26   0.03   0.09
-------- ----- ----- ----- ----- ----- ---- ------ ------ ------  ------ ------ ------ ------ ------ ------ ------ ------
 Minimum  98.5   0.0   0.0   0.0   0.0 81.0  103.0 20110.0 272.31   11.84  11.90  11.88  11.26  70.73  67.22  67.20  66.96
 Maximum 100.0   0.0   0.2   1.3   0.0 97.0 3841.0 21272.0 274.93   12.05  12.04  12.05  11.95  72.14  68.54  67.31  67.44
-------- ----- ----- ----- ----- ----- ---- ------ ------ ------  ------ ------ ------ ------ ------ ------ ------ ------
Summary:
CPU: 273.16 Watts on average with standard deviation 0.53  
Note: power read from RAPL domains: dram, dram, dram, dram, package-0, package-1, package-2, package-3.
These readings do not cover all the hardware in this device.

Histogram (of 60 power measurements)

  Range (Watts)   Count
272.311 - 272.572     8 ######################
272.573 - 272.834     9 #########################
272.835 - 273.096    10 ############################
273.097 - 273.357    14 ########################################
273.358 - 273.619    12 ##################################
273.620 - 273.881     3 ########
273.882 - 274.142     1 ##
274.143 - 274.404     1 ##
274.405 - 274.666     1 ##
274.667 - 274.928     1 ##

Histogram (of 60 CPU utilization measurements)

  Range (%CPU)    Count
 98.699 -  98.828     2 ##
 98.829 -  98.958     1 #
 98.959 -  99.088     0 
 99.089 -  99.219     0 
 99.220 -  99.349     1 #
 99.350 -  99.479     1 #
 99.480 -  99.609     1 #
 99.610 -  99.739     5 ######
 99.740 -  99.869    20 ###########################
 99.870 -  99.999    29 ########################################
