Running for 60.0 seconds (60 samples at 1.0 second intervals).
Power measurements will start in 0 seconds time.

  Time    User  Nice   Sys  Idle    IO  Run Ctxt/s  IRQ/s Fork Exec Exit  Watts    dram   dram   dram   dram  pkg-0  pkg-3  pkg-2  pkg-1
11:03:22   0.2   0.0   0.2  99.6   0.0    1   1125    828    0    0    0 261.97   12.02  11.67  11.85  11.95  69.09  63.91  63.74  65.23
11:03:23   0.2   0.0   0.1  99.6   0.1    1   1129    646    0    0    0 261.86   11.95  11.86  11.94  12.04  69.03  63.77  63.49  65.56
11:03:24   0.3   0.0   0.1  99.6   0.0    1   1026    596    0    0    0 261.26   12.02  11.74  11.96  11.97  69.02  63.78  62.77  65.69
11:03:25   0.1   0.0   0.0  99.8   0.0    1    580    553    0    0    0 262.07   11.98  11.70  11.95  12.00  68.95  63.70  63.77  65.65
11:03:26   0.2   0.0   0.1  99.7   0.0    1    931    487    0    0    0 262.37   11.98  11.60  11.98  12.00  69.02  63.80  63.80  65.75
11:03:27   0.2   0.0   0.1  99.8   0.0    1    924    609    0    0    0 262.37   11.96  11.73  12.01  11.95  69.02  63.81  63.73  65.81
11:03:28   0.2   0.0   0.0  99.8   0.0    1    545    501    0    0    0 261.61   11.91  11.67  12.01  11.97  68.95  63.74  63.32  65.59
11:03:29   0.2   0.0   0.1  99.7   0.0    1    942    546    0    0    0 262.37   11.96  11.81  12.06  11.96  69.01  63.77  63.80  65.79
11:03:30   0.2   0.0   0.0  99.8   0.0    1    908    462    0    0    0 262.34   12.00  11.50  11.92  12.00  69.02  63.79  63.74  65.79
11:03:31   0.1   0.0   0.0  99.8   0.0    1    532    491    0    0    0 261.90   12.03  11.47  11.97  11.96  68.96  63.74  63.60  65.60
11:03:32   0.2   0.0   0.1  99.8   0.0    1    821    507    0    0    0 262.32   12.03  11.48  11.96  12.01  69.04  63.79  63.72  65.78
11:03:33   0.0   0.0   0.0 100.0   0.0    1    126    485    0    0    0 261.87   11.92  11.53  11.96  11.98  69.01  63.77  63.55  65.54
11:03:34   0.0   0.0   0.0 100.0   0.0    1     92    420    0    0    0 261.96   11.98  11.63  12.03  12.00  69.02  63.74  63.74  65.47
11:03:35   0.0   0.0   0.0 100.0   0.0    1     93    533    0    0    0 262.34   11.91  11.91  12.00  11.97  68.95  63.80  63.80  65.79
11:03:36   0.0   0.0   0.0 100.0   0.0    1    121    432    0    0    0 262.32   12.00  11.72  11.96  12.01  69.01  63.81  63.81  65.70
11:03:37   0.0   0.0   0.0 100.0   0.0    1    122    492    0    0    0 261.96   11.95  11.67  11.97  11.97  69.02  63.65  63.74  65.55
11:03:38   0.0   0.0   0.0 100.0   0.0    1     64    403    0    0    0 261.96   11.95  11.94  11.96  11.97  68.95  63.73  63.80  65.47
11:03:39   0.0   0.0   0.0 100.0   0.0    1     82    429    0    0    0 262.14   12.06  11.96  11.91  12.00  69.02  63.80  63.77  65.54
11:03:40   0.0   0.0   0.0 100.0   0.0    1    102    431    0    0    0 261.18   11.94  11.63  11.97  11.90  69.01  63.74  62.89  65.54
11:03:41   0.0   0.0   0.0 100.0   0.0    1    118    482    0    0    0 262.02   11.91  11.71  12.01  12.02  69.01  63.80  63.73  65.47
11:03:42   0.0   0.0   0.0 100.0   0.0    1     83    400    0    0    0 262.10   12.02  11.63  11.98  12.02  68.95  63.80  63.80  65.54
11:03:43   0.0   0.0   0.0 100.0   0.0    1     88    522    0    0    0 262.05   11.98  11.54  11.96  11.98  69.02  63.74  63.74  65.54
  Time    User  Nice   Sys  Idle    IO  Run Ctxt/s  IRQ/s Fork Exec Exit  Watts    dram   dram   dram   dram  pkg-0  pkg-3  pkg-2  pkg-1
11:03:44   0.0   0.0   0.0  99.9   0.0    1    124    453    0    0    0 261.70   12.03  11.56  11.98  11.97  69.02  63.81  63.35  65.52
11:03:45   0.0   0.0   0.0 100.0   0.0    1    124    486    0    0    0 261.72   11.94  11.79  12.05  11.98  68.95  63.80  63.43  65.54
11:03:46   0.0   0.0   0.0 100.0   0.0    1     62    391    0    0    0 262.08   11.97  11.92  12.00  11.98  69.01  63.74  63.80  65.53
11:03:47   0.0   0.0   0.0 100.0   0.0    1     94    448    0    0    0 262.02   11.98  11.96  11.95  12.00  69.02  63.80  63.73  65.47
11:03:48   0.0   0.0   0.0 100.0   0.0    1    105    443    0    0    0 261.64   11.94  12.00  12.02  12.00  68.95  63.80  63.35  65.54
11:03:49   0.0   0.0   0.0 100.0   0.0    1    136    525    1    0    0 262.08   12.01  11.85  11.96  11.98  69.02  63.73  63.80  65.53
11:03:50   0.0   0.0   0.0 100.0   0.0    1     84    399    0    0    0 262.17   11.86  11.93  11.91  12.00  69.02  63.80  63.81  65.54
11:03:51   0.0   0.0   0.0 100.0   0.0    1    100    456    0    0    0 262.03   12.05  11.91  11.98  11.97  69.01  63.81  63.74  65.48
11:03:52   0.0   0.0   0.0 100.0   0.0    1    124    532    0    0    0 262.01   12.01  11.89  12.00  12.00  68.95  63.72  63.80  65.54
11:03:53   0.0   0.0   0.0 100.0   0.0    1    126    481    0    0    0 262.02   12.04  11.87  11.98  12.01  69.01  63.66  63.80  65.55
11:03:54   0.0   0.0   0.0 100.0   0.0    1     84    410    0    0    0 262.01   12.03  11.71  11.96  11.96  69.00  63.81  63.74  65.46
11:03:55   0.0   0.0   0.0 100.0   0.0    1     86    449    0    0    0 262.09   11.94  11.47  11.96  12.01  68.95  63.80  63.80  65.54
11:03:56   0.0   0.0   0.0 100.0   0.0    1    109    435    0    0    0 262.09   12.00  11.70  12.03  11.98  69.01  63.74  63.80  65.54
11:03:57   0.0   0.0   0.0 100.0   0.0    1    136    430    0    0    0 261.94   11.90  11.54  11.98  12.03  69.02  63.70  63.74  65.48
11:03:58   0.0   0.0   0.0 100.0   0.0    1     68    467    0    0    0 261.83   11.96  11.69  12.01  12.01  69.00  63.72  63.81  65.30
11:03:59   0.0   0.0   0.0 100.0   0.0    1     80    363    0    0    0 261.90   12.01  11.62  12.00  11.95  68.94  63.80  63.62  65.54
11:04:00   0.3   0.0   0.1  99.6   0.0    1   1004    743    0    0    0 262.25   11.96  11.65  11.97  11.94  69.01  63.80  63.74  65.70
11:04:01   0.0   0.0   0.0 100.0   0.0    1    126    423    0    0    0 262.05   11.96  11.93  11.95  11.98  68.97  63.81  63.80  65.46
11:04:02   0.0   0.0   0.0 100.0   0.0    1     84    474    0    0    0 262.01   12.00  11.91  11.97  12.02  69.00  63.74  63.73  65.53
11:04:03   0.0   0.0   0.0 100.0   0.0    1     86    375    0    0    0 262.04   11.97  11.91  11.96  11.95  68.95  63.80  63.80  65.49
11:04:04   0.0   0.0   0.0 100.0   0.0    1    124    516    0    0    0 261.59   12.00  11.62  11.98  11.90  68.88  63.79  63.73  65.18
11:04:05   0.0   0.0   0.0 100.0   0.0    1    134    428    0    0    1 261.68   12.00  11.72  11.98  11.90  69.02  63.73  63.61  65.32
  Time    User  Nice   Sys  Idle    IO  Run Ctxt/s  IRQ/s Fork Exec Exit  Watts    dram   dram   dram   dram  pkg-0  pkg-3  pkg-2  pkg-1
11:04:06   0.0   0.0   0.0 100.0   0.0    1     64    453    0    0    0 261.69   11.90  11.67  12.01  11.94  68.94  63.80  63.79  65.16
11:04:07   0.0   0.0   0.0 100.0   0.0    1     80    386    0    0    0 262.00   12.02  11.78  11.95  11.91  69.02  63.81  63.74  65.43
11:04:08   0.0   0.0   0.0 100.0   0.0    1    122    587    0    0    0 262.09   12.03  11.61  11.97  12.04  69.02  63.74  63.81  65.53
11:04:09   0.0   0.0   0.0 100.0   0.0    1    136    410    0    0    0 262.09   11.91  11.76  11.96  12.00  68.98  63.80  63.79  65.52
11:04:10   0.0   0.0   0.0 100.0   0.0    1     74    465    0    0    0 261.65   12.00  11.77  11.95  12.02  68.95  63.80  63.74  65.16
11:04:11   0.0   0.0   0.0 100.0   0.0    1     80    378    0    0    0 262.04   12.03  11.78  12.03  11.95  69.02  63.75  63.81  65.47
11:04:12   0.0   0.0   0.0 100.0   0.0    1    106    506    0    0    0 262.14   11.97  11.60  12.02  12.01  69.01  63.80  63.80  65.53
11:04:13   0.0   0.0   0.0 100.0   0.0    1    136    414    0    0    0 262.00   11.94  11.72  12.02  12.07  68.94  63.81  63.77  65.47
11:04:14   0.0   0.0   0.0  99.9   0.0    1     86    473    0    0    0 261.87   11.98  11.82  12.00  11.92  69.01  63.80  63.73  65.33
11:04:15   0.0   0.0   0.0 100.0   0.0    1     98    383    0    0    0 262.03   12.02  11.89  11.96  12.06  69.01  63.74  63.81  65.47
11:04:16   0.0   0.0   0.0 100.0   0.0    1    106    572    0    0    0 262.18   11.98  11.97  11.97  12.02  69.02  63.82  63.80  65.54
11:04:17   0.0   0.0   0.0 100.0   0.0    1    128    429    0    0    0 261.96   11.95  11.83  12.00  11.88  68.94  63.74  63.74  65.54
11:04:18   0.0   0.0   0.0 100.0   0.0    1     78    465    0    0    0 262.10   11.94  11.95  12.00  12.00  69.02  63.80  63.80  65.47
11:04:19   0.0   0.0   0.0 100.0   0.0    1    109    370    0    0    0 262.15   11.97  11.95  12.02  12.00  69.02  63.81  63.79  65.54
11:04:20   0.0   0.0   0.0 100.0   0.0    1    103    493    0    0    0 261.95   11.96  11.88  11.98  11.97  69.00  63.74  63.74  65.47
11:04:21   0.0   0.0   0.0 100.0   0.0    1    166    425    0    0    0 262.03   11.96  11.86  12.03  11.97  68.95  63.81  63.80  65.48
-------- ----- ----- ----- ----- ----- ---- ------ ------ ---- ---- ---- ------  ------ ------ ------ ------ ------ ------ ------ ------
 Average   0.0   0.0   0.0  99.9   0.0  1.0  257.1  476.5  0.0  0.0  0.0 261.99   11.98  11.75  11.98  11.98  68.99  63.77  63.70  65.52
  StdDev   0.1   0.0   0.0   0.1   0.0  0.0  321.4   84.6  0.1  0.0  0.1   0.24    0.04   0.15   0.04   0.04   0.04   0.04   0.20   0.14
-------- ----- ----- ----- ----- ----- ---- ------ ------ ---- ---- ---- ------  ------ ------ ------ ------ ------ ------ ------ ------
 Minimum   0.0   0.0   0.0  99.6   0.0  1.0   62.0  363.0  0.0  0.0  0.0 261.18   11.86  11.47  11.85  11.88  68.88  63.65  62.77  65.16
 Maximum   0.3   0.0   0.2 100.0   0.1  1.0 1129.0  828.0  1.0  0.0  1.0 262.37   12.06  12.00  12.06  12.07  69.09  63.91  63.81  65.81
-------- ----- ----- ----- ----- ----- ---- ------ ------ ---- ---- ---- ------  ------ ------ ------ ------ ------ ------ ------ ------
Summary:
CPU: 261.99 Watts on average with standard deviation 0.24  
Note: power read from RAPL domains: dram, dram, dram, dram, package-0, package-3, package-2, package-1.
These readings do not cover all the hardware in this device.

Histogram (of 60 power measurements)

  Range (Watts)   Count
261.183 - 261.301     2 ####
261.302 - 261.420     0 
261.421 - 261.539     0 
261.540 - 261.659     4 ########
261.660 - 261.778     4 ########
261.779 - 261.897     5 ##########
261.898 - 262.016    13 ##########################
262.017 - 262.135    20 ########################################
262.136 - 262.255     5 ##########
262.256 - 262.374     7 ##############

Histogram (of 60 CPU utilization measurements)

Range (%CPU)  Count
0.000 - 0.044    44 ########################################
0.045 - 0.089     4 ###
0.090 - 0.134     0 
0.135 - 0.179     1 
0.180 - 0.224     2 #
0.225 - 0.269     3 ##
0.270 - 0.314     2 #
0.315 - 0.359     0 
0.360 - 0.403     1 
0.404 - 0.448     3 ##
