Running for 60.0 seconds (60 samples at 1.0 second intervals).
Power measurements will start in 0 seconds time.

  Time    User  Nice   Sys  Idle    IO  Run Ctxt/s  IRQ/s Fork Exec Exit  Watts    dram   dram   dram   dram  pkg-0  pkg-3  pkg-2  pkg-1
11:04:23  51.5   0.0   0.1  48.4   0.0   42   1215  11201    0    0    0 269.27   11.98  11.68  11.99  11.99  70.84  65.52  65.52  67.39
11:04:24  51.4   0.0   0.1  48.5   0.1   42    788  11060    0    0    0 269.25   11.98  11.77  11.98  11.99  70.88  65.55  65.49  67.32
11:04:25  51.6   0.0   0.1  48.4   0.0   42   1132  11224    0    0    0 269.28   11.96  11.68  12.02  11.98  70.95  65.49  65.53  67.31
11:04:26  51.5   0.0   0.1  48.4   0.0   42   1113  11081    0    0    0 269.22   11.98  11.82  11.95  12.01  70.89  65.54  65.54  67.25
11:04:27  51.4   0.0   0.0  48.6   0.0   42    620  11018    0    0    0 269.43   12.03  11.76  11.97  11.94  70.87  65.79  65.48  67.30
11:04:28  51.5   0.0   0.1  48.4   0.0   42   1034  11052    0    0    0 269.30   12.02  11.89  11.97  11.97  70.98  65.47  65.54  67.31
11:04:29  51.5   0.0   0.1  48.4   0.0   42   1191  11130    0    0    0 269.23   12.01  11.78  11.98  11.95  70.90  65.53  65.54  67.26
11:04:30  51.4   0.0   0.0  48.5   0.0   42    765  11059    0    0    0 269.26   11.94  11.59  11.97  11.96  70.86  65.55  65.55  67.30
11:04:31  51.5   0.0   0.1  48.4   0.0   42    969  11049    0    0    0 269.26   11.94  11.63  11.98  11.94  70.74  65.52  65.51  67.49
11:04:32  51.5   0.0   0.1  48.4   0.0   42   1105  11092    0    0    0 269.36   12.00  11.69  12.01  11.97  70.90  65.50  65.49  67.47
11:04:33  51.4   0.0   0.0  48.6   0.0   42    655  11146    0    0    0 269.08   11.96  11.74  12.01  11.96  70.67  65.53  65.53  67.35
11:04:34  51.3   0.0   0.0  48.7   0.0   42    316  10974    0    0    0 269.19   11.98  11.50  12.00  11.94  70.80  65.51  65.51  67.38
11:04:35  51.3   0.0   0.0  48.7   0.0   42    285  10980    0    0    0 268.97   11.94  11.80  11.97  11.96  70.68  65.54  65.54  67.21
11:04:36  51.3   0.0   0.0  48.7   0.0   42    391  10998    0    0    0 269.12   12.00  11.87  11.98  11.95  70.75  65.54  65.54  67.29
11:04:37  52.3   0.0   0.1  47.6   0.0   44   3360  11513    0    0    0 269.96   12.01  11.81  12.06  11.99  70.99  65.50  65.50  67.97
11:04:38  52.3   0.0   0.3  47.4   0.0   42   3683  11465    0    0    0 269.93   12.04  11.85  11.96  11.98  71.21  65.53  65.54  67.65
11:04:39  52.3   0.0   0.2  47.5   0.0   43   4433  11575    1    1    2 270.10   11.97  11.91  12.02  12.04  70.77  65.58  65.47  68.28
11:04:40  51.7   0.0   0.1  48.2   0.0   42   1280  11234    0    0    0 269.42   11.95  11.96  11.96  11.99  70.76  65.47  65.54  67.65
11:04:41  51.5   0.0   0.1  48.4   0.0   42   1031  11220    0    0    0 269.46   11.99  11.89  12.02  11.90  70.70  65.55  65.55  67.66
11:04:42  51.4   0.0   0.1  48.5   0.0   44    959  11098    0    0    0 269.95   11.97  11.86  12.02  12.01  70.82  65.60  65.61  67.92
11:04:43  52.1   0.0   0.2  47.7   0.0   45   3100  11386    0    0    0 269.86   11.99  11.74  12.04  12.03  70.75  65.53  65.52  68.05
11:04:44  52.0   0.0   0.3  47.7   0.0   42   2643  11360    1    1    1 269.45   12.04  11.83  11.97  11.95  70.66  65.45  65.59  67.75
  Time    User  Nice   Sys  Idle    IO  Run Ctxt/s  IRQ/s Fork Exec Exit  Watts    dram   dram   dram   dram  pkg-0  pkg-3  pkg-2  pkg-1
11:04:45  51.5   0.0   0.0  48.4   0.0   42   1030  11147    0    0    0 269.32   12.00  11.92  11.94  11.93  70.72  65.51  65.63  67.46
11:04:46  51.8   0.0   0.1  48.1   0.0   42   2038  11184    0    0    0 269.63   12.01  11.91  11.98  12.04  70.74  65.53  65.53  67.83
11:04:47  51.5   0.0   0.1  48.4   0.0   42   1357  11186    1    0    1 269.45   11.99  11.93  12.02  12.05  70.76  65.48  65.55  67.65
11:04:48  51.6   0.0   0.1  48.3   0.0   42   1401  11233    1    0    1 269.45   12.03  11.96  11.99  11.94  70.71  65.50  65.73  67.50
11:04:49  51.8   0.0   0.2  48.0   0.0   44   2063  11353    0    0    0 269.68   12.01  11.94  12.00  11.96  70.76  65.53  65.95  67.43
11:04:50  51.5   0.0   0.1  48.3   0.0   42   1390  11023    0    0    0 269.41   11.94  11.87  12.02  11.93  70.76  65.52  65.64  67.50
11:04:51  52.1   0.0   0.2  47.7   0.0   42   3223  11464    1    0    1 270.16   11.97  11.77  11.96  11.99  70.78  65.53  65.54  68.30
11:04:52  51.9   0.0   0.1  48.0   0.0   42   2409  11205    1    1    1 269.61   12.01  11.93  11.91  11.97  70.80  65.56  65.49  67.76
11:04:53  51.5   0.0   0.0  48.4   0.0   42   1202  11173    0    0    0 269.39   12.00  11.95  11.96  12.02  70.77  65.49  65.54  67.59
11:04:54  51.5   0.0   0.1  48.4   0.0   42    999  10990    0    0    0 269.29   11.99  11.99  12.00  11.98  70.72  65.50  65.51  67.55
11:04:55  51.4   0.0   0.0  48.6   0.0   42    620  11077    0    0    0 269.39   11.93  11.87  12.04  12.01  70.75  65.53  65.72  67.40
11:04:56  51.5   0.0   0.1  48.4   0.1   42    989  10983    0    0    0 269.34   11.97  11.88  11.95  11.95  70.74  65.53  65.53  67.55
11:04:57  51.5   0.0   0.1  48.4   0.0   42   1211  11230    0    0    0 269.43   12.01  11.84  11.95  11.98  70.76  65.54  65.54  67.59
11:04:58  51.4   0.0   0.1  48.6   0.0   42    690  11044    0    0    0 269.60   11.97  11.67  11.97  11.96  70.69  65.50  65.49  67.92
11:04:59  51.5   0.0   0.1  48.4   0.0   42    976  11094    0    0    0 269.77   11.97  11.91  12.02  11.94  70.74  65.53  65.53  67.97
11:05:00  51.5   0.0   0.1  48.4   0.0   42   1046  10992    0    0    0 269.46   11.95  11.92  12.01  12.00  70.75  65.53  65.54  67.63
11:05:01  51.6   0.0   0.1  48.3   0.0   42   1550  11257    0    0    0 269.42   11.96  11.96  11.96  11.94  70.75  65.53  65.47  67.67
11:05:02  51.5   0.0   0.1  48.4   0.0   42   1091  11020    0    0    0 269.25   12.04  11.81  11.99  12.00  70.74  65.48  65.55  67.48
11:05:03  51.4   0.0   0.0  48.6   0.0   42    611  11069    0    0    0 269.72   11.99  11.98  11.96  11.98  70.78  65.56  65.49  67.90
11:05:04  51.3   0.0   0.0  48.7   0.0   42    284  10911    0    0    0 269.97   12.01  11.90  12.00  11.96  70.70  65.49  65.55  68.23
11:05:05  51.3   0.0   0.0  48.7   0.0   42    353  11137    0    0    0 269.77   11.95  11.85  11.97  12.06  70.75  65.54  65.54  67.94
11:05:06  51.3   0.0   0.0  48.7   0.0   42    385  11020    0    0    0 270.16   11.97  11.95  11.96  11.94  70.75  65.54  65.48  68.40
  Time    User  Nice   Sys  Idle    IO  Run Ctxt/s  IRQ/s Fork Exec Exit  Watts    dram   dram   dram   dram  pkg-0  pkg-3  pkg-2  pkg-1
11:05:07  51.3   0.0   0.0  48.7   0.0   42    330  11072    0    0    0 270.18   12.00  11.97  12.01  11.92  70.68  65.48  65.54  68.48
11:05:08  51.3   0.0   0.0  48.7   0.0   42    265  10899    0    0    0 269.86   11.98  11.88  12.00  12.00  70.75  65.54  65.54  68.03
11:05:09  51.3   0.0   0.0  48.7   0.0   42    333  11105    0    0    0 270.22   11.95  12.00  11.95  11.97  70.75  65.54  65.47  68.46
11:05:10  51.3   0.0   0.0  48.7   0.0   42    284  10892    0    0    0 270.31   11.94  11.95  11.98  12.01  70.70  65.48  65.54  68.59
11:05:11  51.3   0.0   0.0  48.7   0.0   42    225  11031    0    0    0 270.19   11.96  11.94  11.97  11.95  70.75  65.54  65.54  68.36
11:05:12  51.3   0.0   0.0  48.7   0.0   42    326  10939    0    0    0 270.20   11.98  11.96  12.00  11.95  70.76  65.55  65.48  68.41
11:05:13  51.3   0.0   0.0  48.7   0.0   42    369  11105    0    0    0 270.54   11.97  12.00  11.98  12.01  70.75  65.47  65.54  68.78
11:05:14  51.3   0.0   0.0  48.7   0.0   42    264  10976    0    0    0 269.74   12.05  11.98  12.00  11.98  70.69  65.55  65.54  67.97
11:05:15  51.3   0.0   0.0  48.7   0.0   42    315  11094    0    0    0 269.43   12.02  12.00  11.90  12.01  70.75  65.54  65.53  67.61
11:05:16  51.3   0.0   0.0  48.7   0.0   42    239  10888    0    0    0 269.54   11.95  12.00  12.06  12.01  70.75  65.54  65.47  67.77
11:05:17  51.3   0.0   0.0  48.7   0.0   42    234  11082    0    0    0 268.97   12.01  11.96  11.95  11.90  70.68  65.47  65.54  67.28
11:05:18  51.3   0.0   0.0  48.7   0.0   42    368  10935    0    0    0 269.27   12.06  11.93  11.97  11.98  70.75  65.54  65.55  67.43
11:05:19  51.3   0.0   0.0  48.7   0.0   42    211  11019    0    0    0 270.05   11.95  11.97  11.98  11.95  70.75  65.59  65.47  68.24
11:05:20  51.3   0.0   0.0  48.7   0.0   42    349  10909    0    0    0 269.37   11.91  11.98  11.98  11.96  70.68  65.47  65.55  67.67
11:05:21  51.3   0.0   0.0  48.7   0.0   42    413  11126    0    0    0 269.61   12.02  11.96  11.96  12.03  70.75  65.54  65.54  67.78
11:05:22  51.3   0.0   0.0  48.7   0.0   42    374  11045    0    0    0 269.47   11.94  11.93  12.03  11.98  70.76  65.54  65.47  67.69
-------- ----- ----- ----- ----- ----- ---- ------ ------ ---- ---- ---- ------  ------ ------ ------ ------ ------ ------ ------ ------
 Average  51.5   0.0   0.1  48.4   0.0 42.2 1064.8 11113.7  0.1  0.1  0.1 269.58   11.98  11.87  11.99  11.98  70.77  65.53  65.54  67.74
  StdDev   0.3   0.0   0.1   0.3   0.0  0.6  937.8  153.9  0.3  0.2  0.4   0.36    0.03   0.11   0.03   0.03   0.09   0.05   0.07   0.39
-------- ----- ----- ----- ----- ----- ---- ------ ------ ---- ---- ---- ------  ------ ------ ------ ------ ------ ------ ------ ------
 Minimum  51.3   0.0   0.0  47.4   0.0 42.0  211.0 10888.0  0.0  0.0  0.0 268.97   11.91  11.50  11.90  11.90  70.66  65.45  65.47  67.21
 Maximum  52.3   0.0   0.3  48.7   0.1 45.0 4433.0 11575.0  1.0  1.0  2.0 270.54   12.06  12.00  12.06  12.06  71.21  65.79  65.95  68.78
-------- ----- ----- ----- ----- ----- ---- ------ ------ ---- ---- ---- ------  ------ ------ ------ ------ ------ ------ ------ ------
Summary:
CPU: 269.58 Watts on average with standard deviation 0.36  
Note: power read from RAPL domains: dram, dram, dram, dram, package-0, package-3, package-2, package-1.
These readings do not cover all the hardware in this device.

Histogram (of 60 power measurements)

  Range (Watts)   Count
268.968 - 269.124     4 ###########
269.125 - 269.281    10 ############################
269.282 - 269.438    14 ########################################
269.439 - 269.595     7 ####################
269.596 - 269.752     7 ####################
269.753 - 269.909     4 ###########
269.910 - 270.066     5 ##############
270.067 - 270.223     7 ####################
270.224 - 270.381     1 ##
270.382 - 270.538     1 ##

Histogram (of 60 CPU utilization measurements)

 Range (%CPU)   Count
51.269 - 51.406    22 ########################################
51.407 - 51.543     8 ##############
51.544 - 51.681    19 ##################################
51.682 - 51.818     2 ###
51.819 - 51.956     1 #
51.957 - 52.094     2 ###
52.095 - 52.231     0 
52.232 - 52.369     3 #####
52.370 - 52.506     1 #
52.507 - 52.644     2 ###
