Running for 60.0 seconds (60 samples at 1.0 second intervals).
Power measurements will start in 0 seconds time.

  Time    User  Nice   Sys  Idle    IO  Run Ctxt/s  IRQ/s Fork Exec Exit  Watts    dram   dram   dram   dram  pkg-0  pkg-3  pkg-2  pkg-1
11:05:23 100.0   0.0   0.0   0.0   0.0   82    313  20379    0    1    0 274.93   11.95  11.94  11.99  12.05  72.26  66.46  67.25  68.95
11:05:24 100.0   0.0   0.1   0.0   0.0   82    408  20562    0    0    0 274.93   11.98  11.93  11.98  12.02  71.89  66.87  67.15  69.02
11:05:25 100.0   0.0   0.0   0.0   0.0   82    282  20363    0    0    0 275.30   11.97  11.96  11.94  11.96  72.38  66.95  67.04  68.93
11:05:26 100.0   0.0   0.0   0.0   0.0   82    215  20461    0    0    0 274.96   12.00  11.92  11.90  11.94  72.16  66.93  66.92  68.96
11:05:27 100.0   0.0   0.0   0.0   0.0   82    192  20377    0    0    0 274.11   11.98  11.90  11.97  12.01  71.85  66.63  66.64  68.99
11:05:28 100.0   0.0   0.0   0.0   0.0   82    218  20490    0    0    0 273.24   12.01  11.86  11.97  11.95  71.85  66.48  66.04  68.87
11:05:29 100.0   0.0   0.0   0.0   0.0   82    210  20347    0    0    0 273.75   11.97  11.74  12.01  11.94  71.71  66.93  66.08  69.02
11:05:30 100.0   0.0   0.0   0.0   0.0   82    172  20554    0    0    0 274.31   12.02  11.87  11.95  12.03  71.79  66.73  66.81  68.98
11:05:31 100.0   0.0   0.0   0.0   0.0   82    175  20344    0    0    0 273.29   11.95  11.89  11.95  12.00  72.13  66.52  65.91  68.74
11:05:32 100.0   0.0   0.0   0.0   0.0   82    193  20497    0    0    0 274.12   12.01  11.93  11.94  11.98  72.30  66.26  66.56  69.00
11:05:33 100.0   0.0   0.0   0.0   0.0   82    210  20363    0    0    0 274.42   11.98  11.92  11.97  12.00  72.17  66.69  66.56  69.00
11:05:34 100.0   0.0   0.0   0.0   0.0   82    233  20515    0    0    0 274.39   12.01  11.87  11.95  11.98  71.52  66.98  66.95  68.93
11:05:35 100.0   0.0   0.0   0.0   0.0   82    169  20343    0    0    0 273.70   12.02  11.96  11.96  12.02  71.42  66.41  66.89  68.99
11:05:36 100.0   0.0   0.0   0.0   0.0   82    200  20470    0    0    0 274.78   12.01  11.96  11.98  12.04  72.06  66.73  67.00  68.99
11:05:37 100.0   0.0   0.0   0.0   0.0   82    233  20427    0    0    0 274.18   12.01  11.99  11.98  11.91  71.55  66.91  66.78  68.93
11:05:38 100.0   0.0   0.0   0.0   0.0   82    162  20556    0    0    0 272.71   11.95  11.98  12.00  11.94  70.88  65.98  66.85  69.00
11:05:39 100.0   0.0   0.0   0.0   0.0   82    231  20383    0    0    1 274.46   11.95  11.95  11.92  12.01  71.56  66.68  67.23  68.99
11:05:40 100.0   0.0   0.0   0.0   0.0   82    185  20487    0    0    0 273.69   11.98  11.80  12.01  11.96  72.36  65.85  66.51  68.97
11:05:41 100.0   0.0   0.0   0.0   0.0   82    274  20452    0    0    1 274.76   11.98  11.86  11.95  11.98  72.38  66.94  66.56  68.89
11:05:42 100.0   0.0   0.0   0.0   0.0   82    161  20485    0    0    0 273.77   11.97  11.84  12.02  12.04  72.02  66.96  65.79  69.01
11:05:43 100.0   0.0   0.0   0.0   0.0   82    175  20355    0    0    0 275.19   11.98  11.82  11.94  11.97  72.43  66.77  66.97  69.01
11:05:44  99.9   0.0   0.0   0.0   0.0   82    262  20535    0    0    0 274.36   11.98  11.80  11.89  11.98  71.89  66.74  66.79  68.94
  Time    User  Nice   Sys  Idle    IO  Run Ctxt/s  IRQ/s Fork Exec Exit  Watts    dram   dram   dram   dram  pkg-0  pkg-3  pkg-2  pkg-1
11:05:45 100.0   0.0   0.0   0.0   0.0   82    208  20367    0    0    0 273.63   12.02  11.97  12.00  12.00  71.47  66.63  66.64  68.90
11:05:46 100.0   0.0   0.0   0.0   0.0   82    165  20541    0    0    0 274.65   11.91  11.94  12.06  11.98  71.87  67.13  66.69  68.96
11:05:47 100.0   0.0   0.0   0.0   0.0   82    163  20362    0    0    0 274.37   12.04  11.90  12.03  11.92  72.28  67.12  66.09  68.88
11:05:48 100.0   0.0   0.0   0.0   0.0   82    195  20495    0    0    0 273.39   12.00  11.87  12.00  12.01  71.41  66.83  66.19  68.96
11:05:49 100.0   0.0   0.0   0.0   0.0   82    210  20354    0    0    0 272.84   12.02  11.83  12.00  12.00  71.80  66.30  65.90  68.84
11:05:50 100.0   0.0   0.0   0.0   0.0   82    169  20468    0    0    0 273.62   11.92  11.86  12.02  11.97  72.42  66.22  66.09  68.89
11:05:51 100.0   0.0   0.0   0.0   0.0   82    206  20375    0    0    0 273.92   12.00  11.92  11.97  11.95  71.98  66.84  66.09  69.01
11:05:52 100.0   0.0   0.0   0.0   0.0   82    204  20510    0    0    0 274.10   12.01  11.77  11.95  11.98  71.69  66.83  66.60  68.98
11:05:53 100.0   0.0   0.0   0.0   0.0   82    214  20369    0    0    0 274.28   12.02  11.97  11.97  11.96  72.17  66.24  66.94  68.94
11:05:54 100.0   0.0   0.0   0.0   0.0   82    227  20595    0    0    0 274.29   11.95  12.02  12.02  11.94  72.22  66.37  66.70  69.00
11:05:55 100.0   0.0   0.0   0.0   0.0   82    167  20329    0    0    0 272.80   11.96  11.97  11.95  11.97  71.39  66.16  66.28  68.96
11:05:56 100.0   0.0   0.0   0.0   0.0   82    198  20467    0    0    0 273.77   12.02  11.98  11.94  11.96  71.36  66.91  66.49  69.01
11:05:57 100.0   0.0   0.0   0.0   0.0   82    220  20385    0    0    0 273.94   12.07  11.90  11.90  11.86  72.07  66.67  66.30  68.90
11:05:58 100.0   0.0   0.0   0.0   0.0   82    162  20471    0    0    0 273.86   11.98  11.84  11.97  12.00  72.02  67.07  65.78  68.98
11:05:59 100.0   0.0   0.0   0.0   0.0   82    174  20336    0    0    0 274.57   12.01  11.82  11.98  11.97  72.45  66.57  66.54  69.00
11:06:00  99.7   0.0   0.0   0.3   0.0   82   1017  20586    0    0    0 273.34   12.02  11.93  11.95  11.94  71.93  66.83  65.78  68.81
11:06:01  99.7   0.0   0.0   0.3   0.0   82    214  20383    0    0    0 274.91   12.00  11.97  12.03  11.96  72.34  67.09  66.57  68.91
11:06:02 100.0   0.0   0.0   0.0   0.0   82    195  20511    0    0    0 275.05   12.00  11.93  11.96  12.04  72.27  67.19  66.58  69.01
11:06:03 100.0   0.0   0.0   0.0   0.0   82    172  20432    0    0    0 274.61   11.96  11.85  12.01  11.98  72.31  66.92  66.44  68.95
11:06:04  99.9   0.0   0.0   0.0   0.0   82    271  20523    0    0    0 274.52   11.95  11.85  11.95  12.01  72.49  66.99  66.05  68.99
11:06:05 100.0   0.0   0.0   0.0   0.0   82    206  20362    0    0    0 273.63   12.00  11.82  11.96  11.96  72.38  66.37  65.98  68.90
11:06:06 100.0   0.0   0.0   0.0   0.0   82    154  20371    0    0    0 274.41   11.97  11.89  11.98  12.00  72.39  66.44  66.63  68.94
  Time    User  Nice   Sys  Idle    IO  Run Ctxt/s  IRQ/s Fork Exec Exit  Watts    dram   dram   dram   dram  pkg-0  pkg-3  pkg-2  pkg-1
11:06:07 100.0   0.0   0.0   0.0   0.0   82    176  20448    0    0    0 274.61   12.01  11.75  12.01  12.01  72.13  66.95  66.52  69.01
11:06:08 100.0   0.0   0.0   0.0   0.0   82    249  20475    0    0    1 273.72   12.02  11.78  12.00  12.04  72.15  67.14  66.19  68.25
11:06:09 100.0   0.0   0.0   0.0   0.0   82    214  20426    0    0    0 274.40   11.91  11.72  12.01  11.96  72.31  67.17  66.01  68.91
11:06:10 100.0   0.0   0.0   0.0   0.0   82    157  20400    0    0    0 273.95   11.89  11.69  11.98  11.95  72.48  66.70  65.92  68.85
11:06:11 100.0   0.0   0.0   0.0   0.0   82    165  20490    0    0    0 273.51   11.98  11.62  12.03  11.98  72.37  66.24  65.92  68.98
11:06:12 100.0   0.0   0.0   0.0   0.0   82    191  20429    0    0    0 275.14   11.91  11.66  12.02  11.96  72.46  66.87  66.80  69.01
11:06:13 100.0   0.0   0.0   0.0   0.0   82    212  20436    0    0    0 275.00   11.95  11.82  11.97  11.95  72.42  67.10  66.54  68.95
11:06:14  99.9   0.0   0.0   0.0   0.0   82    223  20442    0    0    0 274.63   11.94  11.94  11.98  12.04  72.41  67.13  66.08  69.01
11:06:15 100.0   0.0   0.0   0.0   0.0   82    202  20432    0    0    0 275.03   11.95  11.97  11.96  11.97  72.40  67.15  66.47  69.02
11:06:16 100.0   0.0   0.0   0.0   0.0   82    185  20396    0    0    0 275.12   11.96  11.78  12.01  11.97  72.40  67.18  66.64  68.91
11:06:17 100.0   0.0   0.0   0.0   0.0   82    211  20455    0    0    0 274.90   11.96  11.77  12.00  11.96  72.43  67.19  66.38  68.91
11:06:18 100.0   0.0   0.0   0.0   0.0   82    159  20408    0    0    0 274.55   11.88  11.74  11.96  12.04  72.39  67.19  66.04  68.92
11:06:19 100.0   0.0   0.0   0.0   0.0   82    186  20468    0    0    0 274.08   11.95  11.71  11.96  11.96  72.38  67.20  65.59  68.91
11:06:20 100.0   0.0   0.0   0.0   0.0   82    185  20421    0    0    0 273.44   11.96  11.83  12.01  12.01  72.49  66.89  65.65  68.40
11:06:21 100.0   0.0   0.0   0.0   0.0   82    257  20458    0    0    0 274.09   11.92  11.88  11.91  12.01  72.31  67.25  65.56  68.97
11:06:22 100.0   0.0   0.0   0.0   0.0   82    490  20587    5    4    3 274.04   11.90  11.87  12.01  11.96  72.26  67.23  65.61  68.94
-------- ----- ----- ----- ----- ----- ---- ------ ------ ---- ---- ---- ------  ------ ------ ------ ------ ------ ------ ------ ------
 Average 100.0   0.0   0.0   0.0   0.0 82.0  224.1 20441.8  0.1  0.1  0.1 274.20   11.98  11.87  11.98  11.98  72.08  66.78  66.41  68.93
  StdDev   0.1   0.0   0.0   0.0   0.0  0.0  117.5   71.1  0.6  0.5  0.4   0.63    0.04   0.09   0.04   0.04   0.37   0.34   0.44   0.13
-------- ----- ----- ----- ----- ----- ---- ------ ------ ---- ---- ---- ------  ------ ------ ------ ------ ------ ------ ------ ------
 Minimum  99.7   0.0   0.0   0.0   0.0 82.0  154.0 20329.0  0.0  0.0  0.0 272.71   11.88  11.62  11.89  11.86  70.88  65.85  65.56  68.25
 Maximum 100.0   0.0   0.1   0.3   0.0 82.0 1017.0 20595.0  5.0  4.0  3.0 275.30   12.07  12.02  12.06  12.05  72.49  67.25  67.25  69.02
-------- ----- ----- ----- ----- ----- ---- ------ ------ ---- ---- ---- ------  ------ ------ ------ ------ ------ ------ ------ ------
Summary:
CPU: 274.20 Watts on average with standard deviation 0.63  
Note: power read from RAPL domains: dram, dram, dram, dram, package-0, package-3, package-2, package-1.
These readings do not cover all the hardware in this device.

Histogram (of 60 power measurements)

  Range (Watts)   Count
272.714 - 272.972     3 ##########
272.973 - 273.230     0 
273.231 - 273.489     5 ##################
273.490 - 273.747     8 #############################
273.748 - 274.006     6 #####################
274.007 - 274.265     7 #########################
274.266 - 274.523    11 ########################################
274.524 - 274.782     8 #############################
274.783 - 275.040     7 #########################
275.041 - 275.299     5 ##################

Histogram (of 60 CPU utilization measurements)

  Range (%CPU)    Count
 99.700 -  99.729     1 
 99.730 -  99.759     1 
 99.760 -  99.789     0 
 99.790 -  99.819     0 
 99.820 -  99.849     0 
 99.850 -  99.879     0 
 99.880 -  99.909     0 
 99.910 -  99.939     0 
 99.940 -  99.969     4 ##
 99.970 -  99.999    54 ########################################
