fnl@fnl-one:~$ powerstat -RDH
Running for 60.0 seconds (60 samples at 1.0 second intervals).
Power measurements will start in 0 seconds time.

  Time    User  Nice   Sys  Idle    IO  Run Ctxt/s  IRQ/s  Watts    dram   dram   dram   dram  pkg-0  pkg-1  pkg-2  pkg-3
20:48:14   6.3   0.0   9.7  84.0   0.0    9 1422610  95076 270.18   11.90  11.44  12.09  12.11  70.80  66.59  65.79  67.00
20:48:15   6.4   0.0  10.2  83.4   0.0   19 1354443  91695 269.12   11.98  11.46  12.02  12.02  70.83  66.16  65.10  67.03
20:48:16   6.5   0.0  10.0  83.5   0.0   14 1382487  93224 269.15   12.01  11.55  12.06  12.02  70.84  66.09  65.09  67.13
20:48:17   6.4   0.0  10.0  83.5   0.0   14 1389744  92254 269.28   11.98  11.55  12.05  12.01  70.84  65.90  65.54  67.01
20:48:18   6.1   0.0  10.0  83.9   0.0   12 1248825  84338 268.55   12.00  11.55  12.08  12.00  70.85  65.60  65.20  66.90
20:48:19   6.4   0.0   9.8  83.8   0.0   15 1257302  84582 268.01   11.88  11.57  12.03  12.10  70.87  65.88  64.65  66.61
20:48:20   6.1   0.0   9.5  84.4   0.0   16 1352492  89819 268.44   11.91  11.62  12.06  12.01  70.97  65.98  65.67  65.82
20:48:21   6.5   0.0   9.7  83.8   0.0   10 1431428  94143 269.53   12.00  11.57  12.06  12.10  70.82  65.94  65.49  67.28
20:48:22   6.7   0.0  10.9  82.4   0.0   12 1363523  92431 269.65   11.86  11.43  12.01  12.13  70.86  66.23  65.39  67.17
20:48:23   6.0   0.0  10.0  84.0   0.0   17 1330333  89271 268.00   12.01  11.44  12.02  12.08  71.05  65.97  64.92  66.05
20:48:24   6.6   0.0  10.8  82.3   0.3   24 1360599  91993 269.46   12.04  11.58  12.03  12.08  70.90  66.49  65.45  66.62
20:48:25   7.0   0.0  10.9  82.1   0.0   14 1379361  93520 269.11   11.99  11.71  12.03  12.10  70.81  66.72  65.43  66.14
20:48:26   6.7   0.0  11.9  81.4   0.0   12 1403898  95455 270.28   12.00  11.71  12.02  12.18  70.90  66.48  66.58  66.32
20:48:27   6.7   0.0  10.5  82.8   0.0   18 1424386  94861 269.80   11.97  11.82  12.02  12.04  70.84  65.85  66.05  67.06
20:48:28   6.9   0.0  11.4  81.7   0.0   17 1401329  94650 270.02   12.00  11.95  12.04  12.11  70.97  66.24  66.07  66.74
20:48:29   7.2   0.0  11.2  81.6   0.0   13 1396394  94098 269.61   11.93  11.75  12.03  12.09  70.81  65.82  66.24  66.75
20:48:30   6.0   0.0   9.0  84.9   0.0   10 1418467  94400 270.03   12.02  11.61  12.06  12.08  70.84  66.35  65.84  67.01
20:48:31   6.5   0.0  10.6  82.8   0.0    9 1391715  95069 269.81   12.04  11.57  12.08  12.09  70.88  66.49  65.71  66.73
20:48:32   7.1   0.0  11.4  81.5   0.0   13 1403868  95952 269.89   12.01  11.67  12.02  12.18  70.84  66.43  65.64  66.99
20:48:33   7.0   0.0  10.1  83.0   0.0   19 1411127  94968 269.77   12.03  11.71  12.08  12.17  70.84  66.02  65.30  67.61
20:48:34   6.8   0.0  10.5  82.7   0.0   14 1405485  94640 269.88   11.99  11.63  12.07  12.14  70.88  66.53  65.31  67.16
20:48:35   6.2   0.0  10.0  83.8   0.0   15 1354013  91149 269.22   11.98  11.38  12.03  12.12  70.83  65.79  65.18  67.42
  Time    User  Nice   Sys  Idle    IO  Run Ctxt/s  IRQ/s  Watts    dram   dram   dram   dram  pkg-0  pkg-1  pkg-2  pkg-3
20:48:36   7.2   0.0  11.6  81.0   0.2   16 1398759  94860 270.14   11.99  11.59  12.03  12.23  70.81  66.15  66.03  67.14
20:48:37   6.4   0.0  10.9  82.7   0.0   35 1296941  87374 269.02   11.98  11.64  12.01  12.17  70.81  66.24  65.27  66.69
20:48:38   6.7   0.0  11.9  81.4   0.0   16 1360574  94107 269.28   11.94  11.53  12.04  12.01  70.81  66.87  65.84  65.76
20:48:39   6.4   0.0   9.9  83.7   0.0   14 1414536  93963 270.52   12.03  11.65  11.99  12.08  70.75  67.08  65.72  66.97
20:48:40   6.6   0.0  10.8  82.6   0.0   18 1342461  90344 269.87   12.06  11.65  12.06  12.03  70.91  66.87  64.88  67.22
20:48:41   6.3   0.0   9.7  84.0   0.0   18 1414216  93831 269.99   11.92  11.58  12.07  12.05  70.83  66.36  65.54  67.27
20:48:42   6.1   0.0  10.4  83.4   0.0    9 1415560  95191 270.06   11.97  11.70  12.03  12.09  70.79  66.60  65.63  67.03
20:48:43   6.0   0.0   9.9  84.1   0.0   15 1431877  95827 270.03   12.00  11.85  12.07  12.01  70.85  66.43  65.56  67.19
20:48:44   6.8   0.0   9.9  83.1   0.2   13 1406484  94514 269.84   11.99  11.59  12.10  12.22  70.78  66.18  65.88  67.01
20:48:45   6.1   0.0   9.4  84.5   0.0   29 1374286  91568 270.49   11.98  11.56  12.07  12.10  70.82  66.50  65.96  67.20
20:48:46   7.0   0.0  10.1  82.8   0.1   17 1397226  94119 270.47   12.02  11.60  11.97  12.20  70.81  66.56  65.70  67.40
20:48:47   7.2   0.0  11.0  81.7   0.0    8 1389134  94729 270.26   12.01  11.52  12.02  12.14  70.82  66.43  66.21  66.79
20:48:48   7.4   0.0  11.8  80.8   0.0   20 1393372  95446 270.60   12.01  11.60  11.97  12.20  70.80  66.35  66.62  66.83
20:48:49   6.3   0.0  10.1  83.6   0.0   17 1414964  94468 271.26   11.98  11.47  12.07  12.11  70.86  66.72  66.06  67.62
20:48:50   6.0   0.0   9.9  84.1   0.0    4 1344338  90543 269.37   12.05  11.41  12.04  12.22  70.85  66.31  65.33  66.89
20:48:51   6.4   0.0   9.8  83.6   0.2    7 1407000  94051 269.49   12.01  11.49  12.08  12.15  70.79  66.05  65.09  67.56
20:48:52   6.6   0.0   9.7  83.7   0.0   14 1400026  94107 269.58   12.04  11.54  11.99  12.08  70.85  65.89  65.71  67.13
20:48:53   4.6   0.0   8.8  86.6   0.0   15 1046953 123572 266.96   11.99  11.43  12.02  12.06  70.93  65.65  64.35  66.02
20:48:54   6.3   0.0   9.9  83.7   0.0   22 1384091 208532 269.25   11.98  11.41  11.96  12.12  70.80  66.16  65.00  67.30
20:48:55   6.7   0.0  10.6  82.6   0.0   11 1372891 206213 270.20   12.05  11.49  12.05  12.17  70.93  66.54  65.61  67.11
20:48:56   7.2   0.0  12.2  80.5   0.0    8 1358815 174346 270.69   12.00  11.50  12.02  12.11  70.82  66.94  66.20  66.74
20:48:57   6.5   0.0   9.6  83.9   0.0   20 1420646  94289 270.03   12.00  11.43  12.03  12.12  70.85  66.15  65.39  67.63
  Time    User  Nice   Sys  Idle    IO  Run Ctxt/s  IRQ/s  Watts    dram   dram   dram   dram  pkg-0  pkg-1  pkg-2  pkg-3
20:48:58   6.7   0.0  11.2  82.1   0.0   12 1384178  94271 270.56   11.95  11.51  12.00  12.12  70.82  66.55  65.80  67.39
20:48:59   6.9   0.0  11.3  81.8   0.0   23 1393413  95000 269.94   12.04  11.38  12.03  12.10  70.83  66.16  66.18  66.78
20:49:00   6.8   0.0  11.6  81.6   0.0   16 1358230  92826 270.29   11.94  11.54  12.09  12.16  70.93  66.98  65.30  67.08
20:49:01   7.1   0.0  11.1  81.8   0.0   12 1369939  93272 269.62   11.95  11.45  11.99  12.05  70.77  67.04  64.94  66.86
20:49:02   6.2   0.0  10.6  83.3   0.0    8 1208255  82558 269.26   11.99  11.40  11.98  12.15  70.91  66.64  65.32  66.38
20:49:03   6.5   0.0  10.1  83.4   0.0   18 1408279  94747 270.56   11.98  11.39  12.01  12.04  70.82  67.19  64.97  67.58
20:49:04   6.2   0.0   9.0  84.8   0.0   14 1455834  95495 269.54   11.98  11.41  12.05  11.98  70.90  67.09  64.86  66.68
20:49:05   7.4   0.0  10.5  82.1   0.0   10 1422848  94996 270.72   11.97  11.49  12.00  12.16  70.83  66.70  65.82  67.37
20:49:06   7.2   0.0  10.7  82.0   0.0   16 1385864  93554 270.71   11.98  11.41  12.06  12.15  71.11  66.65  65.69  67.27
20:49:07   5.8   0.0   9.8  84.4   0.0   24 1266822  84415 269.17   11.99  11.31  12.00  12.05  71.20  66.54  64.75  66.68
20:49:08   7.3   0.0  11.6  81.1   0.0    9 1363202  92888 269.95   12.04  11.51  12.06  12.02  70.88  67.09  64.98  67.00
20:49:09   6.4   0.0  10.6  83.0   0.0   17 1401191  93147 270.30   11.96  11.51  12.15  12.05  70.84  66.64  65.17  67.64
20:49:10   6.7   0.0  10.0  83.3   0.0   13 1416778  94922 270.06   11.94  11.54  12.11  12.05  70.78  66.57  65.24  67.46
20:49:11   6.7   0.0  10.3  82.9   0.0   15 1428912  95948 270.52   11.98  11.58  12.06  12.09  70.82  66.52  65.70  67.47
20:49:12   6.7   0.0  10.2  83.0   0.0   12 1386768  93786 270.05   11.98  11.53  12.00  12.08  70.77  66.21  65.64  67.43
20:49:13   7.2   0.0  10.5  82.3   0.0   20 1385440  93647 270.54   11.98  11.55  12.09  12.18  70.88  66.89  65.40  67.37
-------- ----- ----- ----- ----- ----- ---- ------ ------ ------  ------ ------ ------ ------ ------ ------ ------ ------
 Average   6.6   0.0  10.4  83.0   0.0 15.0 1375082.2 98650.9 269.77   11.99  11.55  12.04  12.10  70.86  66.40  65.52  66.99
  StdDev   0.5   0.0   0.8   1.2   0.1  5.3 62856.3 23208.7   0.74    0.04   0.12   0.04   0.06   0.08   0.39   0.46   0.44
-------- ----- ----- ----- ----- ----- ---- ------ ------ ------  ------ ------ ------ ------ ------ ------ ------ ------
 Minimum   4.6   0.0   8.8  80.5   0.0  4.0 1046953.0 82558.0 266.96   11.86  11.31  11.96  11.98  70.75  65.60  64.35  65.76
 Maximum   7.4   0.0  12.2  86.6   0.3 35.0 1455834.0 208532.0 271.26   12.06  11.95  12.15  12.23  71.20  67.19  66.62  67.64
-------- ----- ----- ----- ----- ----- ---- ------ ------ ------  ------ ------ ------ ------ ------ ------ ------ ------
Summary:
CPU: 269.77 Watts on average with standard deviation 0.74  
Note: power read from RAPL domains: dram, dram, dram, dram, package-0, package-1, package-2, package-3.
These readings do not cover all the hardware in this device.

Histogram (of 60 power measurements)

  Range (Watts)   Count
266.956 - 267.385     1 ##
267.386 - 267.816     0 
267.817 - 268.247     2 #####
268.248 - 268.678     2 #####
268.679 - 269.109     2 #####
269.110 - 269.540    13 ##################################
269.541 - 269.971    13 ##################################
269.972 - 270.401    15 ########################################
270.402 - 270.832    11 #############################
270.833 - 271.263     1 ##

Histogram (of 60 CPU utilization measurements)

 Range (%CPU)   Count
13.426 - 14.028     1 ##
14.029 - 14.630     0 
14.631 - 15.233     2 #####
15.234 - 15.836     3 ########
15.837 - 16.439    15 ########################################
16.440 - 17.041    11 #############################
17.042 - 17.644     9 ########################
17.645 - 18.247     8 #####################
18.248 - 18.850     7 ##################
18.851 - 19.452     4 ##########

