fnl@fnl-one:~$ powerstat -RDH
Running for 60.0 seconds (60 samples at 1.0 second intervals).
Power measurements will start in 0 seconds time.

  Time    User  Nice   Sys  Idle    IO  Run Ctxt/s  IRQ/s  Watts    dram   dram   dram   dram  pkg-0  pkg-1  pkg-2  pkg-3
20:54:46  13.7   0.0  27.5  58.8   0.0   19 572276  96804 226.78   11.93  11.89  11.90  11.94  71.62  54.28  48.99  51.89
20:54:47  34.5   0.0  65.5   0.0   0.0   11 553184  92493 227.65   11.92  11.91  11.96  12.01  71.42  54.69  49.58  51.97
20:54:48  14.0   0.0  23.4  62.7   0.0   22 655973 111495 229.55   11.78  11.97  11.96  11.98  71.85  56.29  49.01  52.40
20:54:49  12.5   0.0  24.2  63.3   0.0   14 567395  93687 228.56   11.69  11.97  12.02  12.02  71.37  56.09  49.29  51.80
20:54:50  12.8   0.0  24.4  62.8   0.0   16 589829  96952 229.14   11.86  11.92  11.99  12.00  71.46  56.07  49.76  51.86
20:54:51   0.2   0.0   0.4  99.3   0.0   16 567061  95877 228.97   11.81  12.00  12.01  11.92  71.47  55.73  49.79  51.98
20:54:52  15.7   0.0  24.7  59.6   0.0   22 672266 115870 228.54   11.97  11.94  12.00  11.98  71.80  54.54  49.72  52.48
20:54:53  14.5   0.0  24.7  60.8   0.0   15 720280 121333 228.81   11.99  11.84  11.96  12.03  71.98  54.64  49.71  52.48
20:54:54  13.9   0.0  26.7  59.3   0.0   14 546229  95529 227.22   11.84  11.87  12.03  12.07  71.39  54.22  49.70  51.90
20:54:55  14.5   0.0  27.6  57.9   0.0   19 537376  89946 226.88   11.68  11.76  11.99  12.05  71.31  54.10  49.65  51.83
20:54:56  13.7   0.0  28.1  58.2   0.1   21 571641  98313 227.02   11.85  11.81  12.04  11.96  71.31  54.23  49.45  52.04
20:54:57  15.0   0.0  24.2  60.8   0.0   19 652342 113048 228.42   11.94  11.65  12.01  12.06  71.94  54.52  49.95  52.01
20:54:58  14.2   0.0  26.6  59.2   0.0   13 593823 100598 227.51   11.96  11.52  12.00  11.99  71.77  54.22  49.39  52.13
20:54:59  14.5   0.0  27.1  58.4   0.0   15 562428  95539 227.55   11.84  11.62  12.01  12.08  71.57  54.26  49.63  52.08
20:55:00  14.7   0.0  26.8  58.5   0.0   17 549074  96970 227.68   12.00  11.51  11.99  11.96  71.72  54.44  49.55  51.97
20:55:01  13.4   0.0  26.2  60.4   0.0   14 596300 101733 226.83   11.93  11.56  11.97  12.05  71.76  54.28  48.89  51.89
20:55:02  14.3   0.0  28.4  57.1   0.2   18 533885  96538 227.11   11.86  11.53  11.89  12.01  71.68  54.29  49.17  51.97
20:55:03  15.1   0.0  25.7  59.2   0.0   26 596686 105932 227.20   11.91  11.58  11.90  11.97  71.73  54.41  49.12  51.93
20:55:04  14.7   0.0  27.2  58.1   0.0   33 527904  95095 226.68   11.95  11.55  12.02  12.05  71.48  54.18  49.05  51.98
20:55:05  36.4   0.0  63.6   0.0   0.0   22 682310 115389 228.66   11.96  11.60  11.94  12.09  71.76  54.96  49.62  52.32
20:55:06  12.9   0.0  24.9  62.1   0.0   13 598937  93825 259.23   13.64  13.10  13.56  13.60  81.05  63.31  56.17  58.71
20:55:07  10.3   0.0  19.3  70.4   0.1   15 532140  82736 197.13   10.44  10.02  10.41  10.50  62.01  48.45  43.12  43.55
  Time    User  Nice   Sys  Idle    IO  Run Ctxt/s  IRQ/s  Watts    dram   dram   dram   dram  pkg-0  pkg-1  pkg-2  pkg-3
20:55:08  13.7   0.0  26.1  60.2   0.0   31 561454  90718 226.99   12.06  11.54  11.92  12.06  71.46  55.92  49.68  49.93
20:55:09   0.4   0.0   0.8  98.7   0.0   33 607251 105802 242.76   12.82  12.52  12.80  12.71  76.51  59.79  53.13  53.33
20:55:10   0.5   0.0   0.8  98.7   0.1   16 600385 117504 211.12   11.17  10.83  11.12  11.08  67.00  50.95  46.46  46.71
20:55:11  15.5   0.0  29.0  55.6   0.0   14 510321  98440 225.59   12.01  11.68  11.87  12.07  71.85  54.17  49.62  49.96
20:55:12  14.8   0.0  29.5  55.7   0.0   19 499137  92944 225.45   11.94  11.59  11.95  11.83  71.71  54.17  49.63  49.94
20:55:13  14.0   0.0  26.1  60.0   0.0   14 643023 118769 225.94   11.92  11.54  12.05  11.94  71.82  54.61  49.49  50.01
20:55:14  15.0   0.0  27.9  57.1   0.0   17 581567 111670 224.72   12.02  11.41  12.01  12.02  71.54  54.29  49.05  49.84
20:55:15  14.4   0.0  27.8  57.8   0.0   13 580792 104320 224.42   11.97  11.43  11.93  11.97  71.53  54.26  48.73  49.90
20:55:16  14.2   0.0  27.4  58.4   0.0   22 573407 108380 224.19   11.98  11.40  11.99  12.07  71.47  54.27  48.53  49.92
20:55:17  15.5   0.0  29.0  55.6   0.0   15 485034  90090 224.38   11.95  11.48  11.99  12.07  71.61  54.05  48.85  49.88
20:55:18  14.9   0.0  28.2  56.9   0.0   19 553318 106439 225.12   12.03  11.57  11.97  11.99  71.77  54.28  49.01  50.05
20:55:19  14.4   0.0  29.3  56.4   0.0   16 553581 109051 224.95   11.91  11.70  11.98  12.00  71.75  54.20  49.14  49.86
20:55:20  15.7   0.0  30.9  53.4   0.0   17 463248  89261 224.22   11.98  11.75  11.99  12.01  71.46  54.13  48.72  49.91
20:55:21  15.3   0.0  28.4  56.3   0.0   13 536118  97690 224.62   12.01  11.85  12.04  11.99  71.72  54.23  48.73  49.95
20:55:22  15.2   0.0  27.3  57.5   0.0   17 576278 122338 224.54   11.94  11.72  12.01  11.98  71.64  54.29  48.70  49.91
20:55:23  14.7   0.0  28.3  57.0   0.0   16 543076 113819 224.75   11.87  11.58  11.95  11.97  71.89  54.21  48.75  49.90
20:55:24  15.4   0.0  28.1  56.5   0.0   15 607399 129337 225.99   11.92  11.49  12.03  12.01  71.96  54.47  49.52  50.04
20:55:25  16.1   0.0  30.6  53.3   0.0   16 460601  91480 223.96   11.79  11.58  12.00  12.03  71.56  53.97  48.57  49.86
20:55:26  14.3   0.0  30.5  55.3   0.0   17 523665 101155 224.92   11.75  11.73  11.96  12.00  71.60  54.28  48.97  50.07
20:55:27  32.2   0.0  67.8   0.0   0.0   25 508992  96199 225.24   11.93  11.78  12.01  12.05  71.57  55.19  48.67  49.81
20:55:28  13.9   0.0  25.9  60.2   0.0    6 525736  85782 226.28   11.81  11.80  12.01  12.02  71.62  55.78  48.98  49.90
20:55:29  14.3   0.0  25.8  60.0   0.0   13 556569  96644 226.56   11.84  11.72  11.93  12.02  71.69  55.86  49.11  49.91
  Time    User  Nice   Sys  Idle    IO  Run Ctxt/s  IRQ/s  Watts    dram   dram   dram   dram  pkg-0  pkg-1  pkg-2  pkg-3
20:55:30  13.5   0.0  25.8  60.7   0.0   17 539291  87661 226.31   11.79  11.73  12.01  11.88  71.52  55.72  49.15  49.92
20:55:31   0.2   0.0   0.5  99.3   0.0   16 534683 103800 225.55   11.79  11.56  11.95  11.98  71.76  54.66  49.25  49.89
20:55:32  14.5   0.0  29.9  55.6   0.0   16 495482  96001 224.52   11.98  11.54  11.98  12.00  71.42  54.37  48.85  49.88
20:55:33  16.3   0.0  29.9  53.8   0.0   17 461580  83852 224.22   11.91  11.46  11.98  12.04  71.45  53.89  48.98  49.90
20:55:34  14.0   0.0  26.8  59.2   0.0   14 611217 116607 224.77   11.74  11.44  11.95  11.95  71.67  54.33  48.91  49.87
20:55:35  15.6   0.0  28.3  56.1   0.1   14 546164 104173 225.05   11.83  11.53  11.95  11.86  71.60  54.20  49.38  49.86
20:55:36  14.3   0.0  28.8  56.9   0.0   12 535906  98589 224.96   11.97  11.48  11.98  11.88  71.82  54.29  48.92  49.93
20:55:37  14.3   0.0  29.3  56.4   0.0   16 517530 101796 225.17   12.01  11.67  11.95  11.92  71.58  54.29  49.44  49.87
20:55:38  15.0   0.0  29.2  55.8   0.0   15 519998  96983 225.25   11.90  11.73  12.06  12.03  71.80  54.38  49.15  49.92
20:55:39  14.2   0.0  27.2  58.7   0.0   11 604898 113416 224.90   11.82  11.62  12.01  11.89  71.68  54.33  49.12  49.76
20:55:40  14.9   0.0  28.9  56.3   0.0   19 531694  96370 224.27   11.99  11.70  11.94  12.01  71.65  54.21  48.54  49.88
20:55:41  14.7   0.0  30.3  55.0   0.1   19 487025  88129 224.32   12.02  11.76  12.00  11.96  71.75  53.99  48.67  49.93
20:55:42  15.1   0.0  29.0  56.0   0.0   15 500323  95896 223.61   11.98  11.74  11.92  11.97  71.62  53.94  48.27  49.78
20:55:43  15.0   0.0  28.0  57.0   0.0   29 500125  98079 223.90   11.94  11.76  11.92  11.95  71.59  54.15  48.27  49.89
20:55:44  14.7   0.0  28.9  56.4   0.0   22 516491  97298 224.52   12.05  11.68  11.88  12.03  71.70  54.28  48.69  49.85
20:55:45  15.2   0.0  28.8  56.1   0.0   16 527798  95183 224.53   12.04  11.67  11.84  11.97  71.66  54.30  48.65  49.92
-------- ----- ----- ----- ----- ----- ---- ------ ------ ------  ------ ------ ------ ------ ------ ------ ------ ------
 Average  14.5   0.0  27.5  57.9   0.0 17.4 557674.9 100956.1 226.10   11.92  11.66  11.97  11.99  71.64  54.61  49.18  50.66
  StdDev   5.8   0.0  11.2  17.0   0.0  5.1 53541.3 10226.0   6.56    0.34   0.36   0.33   0.33   1.95   1.71   1.40   1.82
-------- ----- ----- ----- ----- ----- ---- ------ ------ ------  ------ ------ ------ ------ ------ ------ ------ ------
 Minimum   0.2   0.0   0.4   0.0   0.0  6.0 460601.0 82736.0 197.13   10.44  10.02  10.41  10.50  62.01  48.45  43.12  43.55
 Maximum  36.4   0.0  67.8  99.3   0.2 33.0 720280.0 129337.0 259.23   13.64  13.10  13.56  13.60  81.05  63.31  56.17  58.71
-------- ----- ----- ----- ----- ----- ---- ------ ------ ------  ------ ------ ------ ------ ------ ------ ------ ------
Summary:
CPU: 226.10 Watts on average with standard deviation 6.56  
Note: power read from RAPL domains: dram, dram, dram, dram, package-0, package-1, package-2, package-3.
These readings do not cover all the hardware in this device.

Histogram (of 60 power measurements)

  Range (Watts)   Count
197.133 - 203.342     1 
203.343 - 209.551     0 
209.552 - 215.761     1 
215.762 - 221.971     0 
221.972 - 228.180    48 ########################################
228.181 - 234.390     8 ######
234.391 - 240.600     0 
240.601 - 246.809     1 
246.810 - 253.019     0 
253.020 - 259.229     1 

Histogram (of 60 CPU utilization measurements)

  Range (%CPU)    Count
  0.719 -  10.646     4 ####
 10.647 -  20.574     0 
 20.575 -  30.502     1 #
 30.503 -  40.430    13 #############
 40.431 -  50.358    39 ########################################
 50.359 -  60.287     0 
 60.288 -  70.215     0 
 70.216 -  80.143     0 
 80.144 -  90.071     0 
 90.072 -  99.999     3 ###

