fnl@fnl-one:~$ powerstat -RDH
Running for 60.0 seconds (60 samples at 1.0 second intervals).
Power measurements will start in 0 seconds time.

  Time    User  Nice   Sys  Idle    IO  Run Ctxt/s  IRQ/s  Watts    dram   dram   dram   dram  pkg-0  pkg-1  pkg-2  pkg-3
22:00:13   9.5   0.0  18.2  72.3   0.0   41 2746247 130046 280.59   12.18  12.20  12.98  11.75  71.23  70.20  71.03  68.12
22:00:14  10.0   0.0  19.6  70.4   0.0   22 3337398 104741 281.92   12.14  12.08  12.46  11.70  70.90  70.23  71.86  68.93
22:00:15  10.0   0.0  17.9  72.1   0.0   24 3637744  31276 282.30   12.08  12.06  12.13  11.59  70.54  69.96  72.07  69.73
22:00:16   9.0   0.0  18.3  72.6   0.0   29 3257326  32406 280.43   12.06  12.18  12.03  11.64  70.03  70.19  71.41  68.79
22:00:17  10.5   0.0  19.4  70.1   0.0   23 4140469  28536 284.21   12.02  12.06  12.03  11.51  70.96  70.50  72.02  70.73
22:00:18  10.3   0.0  20.3  69.5   0.0   26 3953371  27447 282.52   12.06  12.01  12.07  11.54  70.11  70.95  71.80  69.67
22:00:19   9.9   0.0  20.6  69.4   0.0   37 4217328  25681 283.78   12.09  12.10  12.01  11.69  70.63  71.50  71.84  69.81
22:00:20   8.4   0.0  19.0  72.5   0.0   25 3577656  24658 280.45   12.00  11.99  12.01  11.47  69.69  71.01  71.27  68.48
22:00:21   9.0   0.0  19.1  71.9   0.0   29 3701787  29174 280.92   12.14  11.97  12.05  11.50  70.41  71.08  71.47  67.96
22:00:22   8.9   0.0  18.5  72.6   0.0   36 3793319  30901 281.54   12.09  12.08  11.95  11.54  70.13  71.39  71.60  68.42
22:00:23   9.6   0.0  18.8  71.6   0.0   26 3894221  28812 282.27   12.06  12.07  12.00  11.59  70.39  70.77  71.83  69.28
22:00:24   8.7   0.0  18.1  73.2   0.0   24 3007877  27759 279.38   12.05  12.02  11.94  11.44  69.88  70.03  71.37  68.11
22:00:25   9.2   0.0  18.4  72.4   0.0   22 2971443  29228 279.99   12.06  12.02  12.01  11.57  70.20  70.17  71.49  68.14
22:00:26   8.8   0.0  18.2  73.0   0.0   22 2970625  27966 279.16   12.08  11.99  11.95  11.53  69.78  69.79  71.36  68.24
22:00:27   9.6   0.0  17.8  72.7   0.0   25 3338102  26501 280.92   12.07  12.04  12.03  11.59  70.25  70.15  71.85  68.67
22:00:28   9.3   0.0  18.3  72.3   0.0   19 2943971  31787 280.31   12.09  12.11  11.96  11.81  69.99  70.22  71.76  68.34
22:00:29   9.0   0.0  16.9  74.1   0.0   23 3158629  31966 280.98   12.04  12.14  12.08  11.81  70.75  70.12  72.23  67.87
22:00:30   9.8   0.0  17.9  72.3   0.0   26 3783235  31649 283.07   12.04  12.12  12.03  11.73  71.12  70.56  72.65  68.75
22:00:31   9.4   0.0  17.7  72.8   0.0   23 3219334  29474 280.79   12.13  12.00  12.02  11.75  70.40  69.97  72.13  68.29
22:00:32   9.0   0.0  17.4  73.7   0.0   25 3028575  26625 280.28   12.11  12.03  12.00  11.70  70.69  70.10  71.62  67.87
22:00:33   9.0   0.0  18.4  72.7   0.0   24 2930513  27304 279.57   12.10  11.99  12.00  11.65  70.20  69.68  71.58  68.11
22:00:34   9.2   0.0  17.5  73.4   0.0   21 2990550  26272 279.66   12.12  12.02  12.03  11.61  70.30  69.79  71.59  67.98
  Time    User  Nice   Sys  Idle    IO  Run Ctxt/s  IRQ/s  Watts    dram   dram   dram   dram  pkg-0  pkg-1  pkg-2  pkg-3
22:00:35   8.4   0.0  17.4  74.2   0.0   24 2847154  26538 278.87   12.08  11.95  11.93  11.63  69.70  69.85  71.17  68.16
22:00:36   8.6   0.0  17.2  74.1   0.0   20 3141892  27440 280.33   12.08  12.08  11.99  11.62  70.54  69.84  71.57  68.37
22:00:37   9.3   0.0  17.7  73.1   0.0   21 3202417  28107 280.63   12.12  12.06  12.01  11.68  70.88  70.09  71.78  67.87
22:00:38   9.6   0.0  18.5  71.9   0.0   21 3349876  31320 280.88   12.13  11.93  12.05  11.67  70.45  69.93  72.97  67.53
22:00:39  10.1   0.0  19.0  70.8   0.0   22 3090290  33407 281.51   12.17  12.11  11.93  11.69  71.11  70.22  72.49  67.68
22:00:40   9.7   0.0  17.7  72.6   0.0   24 2707324  35286 280.02   12.07  12.24  11.99  12.01  71.09  69.72  71.99  67.22
22:00:41  10.1   0.0  18.7  71.2   0.0   29 2402364  37032 280.21   12.06  12.27  11.98  11.73  70.91  69.07  72.40  67.82
22:00:42   9.7   0.0  18.6  71.7   0.0   21 2386696  38042 280.38   12.15  12.18  11.98  11.75  70.97  69.19  72.43  67.78
22:00:43   9.9   0.0  16.8  73.3   0.0   21 2536170  34966 280.23   12.13  12.10  12.00  11.54  70.89  69.18  72.21  67.95
22:00:44   8.9   0.0  16.2  74.9   0.0   24 2301925  33254 278.54   12.09  12.12  11.97  11.60  69.57  69.20  71.73  68.03
22:00:45   8.9   0.0  16.2  74.9   0.0   21 2351726  32714 278.47   12.07  12.13  12.00  11.67  69.65  68.89  71.64  68.28
22:00:46   9.1   0.0  15.8  75.1   0.0   23 2317895  32843 278.01   12.07  12.11  12.00  11.78  69.55  68.82  71.54  68.10
22:00:47   8.7   0.0  16.1  75.2   0.0   21 2376614  32660 278.50   12.07  12.20  12.03  11.74  69.59  68.94  71.71  68.26
22:00:48   8.9   0.0  15.6  75.5   0.0   21 2306679  33053 278.30   12.06  12.14  11.97  11.70  69.64  69.14  71.51  68.01
22:00:49   8.7   0.0  15.7  75.5   0.0   28 2294007  35005 278.73   12.02  12.20  11.99  11.60  69.59  69.36  71.87  67.91
22:00:50   8.8   0.0  15.5  75.7   0.0   19 2320963  35159 278.78   12.01  12.20  11.95  11.59  69.90  69.13  71.86  67.91
22:00:51   8.4   0.0  15.4  76.2   0.0   21 2344428  35114 278.55   12.07  12.17  11.94  11.70  69.87  69.13  71.58  67.97
22:00:52  10.0   0.0  16.5  73.5   0.0   26 2884548  35559 280.75   11.98  12.25  11.94  11.75  70.57  69.49  72.08  68.60
22:00:53   9.4   0.0  16.9  73.7   0.0   18 2887743  38065 280.86   12.13  12.38  12.03  11.59  71.30  69.61  72.26  67.70
22:00:54   9.4   0.0  17.0  73.6   0.0   27 2931826  69340 281.07   12.14  12.39  12.00  11.53  71.31  69.73  72.23  67.80
22:00:55   9.9   0.0  17.0  73.1   0.0   24 2894265  77366 281.45   12.06  12.37  11.95  11.55  71.44  69.92  72.34  67.75
22:00:56   9.9   0.0  16.3  73.8   0.0   22 3091526 128826 281.18   12.05  12.18  11.99  11.59  71.32  69.83  72.43  67.61
  Time    User  Nice   Sys  Idle    IO  Run Ctxt/s  IRQ/s  Watts    dram   dram   dram   dram  pkg-0  pkg-1  pkg-2  pkg-3
22:00:57  10.2   0.0  17.6  72.2   0.0   38 3449850  89752 282.07   12.06  12.03  12.03  11.65  70.82  70.36  73.37  67.53
22:00:58  10.1   0.0  15.4  74.5   0.0   22 2024968  37146 279.99   12.15  12.03  12.16  11.79  71.30  69.20  72.14  67.35
22:00:59   9.2   0.0  16.0  74.8   0.0   27 1953920  39722 278.41   12.08  12.02  12.28  11.82  69.96  68.82  71.59  68.03
22:01:00   9.9   0.0  17.0  73.1   0.0   34 2643242  32789 280.67   12.09  12.18  12.04  11.74  70.79  70.62  71.30  67.95
22:01:01   9.5   0.0  17.3  73.3   0.0   22 2553336  32808 280.64   12.00  12.04  12.08  11.53  70.86  70.93  71.02  67.83
22:01:02   9.4   0.0  17.8  72.8   0.0   20 2539868  34538 280.20   12.12  12.14  12.02  11.48  70.74  70.74  70.79  67.93
22:01:03   9.3   0.0  16.6  74.0   0.0   19 2551205  33512 280.12   12.06  12.21  12.02  11.52  70.48  70.79  70.97  67.88
22:01:04   9.2   0.0  16.3  74.5   0.0   22 2708046  30317 279.75   12.05  12.09  11.99  11.65  69.90  70.46  70.78  68.62
22:01:05   8.2   0.0  16.3  75.5   0.0   25 2397926  30114 278.71   12.08  12.09  11.99  11.66  69.60  70.30  70.58  68.24
22:01:06   8.6   0.0  16.1  75.4   0.0   22 2356537  30278 278.49   12.07  11.94  11.96  11.62  69.70  70.29  70.39  68.10
22:01:07   9.2   0.0  16.5  74.3   0.0   17 2773989  32272 279.82   12.08  12.05  11.99  11.72  70.98  70.31  70.60  67.92
22:01:08   9.3   0.0  17.3  73.4   0.0   18 2509815  27924 279.38   12.06  11.98  12.02  11.49  70.72  70.12  70.62  67.92
22:01:09   9.4   0.0  16.8  73.8   0.0   26 2568581  29559 279.85   12.22  12.00  11.97  11.50  70.96  70.29  70.67  67.93
22:01:10   9.1   0.0  16.9  74.0   0.0   20 2507029  26958 279.88   12.20  11.93  12.03  11.55  71.10  70.27  70.69  67.81
22:01:11   9.1   0.0  16.6  74.3   0.0   18 2505044  26848 279.53   11.99  11.95  11.95  11.62  71.00  69.98  70.72  67.83
22:01:12   8.9   0.0  16.3  74.8   0.0   23 2417442  27603 278.85   12.04  11.85  11.98  11.65  70.59  69.96  70.60  67.70
-------- ----- ----- ----- ----- ----- ---- ------ ------ ------  ------ ------ ------ ------ ------ ------ ------ ------
 Average   9.3   0.0  17.4  73.3   0.0 24.1 2900480.8 38057.4 280.29   12.08  12.09  12.03  11.64  70.47  70.00  71.64  68.19
  StdDev   0.5   0.0   1.2   1.5   0.0  4.9 530720.0 22213.5   1.34    0.05   0.11   0.15   0.11   0.56   0.63   0.63   0.61
-------- ----- ----- ----- ----- ----- ---- ------ ------ ------  ------ ------ ------ ------ ------ ------ ------ ------
 Minimum   8.2   0.0  15.4  69.4   0.0 17.0 1953920.0 24658.0 278.01   11.98  11.85  11.93  11.44  69.55  68.82  70.39  67.22
 Maximum  10.5   0.0  20.6  76.2   0.0 41.0 4217328.0 130046.0 284.21   12.22  12.39  12.98  12.01  71.44  71.50  73.37  70.73
-------- ----- ----- ----- ----- ----- ---- ------ ------ ------  ------ ------ ------ ------ ------ ------ ------ ------
Summary:
CPU: 280.29 Watts on average with standard deviation 1.34  
Note: power read from RAPL domains: dram, dram, dram, dram, package-0, package-1, package-2, package-3.
These readings do not cover all the hardware in this device.

Histogram (of 60 power measurements)

  Range (Watts)   Count
278.014 - 278.633     8 ######################
278.634 - 279.252     6 #################
279.253 - 279.872     8 ######################
279.873 - 280.492    14 ########################################
280.493 - 281.112    12 ##################################
281.113 - 281.731     4 ###########
281.732 - 282.351     4 ###########
282.352 - 282.971     1 ##
282.972 - 283.590     1 ##
283.591 - 284.210     2 #####

Histogram (of 60 CPU utilization measurements)

 Range (%CPU)   Count
23.788 - 24.464     3 ##########
24.465 - 25.142     7 #######################
25.143 - 25.819     6 ####################
25.820 - 26.496    10 #################################
26.497 - 27.173    11 ####################################
27.174 - 27.850    12 ########################################
27.851 - 28.528     5 ################
28.529 - 29.205     2 ######
29.206 - 29.882     1 ###
29.883 - 30.559     3 ##########

