fnl@fnl-one:~$ powerstat -RDH
Running for 60.0 seconds (60 samples at 1.0 second intervals).
Power measurements will start in 0 seconds time.

  Time    User  Nice   Sys  Idle    IO  Run Ctxt/s  IRQ/s  Watts    dram   dram   dram   dram  pkg-0  pkg-1  pkg-2  pkg-3
22:13:32  16.5   0.0  31.9  51.6   0.0   23 1740271  57033 247.38   12.49  12.01  12.42  11.63  72.91  63.23  56.83  54.41
22:13:33   0.5   0.0   1.0  98.5   0.0   17 1860338  57819 257.22   13.06  12.48  12.98  12.12  75.71  65.99  59.08  56.44
22:13:34   0.5   0.0   0.9  98.5   0.0   30 1839547  60092 238.12   12.11  11.59  12.01  11.28  70.37  61.64  54.85  51.26
22:13:35  16.2   0.0  33.3  50.6   0.0   28 1631969  49959 245.30   12.41  12.06  12.43  11.85  72.62  63.45  56.75  52.47
22:13:36  34.9   0.0  65.1   0.0   0.0   30 1708125  52266 246.66   12.56  12.03  12.37  11.82  72.87  64.43  56.69  52.68
22:13:37  15.2   0.0  30.8  53.9   0.0   18 1736227  52739 247.22   12.58  12.06  12.37  11.65  72.85  64.97  56.68  52.71
22:13:38  14.1   0.0  27.4  58.4   0.0   17 1414020  49237 245.48   12.54  11.95  12.34  11.75  72.61  64.40  56.26  52.21
22:13:39   0.4   0.0   0.9  98.6   0.0   30 1658113  48097 263.69   13.39  12.88  13.22  12.55  77.89  69.47  60.20  56.13
22:13:40   0.4   0.0   0.9  98.7   0.0   27 1719933  42742 228.63   11.67  11.18  11.49  10.95  67.91  60.94  50.71  49.06
22:13:41  16.6   0.0  32.1  51.3   0.0   32 1627051  38430 244.97   12.46  12.02  12.37  11.71  72.67  65.25  54.45  52.60
22:13:42  16.5   0.0  33.1  50.4   0.0   24 1632470  41622 245.01   12.48  12.11  12.26  11.62  72.81  65.17  54.34  52.69
22:13:43  17.0   0.0  33.1  49.9   0.0   19 1831050  42876 246.39   12.57  12.08  12.38  11.73  73.09  65.76  54.67  52.87
22:13:44  16.4   0.0  33.9  49.8   0.0   27 1780657  43452 245.69   12.54  12.07  12.28  11.63  72.98  65.63  54.41  52.66
22:13:45  16.8   0.0  33.0  50.2   0.0   18 1601905  38338 245.24   12.39  12.03  12.19  11.73  72.79  65.33  54.45  52.68
22:13:46  15.7   0.0  31.4  52.8   0.0   29 1628158  45206 244.59   12.47  12.11  12.22  11.55  72.58  64.99  54.30  52.72
22:13:47  17.4   0.0  32.7  49.9   0.0   14 1767000  44221 246.14   12.52  12.02  12.29  11.67  73.15  65.49  54.60  52.90
22:13:48  16.2   0.0  32.4  51.5   0.0   38 1770294  37813 265.79   13.58  13.03  13.20  12.69  79.11  70.73  58.93  57.02
22:13:49   0.2   0.0   0.5  99.3   0.0   24 1728224  45197 224.17   11.42  11.07  11.19  10.57  66.92  58.86  50.07  48.32
22:13:50  32.7   0.0  67.3   0.0   0.0   41 1643598  58343 243.88   12.53  12.03  12.21  11.61  72.84  63.97  54.42  52.65
22:13:51  15.8   0.0  32.9  51.3   0.0   16 1737943 105428 245.60   12.55  12.05  12.23  11.68  72.89  65.43  54.53  52.74
22:13:52  16.9   0.0  31.6  51.6   0.0   26 1655224 110684 244.69   12.56  12.08  12.20  11.58  72.64  65.21  54.36  52.48
22:13:53  15.9   0.0  31.2  52.9   0.0   28 1635016  69158 244.76   12.47  12.07  12.22  11.59  72.61  65.22  54.32  52.61
  Time    User  Nice   Sys  Idle    IO  Run Ctxt/s  IRQ/s  Watts    dram   dram   dram   dram  pkg-0  pkg-1  pkg-2  pkg-3
22:13:54   0.1   0.0   0.3  99.5   0.0   17 1673849  38169 245.00   12.42  11.98  12.21  11.63  72.76  65.08  54.47  52.69
22:13:55  18.3   0.0  33.7  48.0   0.0   29 1798917  40867 243.96   12.40  12.01  12.22  11.67  73.03  63.66  54.53  52.74
22:13:56  17.5   0.0  33.8  48.7   0.0   32 1715865  42193 243.50   12.38  12.02  12.18  11.72  72.86  63.52  54.43  52.69
22:13:57  32.8   0.0  67.2   0.0   0.0   21 1621037  37812 256.72   13.06  12.68  12.87  12.30  76.77  67.08  57.38  55.49
22:13:58  33.6   0.0  66.4   0.0   0.0   25 1675965  39994 231.71   11.75  11.35  11.54  11.17  68.78  61.81  51.37  49.75
22:13:59  16.8   0.0  33.1  50.1   0.0   24 1721610  49339 245.59   12.45  11.98  12.23  11.88  72.83  65.57  54.41  52.78
22:14:00  16.9   0.0  32.0  51.1   0.0   17 1640924  46269 245.54   12.52  12.05  12.28  11.88  72.91  65.63  54.44  52.56
22:14:01  17.1   0.0  32.4  50.5   0.0   18 1698854  43781 245.48   12.50  12.05  12.24  11.85  72.96  65.36  54.44  52.72
22:14:02  16.4   0.0  33.1  50.4   0.0   29 1616275  42243 245.17   12.40  12.07  12.17  11.85  72.67  65.55  54.40  52.54
22:14:03   0.3   0.0   0.6  99.1   0.0   19 1700314  42648 258.29   13.16  12.66  12.82  12.22  76.68  68.83  57.32  55.46
22:14:04   0.3   0.0   0.6  99.1   0.0   12 1650345  39339 230.52   11.77  11.45  11.59  11.09  68.77  60.41  51.51  49.82
22:14:05  33.6   0.0  66.4   0.0   0.0   27 1843820  37626 244.93   12.56  12.03  12.27  11.77  72.94  64.84  54.40  52.75
22:14:06  16.4   0.0  33.6  50.0   0.0   30 1700918  35246 245.00   12.47  12.05  12.14  11.59  72.76  65.19  54.44  52.61
22:14:07  17.1   0.0  32.7  50.2   0.0   22 1753903  36869 245.45   12.52  12.07  12.18  11.72  72.78  65.42  54.50  52.75
22:14:08  17.1   0.0  32.4  50.5   0.0   27 1697406  37308 245.09   12.41  12.03  12.19  11.80  72.72  65.35  54.40  52.63
22:14:09  17.0   0.0  34.0  48.9   0.0   25 1823296  37812 277.86   14.04  13.64  13.74  13.25  82.33  74.24  61.65  59.63
22:14:10   0.1   0.0   0.3  99.5   0.0   21 1823459  38113 212.48   10.72  10.56  10.60  10.15  63.59  55.70  47.35  45.85
22:14:11  17.2   0.0  35.7  47.1   0.0   27 2032583  39448 244.09   12.36  12.04  12.21  11.66  73.19  63.70  54.52  52.67
22:14:12  32.5   0.0  67.5   0.0   0.0   23 2056352  39469 244.44   12.35  12.04  12.29  11.60  73.32  63.94  54.53  52.66
22:14:13  17.3   0.0  32.9  49.7   0.0   27 1986764  38214 245.59   12.44  12.06  12.25  11.67  73.24  65.29  54.44  52.61
22:14:14  16.7   0.0  33.8  49.4   0.0   45 1914575  37100 245.42   12.42  11.90  12.21  11.55  73.01  65.24  54.46  52.72
22:14:15  16.4   0.0  34.0  49.6   0.0   17 1918360  38107 245.56   12.46  12.07  12.23  11.56  73.16  65.22  54.51  52.67
  Time    User  Nice   Sys  Idle    IO  Run Ctxt/s  IRQ/s  Watts    dram   dram   dram   dram  pkg-0  pkg-1  pkg-2  pkg-3
22:14:16  16.3   0.0  33.7  49.9   0.0   33 2135199  39201 246.07   12.48  12.10  12.26  11.58  73.24  65.60  54.54  52.69
22:14:17  16.0   0.0  33.9  50.0   0.0   13 1947914  38865 245.70   12.39  12.06  12.27  11.63  73.06  65.48  54.49  52.67
22:14:18  16.8   0.0  33.8  49.4   0.0   28 1948675  39044 245.70   12.41  12.05  12.23  11.49  73.10  65.36  54.52  52.72
22:14:19  15.7   0.0  34.2  50.1   0.0   17 1951976  38412 245.75   12.40  12.10  12.15  11.55  73.08  65.46  54.53  52.68
22:14:20  31.7   0.0  68.3   0.0   0.0   30 2066302  40648 246.87   12.55  12.12  12.14  11.58  73.23  66.40  54.59  52.66
22:14:21  16.8   0.0  31.9  51.4   0.0   16 1770092  37279 247.24   12.63  12.06  12.25  11.50  72.72  67.20  54.54  52.78
22:14:22  16.1   0.0  31.5  52.5   0.0   26 1778322  40672 247.19   12.64  12.12  12.23  11.59  72.71  67.14  54.46  52.88
22:14:23  16.2   0.0  30.4  53.4   0.0   19 1769927  40380 247.10   12.59  12.06  12.27  11.62  72.67  67.23  54.44  52.77
22:14:24   0.3   0.0   0.6  99.1   0.0   20 1745606  41595 291.37   14.82  14.22  14.53  13.66  85.95  79.18  64.18  62.07
22:14:25   0.3   0.0   0.6  99.1   0.0   18 1637214  37808 201.15   10.29   9.87  10.04   9.47  59.72  53.37  44.74  43.32
22:14:26  17.0   0.0  33.4  49.7   0.0   28 1746666  37502 245.17   12.57  12.08  12.24  11.56  72.69  65.31  54.45  52.71
22:14:27  34.8   0.0  65.2   0.0   0.0   31 1753051  38425 245.31   12.60  12.15  12.21  11.48  72.83  65.34  54.53  52.60
22:14:28  32.8   0.0  67.2   0.0   0.0   35 1638107  42110 246.27   12.51  12.10  12.27  11.40  72.48  66.88  54.36  52.55
22:14:29  16.4   0.0  31.6  51.9   0.0   16 1644766  40311 247.21   12.62  12.12  12.22  11.55  72.68  67.34  54.56  52.64
22:14:30  16.5   0.0  32.2  51.3   0.0   33 1705483  41499 247.33   12.63  12.14  12.26  11.56  72.77  67.45  54.42  52.69
22:14:31  16.3   0.0  32.5  51.2   0.0   31 1656541  43962 247.21   12.65  12.11  12.42  11.58  72.65  67.42  54.50  52.64
-------- ----- ----- ----- ----- ----- ---- ------ ------ ------  ------ ------ ------ ------ ------ ------ ------ ------
 Average  16.1   0.0  31.9  52.0   0.0 24.7 1755139.4 45107.2 245.61   12.49  12.05  12.26  11.66  72.87  65.24  54.76  52.74
  StdDev   9.5   0.0  19.0  28.5   0.0  6.9 133443.4 13462.2  11.99    0.61   0.57   0.59   0.57   3.47   3.49   2.75   2.54
-------- ----- ----- ----- ----- ----- ---- ------ ------ ------  ------ ------ ------ ------ ------ ------ ------ ------
 Minimum   0.1   0.0   0.3   0.0   0.0 12.0 1414020.0 35246.0 201.15   10.29   9.87  10.04   9.47  59.72  53.37  44.74  43.32
 Maximum  34.9   0.0  68.3  99.5   0.0 45.0 2135199.0 110684.0 291.37   14.82  14.22  14.53  13.66  85.95  79.18  64.18  62.07
-------- ----- ----- ----- ----- ----- ---- ------ ------ ------  ------ ------ ------ ------ ------ ------ ------ ------
Summary:
CPU: 245.61 Watts on average with standard deviation 11.99 
Note: power read from RAPL domains: dram, dram, dram, dram, package-0, package-1, package-2, package-3.
These readings do not cover all the hardware in this device.

Histogram (of 60 power measurements)

  Range (Watts)   Count
201.148 - 210.170     1 #
210.171 - 219.192     1 #
219.193 - 228.215     1 #
228.216 - 237.238     3 ###
237.239 - 246.260    35 ########################################
246.261 - 255.283    12 #############
255.284 - 264.306     4 ####
264.307 - 273.328     1 #
273.329 - 282.351     1 #
282.352 - 291.374     1 #

Histogram (of 60 CPU utilization measurements)

  Range (%CPU)    Count
  0.456 -  10.409    11 ##############
 10.410 -  20.364     0 
 20.365 -  30.318     0 
 30.319 -  40.273     0 
 40.274 -  50.227    30 ########################################
 50.228 -  60.181    10 #############
 60.182 -  70.136     0 
 70.137 -  80.090     0 
 80.091 -  90.045     0 
 90.046 -  99.999     9 ############

