Running for 60.0 seconds (60 samples at 1.0 second intervals).
Power measurements will start in 0 seconds time.

  Time    User  Nice   Sys  Idle    IO  Run Ctxt/s  IRQ/s Fork Exec Exit  Watts    dram  pkg-0
11:16:04   0.1   0.0   0.0  95.0   5.0    2    509    326    0    0    0  68.79   11.99  68.79
11:16:05   0.0   0.0   0.1  95.0   5.0    1     78    303    0    0    0  68.01   11.98  68.01
11:16:06   0.0   0.0   0.0  95.0   5.0    1     90    349    0    0    0  68.59   11.99  68.59
11:16:07   0.0   0.0   0.0  95.0   5.0    1     56    273    0    0    0  68.49   12.02  68.49
11:16:08   0.0   0.0   0.0  95.0   5.0    1     54    357    0    0    0  68.89   11.96  68.89
11:16:09   0.0   0.0   0.1  94.9   5.0    1     70    288    0    0    0  68.27   11.97  68.27
11:16:10   0.0   0.0   0.0  95.0   5.0    1     78    366    0    0    0  68.27   12.01  68.27
11:16:11   0.0   0.0   0.0  95.0   5.0    1     64    261    0    0    0  68.93   12.01  68.93
11:16:12   0.0   0.0   0.0  95.0   5.0    1     58    342    0    0    0  68.82   11.97  68.82
11:16:13   0.0   0.0   0.0  95.0   5.0    1     62    228    0    0    0  68.19   11.98  68.19
11:16:14   0.0   0.0   0.0  95.0   5.0    2    431    408    0    0    0  67.68   11.96  67.68
11:16:15   0.0   0.0   0.1  95.0   5.0    1     67    222    0    0    0  68.19   12.01  68.19
11:16:16   0.0   0.0   0.0  95.0   5.0    1     74    396    0    0    0  68.92   11.91  68.92
11:16:17   0.0   0.0   0.0  95.0   5.0    1     70    223    0    0    0  68.26   11.97  68.26
11:16:18   0.0   0.0   0.1  95.0   5.0    1     74    459    0    0    0  68.35   11.94  68.35
11:16:19   0.0   0.0   0.0  95.0   5.0    1     50    185    0    0    0  68.95   12.05  68.95
11:16:20   0.0   0.0   0.0  95.0   5.0    1     79    412    0    0    0  68.56   11.95  68.56
11:16:21   0.0   0.0   0.0  95.0   5.0    1     74    210    0    0    0  68.64   11.96  68.64
11:16:22   0.0   0.0   0.0  95.0   5.0    1    122    423    0    0    0  68.46   11.98  68.46
11:16:23   0.0   0.0   0.0  95.0   5.0    1     52    216    0    0    0  68.96   11.94  68.96
11:16:24   0.0   0.0   0.0  95.0   5.0    2    411    390    0    0    0  68.61   11.95  68.61
11:16:25   0.0   0.0   0.1  95.0   5.0    1     71    266    0    0    0  68.34   11.97  68.34
  Time    User  Nice   Sys  Idle    IO  Run Ctxt/s  IRQ/s Fork Exec Exit  Watts    dram  pkg-0
11:16:26   0.0   0.0   0.1  95.0   5.0    1     76    435    0    0    0  68.46   11.95  68.46
11:16:27   0.0   0.0   0.0  95.0   5.0    1     65    211    0    0    0  68.57   12.00  68.57
11:16:28   0.0   0.0   0.0  95.0   5.0    1     58    421    0    0    0  68.60   11.97  68.60
11:16:29   0.0   0.0   0.0  95.0   5.0    1     64    201    0    0    0  67.84   12.03  67.84
11:16:30   0.0   0.0   0.0  95.0   5.0    1     76    428    0    0    0  68.50   11.95  68.50
11:16:31   0.0   0.0   0.0  95.0   5.0    1     48    194    0    0    0  68.58   11.96  68.58
11:16:32   0.0   0.0   0.0  95.0   5.0    1     68    407    0    0    0  68.64   11.87  68.64
11:16:33   0.0   0.0   0.0  95.0   5.0    1     66    231    0    0    0  68.70   11.91  68.70
11:16:34   0.0   0.0   0.1  95.0   5.0    2    175    431    0    0    0  68.33   12.01  68.33
11:16:35   0.0   0.0   0.1  94.9   5.0    1     61    220    0    0    0  68.81   11.96  68.81
11:16:36   0.0   0.0   0.0  95.0   5.0    1     56    396    0    0    0  68.44   11.90  68.44
11:16:37   0.0   0.0   0.0  95.0   5.0    1     78    219    0    0    0  68.38   12.02  68.38
11:16:38   0.0   0.0   0.0  95.0   5.0    1     76    439    0    0    0  68.08   12.04  68.08
11:16:39   0.0   0.0   0.0  95.0   5.0    1     50    186    0    0    0  68.09   11.99  68.09
11:16:40   0.0   0.0   0.0  95.0   5.0    1     54    409    0    0    0  68.56   11.86  68.56
11:16:41   0.0   0.0   0.0  95.0   5.0    1     62    209    0    0    0  67.57   11.97  67.57
11:16:42   0.0   0.0   0.0  94.9   5.0    1     97    463    0    0    0  67.74   11.92  67.74
11:16:43   0.0   0.0   0.0  95.0   5.0    1     52    215    0    0    0  68.88   12.01  68.88
11:16:44   0.1   0.0   0.0  95.0   5.0    2    381    392    0    0    0  68.25   11.97  68.25
11:16:45   0.0   0.0   0.1  95.0   5.0    1     71    253    0    0    0  67.53   11.99  67.53
11:16:46   0.0   0.0   0.0  95.0   5.0    1     74    411    0    0    0  68.15   11.96  68.15
11:16:47   0.0   0.0   0.0  95.0   5.0    1     50    206    0    0    0  67.41   12.01  67.41
  Time    User  Nice   Sys  Idle    IO  Run Ctxt/s  IRQ/s Fork Exec Exit  Watts    dram  pkg-0
11:16:48   0.0   0.0   0.0  95.0   5.0    1     68    417    0    0    0  68.49   12.00  68.49
11:16:49   0.0   0.0   0.0  95.0   5.0    1     70    204    0    0    0  67.65   11.97  67.65
11:16:50   0.0   0.0   0.1  95.0   5.0    1     80    451    0    0    0  67.39   11.92  67.39
11:16:51   0.0   0.0   0.0  95.0   5.0    1     46    194    0    0    0  68.61   11.95  68.61
11:16:52   0.0   0.0   0.0  95.0   5.0    1     74    407    0    0    0  68.82   11.93  68.82
11:16:53   0.0   0.0   0.0  95.0   5.0    1     76    230    0    0    0  67.95   11.97  67.95
11:16:54   0.0   0.0   0.0  95.0   5.0    2    423    408    0    0    0  67.79   12.01  67.79
11:16:55   0.0   0.0   0.1  95.0   5.0    1     55    251    0    0    0  68.12   11.94  68.12
11:16:56   0.0   0.0   0.0  95.0   5.0    1     58    394    0    0    0  68.78   12.02  68.78
11:16:57   0.0   0.0   0.0  95.0   5.0    1     69    226    0    0    0  68.27   11.95  68.27
11:16:58   0.0   0.0   0.0  95.0   5.0    1     85    433    0    0    0  67.80   12.01  67.80
11:16:59   0.0   0.0   0.1  94.9   5.0    1     56    212    0    0    0  68.57   11.96  68.57
11:17:00   0.0   0.0   0.0  95.0   5.0    1     56    407    0    0    0  68.47   11.97  68.47
11:17:01   0.9   0.0   0.3  93.9   5.0    1   1015    267    0    0    0  68.33   11.96  68.33
11:17:02   0.1   0.0   0.1  94.9   5.0    1    169    468    3    2    3  67.92   11.94  67.92
11:17:03   0.0   0.0   0.0  95.0   5.0    1     70    214    0    0    0  68.10   12.02  68.10
-------- ----- ----- ----- ----- ----- ---- ------ ------ ---- ---- ---- ------  ------ ------
 Average   0.0   0.0   0.0  95.0   5.0  1.1  117.0  317.7  0.1  0.0  0.1  68.34   11.97  68.34
  StdDev   0.1   0.0   0.0   0.1   0.0  0.3  155.5   95.9  0.4  0.3  0.4   0.41    0.04   0.41
-------- ----- ----- ----- ----- ----- ---- ------ ------ ---- ---- ---- ------  ------ ------
 Minimum   0.0   0.0   0.0  93.9   5.0  1.0   46.0  185.0  0.0  0.0  0.0  67.39   11.86  67.39
 Maximum   0.9   0.0   0.3  95.0   5.0  2.0 1015.0  468.0  3.0  2.0  3.0  68.96   12.05  68.96
-------- ----- ----- ----- ----- ----- ---- ------ ------ ---- ---- ---- ------  ------ ------
Summary:
CPU:  68.34 Watts on average with standard deviation 0.41  
Note: power read from RAPL domains: dram, package-0.
These readings do not cover all the hardware in this device.

Histogram (of 60 power measurements)

 Range (Watts)  Count
67.395 - 67.550     3 ########
67.551 - 67.707     3 ########
67.708 - 67.864     4 ###########
67.865 - 68.021     3 ########
68.022 - 68.177     5 ##############
68.178 - 68.334     9 #########################
68.335 - 68.491     7 ####################
68.492 - 68.648    14 ########################################
68.649 - 68.805     3 ########
68.806 - 68.961     9 #########################

Histogram (of 60 CPU utilization measurements)

Range (%CPU)  Count
4.952 - 5.067    58 ########################################
5.068 - 5.182     1 
5.183 - 5.298     0 
5.299 - 5.413     0 
5.414 - 5.528     0 
5.529 - 5.644     0 
5.645 - 5.759     0 
5.760 - 5.874     0 
5.875 - 5.990     0 
5.991 - 6.105     1 
