Running for 60.0 seconds (60 samples at 1.0 second intervals).
Power measurements will start in 0 seconds time.

  Time    User  Nice   Sys  Idle    IO  Run Ctxt/s  IRQ/s Fork Exec Exit  Watts    dram  pkg-0
11:17:04  55.0   0.0   0.1  44.9   0.0   13    134   3095    0    0    0  70.75   12.00  70.75
11:17:05  55.0   0.0   0.0  45.0   0.0   12    108   3047    0    0    0  70.68   12.01  70.68
11:17:06  55.0   0.0   0.0  45.0   0.0   12     99   3082    0    0    0  70.75   11.98  70.75
11:17:07  55.0   0.0   0.1  45.0   0.0   12     66   3035    0    0    0  70.76   12.01  70.76
11:17:08  55.0   0.0   0.1  45.0   0.0   12     81   3093    0    0    0  70.69   12.01  70.69
11:17:09  55.0   0.0   0.0  45.0   0.0   12     76   2997    0    0    0  70.75   11.95  70.75
11:17:10  55.0   0.0   0.0  45.0   0.0   12     88   3104    0    0    0  70.75   11.98  70.75
11:17:11  55.0   0.0   0.0  45.0   0.0   12     60   2993    0    0    0  70.68   11.98  70.68
11:17:12  55.0   0.0   0.0  45.0   0.0   12     67   3086    0    0    0  70.75   12.03  70.75
11:17:13  55.0   0.0   0.1  45.0   0.0   12     76   3023    0    0    0  70.75   12.01  70.75
11:17:14  55.0   0.0   0.1  44.9   0.0   12    126   3097    0    0    0  70.67   12.00  70.67
11:17:15  55.0   0.0   0.1  45.0   0.0   12     84   3058    0    0    0  70.77   12.00  70.77
11:17:16  55.0   0.0   0.0  45.0   0.0   12     78   3065    0    0    0  70.74   12.00  70.74
11:17:17  55.0   0.0   0.0  45.0   0.0   12     68   3030    0    0    0  70.68   11.86  70.68
11:17:18  55.0   0.0   0.0  45.0   0.0   12     87   3104    0    0    0  70.75   11.96  70.75
11:17:19  55.0   0.0   0.1  45.0   0.0   12     67   3001    0    0    0  70.75   11.91  70.75
11:17:20  55.0   0.0   0.0  45.0   0.0   12     76   3110    0    0    0  70.75   12.01  70.75
11:17:21  55.0   0.0   0.0  45.0   0.0   12     78   3009    0    0    0  70.68   11.96  70.68
11:17:22  55.0   0.0   0.0  45.0   0.0   12    112   3112    0    0    0  70.75   12.03  70.75
11:17:23  55.0   0.0   0.1  45.0   0.0   12     68   3049    0    0    0  70.76   11.97  70.76
11:17:24  55.0   0.0   0.1  44.9   0.0   12    102   3078    0    0    0  70.68   12.01  70.68
11:17:25  55.0   0.0   0.1  45.0   0.0   12     68   3030    0    0    0  70.75   11.92  70.75
  Time    User  Nice   Sys  Idle    IO  Run Ctxt/s  IRQ/s Fork Exec Exit  Watts    dram  pkg-0
11:17:26  55.0   0.0   0.0  45.0   0.0   12     86   3068    0    0    0  70.74   11.98  70.74
11:17:27  55.0   0.0   0.0  45.0   0.0   12     56   3026    0    0    0  70.68   11.97  70.68
11:17:28  55.0   0.0   0.0  45.0   0.0   12     64   3095    0    0    0  70.76   12.00  70.76
11:17:29  55.0   0.0   0.0  45.0   0.0   12     77   3006    0    0    0  70.75   12.01  70.75
11:17:30  55.0   0.0   0.1  45.0   0.0   12     76   3110    0    0    0  70.68   11.96  70.68
11:17:31  55.0   0.0   0.1  45.0   0.0   12     62   2955    0    0    0  70.77   11.97  70.77
11:17:32  55.0   0.0   0.0  45.0   0.0   12     63   3148    0    0    0  70.75   12.00  70.75
11:17:33  55.0   0.0   0.0  45.0   0.0   12     72   2972    0    0    0  70.68   11.96  70.68
11:17:34  55.0   0.0   0.1  45.0   0.0   12    125   3157    0    0    0  70.75   12.02  70.75
11:17:35  55.0   0.0   0.0  45.0   0.0   12     57   2959    0    0    0  70.75   12.01  70.75
11:17:36  55.0   0.0   0.0  45.0   0.0   12     62   3131    0    0    0  70.68   12.02  70.68
11:17:37  55.0   0.0   0.0  45.0   0.0   12     66   2966    0    0    0  70.76   12.01  70.76
11:17:38  55.0   0.0   0.0  45.0   0.0   12     76   3165    0    0    0  70.75   12.02  70.75
11:17:39  55.0   0.0   0.1  45.0   0.0   12     56   2950    0    0    0  70.69   11.97  70.69
11:17:40  55.0   0.0   0.0  45.0   0.0   12     77   3158    0    0    0  70.75   11.96  70.75
11:17:41  55.0   0.0   0.0  40.0   5.0   12     64   2937    0    0    0  70.76   12.01  70.76
11:17:42  55.0   0.0   0.0  40.0   5.0   12     86   3166    0    0    0  70.67   12.03  70.67
11:17:43  55.0   0.0   0.1  40.0   5.0   12     50   2953    0    0    0  70.75   11.98  70.75
11:17:44  55.0   0.0   0.1  41.4   3.6   12     90   3147    0    0    0  70.76   12.03  70.76
11:17:45  55.0   0.0   0.0  45.0   0.0   12     75   2971    0    0    0  70.75   12.00  70.75
11:17:46  55.0   0.0   0.0  45.0   0.0   12     78   3139    0    0    0  70.68   12.03  70.68
11:17:47  55.0   0.0   0.1  44.9   0.0   12     88   2968    0    0    1  70.75   12.00  70.75
  Time    User  Nice   Sys  Idle    IO  Run Ctxt/s  IRQ/s Fork Exec Exit  Watts    dram  pkg-0
11:17:48  55.0   0.0   0.1  40.4   4.6   12     74   3179    0    0    0  70.69   11.97  70.69
11:17:49  55.0   0.0   0.0  41.7   3.3   12     76   2939    0    0    0  70.75   11.97  70.75
11:17:50  55.0   0.0   0.0  40.0   5.0   12     89   3176    0    0    0  70.76   12.03  70.76
11:17:51  55.0   0.0   0.0  40.0   5.0   12     50   2929    0    0    0  70.73   11.97  70.73
11:17:52  55.0   0.0   0.0  40.0   5.0   12     89   3177    0    0    0  70.75   11.94  70.75
11:17:53  55.0   0.0   0.0  41.7   3.3   12     94   2979    0    0    1  70.68   11.98  70.68
11:17:54  55.0   0.0   0.1  44.9   0.0   12    147   3171    0    0    1  70.75   12.02  70.75
11:17:55  55.0   0.0   0.0  45.0   0.0   12     61   2956    0    0    0  70.68   12.00  70.68
11:17:56  55.0   0.0   0.0  45.0   0.0   12     68   3147    0    0    0  70.77   12.04  70.77
11:17:57  55.0   0.0   0.1  40.0   5.0   12     69   2978    0    0    0  70.75   12.03  70.75
11:17:58  55.0   0.0   0.0  40.0   5.0   12     78   3172    0    0    0  70.68   11.98  70.68
11:17:59  55.0   0.0   0.1  41.6   3.4   12     55   2928    0    0    0  70.76   12.00  70.76
11:18:00  55.1   0.0   0.0  41.2   3.8   12    117   3176    0    0    1  70.74   12.05  70.74
11:18:01  55.9   0.0   0.3  39.0   4.8   12    935   3016    0    0    0  70.97   11.95  70.97
11:18:02  55.0   0.0   0.0  40.1   4.8   12    103   3185    0    0    0  70.71   12.00  70.71
11:18:03  55.0   0.0   0.0  40.0   5.0   12     59   2957    0    0    0  70.76   11.98  70.76
-------- ----- ----- ----- ----- ----- ---- ------ ------ ---- ---- ---- ------  ------ ------
 Average  55.0   0.0   0.0  43.7   1.3 12.0   94.0 3058.5  0.0  0.0  0.1  70.73   11.99  70.73
  StdDev   0.1   0.0   0.0   2.1   2.1  0.1  111.4   80.6  0.0  0.0  0.2   0.05    0.03   0.05
-------- ----- ----- ----- ----- ----- ---- ------ ------ ---- ---- ---- ------  ------ ------
 Minimum  55.0   0.0   0.0  39.0   0.0 12.0   50.0 2928.0  0.0  0.0  0.0  70.67   11.86  70.67
 Maximum  55.9   0.0   0.3  45.0   5.0 13.0  935.0 3185.0  0.0  0.0  1.0  70.97   12.05  70.97
-------- ----- ----- ----- ----- ----- ---- ------ ------ ---- ---- ---- ------  ------ ------
Summary:
CPU:  70.73 Watts on average with standard deviation 0.05  
Note: power read from RAPL domains: dram, package-0.
These readings do not cover all the hardware in this device.

Histogram (of 60 power measurements)

 Range (Watts)  Count
70.670 - 70.699    18 ####################
70.700 - 70.728     1 #
70.729 - 70.758    36 ########################################
70.759 - 70.787     4 ####
70.788 - 70.817     0 
70.818 - 70.846     0 
70.847 - 70.876     0 
70.877 - 70.905     0 
70.906 - 70.935     0 
70.936 - 70.964     1 #

Histogram (of 60 CPU utilization measurements)

 Range (%CPU)   Count
54.977 - 55.577    43 ########################################
55.578 - 56.177     0 
56.178 - 56.777     0 
56.778 - 57.378     0 
57.379 - 57.978     0 
57.979 - 58.578     3 ##
58.579 - 59.179     2 #
59.180 - 59.779     1 
59.780 - 60.379    10 #########
60.380 - 60.980     1 
