Running for 60.0 seconds (60 samples at 1.0 second intervals).
Power measurements will start in 0 seconds time.

  Time    User  Nice   Sys  Idle    IO  Run Ctxt/s  IRQ/s Fork Exec Exit  Watts    dram  pkg-0
11:18:04  99.9   0.0   0.1   0.0   0.0   22    254   5323    0    0    0  70.70   11.97  70.70
11:18:05 100.0   0.0   0.0   0.0   0.0   22    170   5290    0    0    0  70.77   12.00  70.77
11:18:06 100.0   0.0   0.0   0.0   0.0   22    148   5271    0    0    0  70.75   11.95  70.75
11:18:07 100.0   0.0   0.0   0.0   0.0   22    142   5294    0    0    0  70.68   12.03  70.68
11:18:08 100.0   0.0   0.0   0.0   0.0   22    142   5284    0    0    0  70.76   11.97  70.76
11:18:09 100.0   0.0   0.0   0.0   0.0   22    144   5283    0    0    0  70.75   12.01  70.75
11:18:10 100.0   0.0   0.0   0.0   0.0   22    136   5289    0    0    0  70.68   11.97  70.68
11:18:11 100.0   0.0   0.0   0.0   0.0   22    136   5267    0    0    0  70.75   12.00  70.75
11:18:12 100.0   0.0   0.1   0.0   0.0   22    148   5317    0    0    0  70.75   11.94  70.75
11:18:13 100.0   0.0   0.0   0.0   0.0   22    142   5290    0    0    0  70.75   11.98  70.75
11:18:14 100.0   0.0   0.1   0.0   0.0   22    176   5284    0    0    0  70.69   12.05  70.69
11:18:15 100.0   0.0   0.0   0.0   0.0   22    163   5285    0    0    0  70.74   11.98  70.74
11:18:16 100.0   0.0   0.0   0.0   0.0   22    152   5274    0    0    0  70.75   12.00  70.75
11:18:17 100.0   0.0   0.0   0.0   0.0   22    146   5299    0    0    0  70.68   12.01  70.68
11:18:18 100.0   0.0   0.0   0.0   0.0   22    141   5282    0    0    0  70.75   12.01  70.75
11:18:19 100.0   0.0   0.0   0.0   0.0   22    129   5274    0    0    0  70.75   12.00  70.75
11:18:20 100.0   0.0   0.1   0.0   0.0   22    157   5311    0    0    0  70.72   11.94  70.72
11:18:21 100.0   0.0   0.0   0.0   0.0   22    201   5280    0    0    0  70.76   12.00  70.76
11:18:22 100.0   0.0   0.0   0.0   0.0   22    140   5293    0    0    0  70.75   11.97  70.75
11:18:23 100.0   0.0   0.0   0.0   0.0   22    130   5281    0    0    0  70.68   11.92  70.68
11:18:24  99.9   0.0   0.1   0.0   0.0   22    182   5285    0    0    0  70.92   12.02  70.92
11:18:25 100.0   0.0   0.0   0.0   0.0   22    137   5292    0    0    0  70.76   11.97  70.76
  Time    User  Nice   Sys  Idle    IO  Run Ctxt/s  IRQ/s Fork Exec Exit  Watts    dram  pkg-0
11:18:26 100.0   0.0   0.0   0.0   0.0   22    143   5270    0    0    0  70.67   12.01  70.67
11:18:27 100.0   0.0   0.0   0.0   0.0   22    133   5299    0    0    0  70.75   12.03  70.75
11:18:28 100.0   0.0   0.0   0.0   0.0   22    139   5303    0    0    0  70.77   12.02  70.77
11:18:29 100.0   0.0   0.0   0.0   0.0   22    141   5281    0    0    0  70.76   11.95  70.76
11:18:30 100.0   0.0   0.0   0.0   0.0   22    139   5289    0    0    0  71.10   11.97  71.10
11:18:31 100.0   0.0   0.0   0.0   0.0   22    133   5229    0    0    0  71.49   11.96  71.49
11:18:32 100.0   0.0   0.0   0.0   0.0   22    142   5337    0    0    0  71.03   11.96  71.03
11:18:33 100.0   0.0   0.0   0.0   0.0   22    138   5250    0    0    0  70.76   11.98  70.76
11:18:34 100.0   0.0   0.1   0.0   0.0   22    174   5320    0    0    0  71.11   12.06  71.11
11:18:35 100.0   0.0   0.0   0.0   0.0   22    122   5243    0    0    0  71.13   11.97  71.13
11:18:36 100.0   0.0   0.1   0.0   0.0   22    142   5332    0    0    0  70.85   12.00  70.85
11:18:37 100.0   0.0   0.0   0.0   0.0   22    146   5260    0    0    0  71.00   11.91  71.00
11:18:38 100.0   0.0   0.0   0.0   0.0   22    140   5317    0    0    0  71.61   11.94  71.61
11:18:39 100.0   0.0   0.0   0.0   0.0   22    131   5238    0    0    0  71.68   11.92  71.68
11:18:40 100.0   0.0   0.0   0.0   0.0   22    137   5329    0    0    0  70.75   11.95  70.75
11:18:41 100.0   0.0   0.0   0.0   0.0   22    135   5237    0    0    0  70.76   12.01  70.76
11:18:42 100.0   0.0   0.0   0.0   0.0   22    146   5333    0    0    0  70.70   11.97  70.70
11:18:43 100.0   0.0   0.0   0.0   0.0   22    129   5243    0    0    0  70.78   11.94  70.78
11:18:44 100.0   0.0   0.1   0.0   0.0   22    177   5323    0    0    0  70.90   11.98  70.90
11:18:45 100.0   0.0   0.0   0.0   0.0   22    140   5274    0    0    0  70.70   12.02  70.70
11:18:46 100.0   0.0   0.0   0.0   0.0   22    141   5309    0    0    0  70.76   11.97  70.76
11:18:47 100.0   0.0   0.0   0.0   0.0   22    136   5254    0    0    0  70.97   12.00  70.97
  Time    User  Nice   Sys  Idle    IO  Run Ctxt/s  IRQ/s Fork Exec Exit  Watts    dram  pkg-0
11:18:48 100.0   0.0   0.1   0.0   0.0   22    144   5319    0    0    0  70.80   11.94  70.80
11:18:49 100.0   0.0   0.0   0.0   0.0   22    142   5243    0    0    0  70.75   11.97  70.75
11:18:50 100.0   0.0   0.0   0.0   0.0   22    133   5324    0    0    0  71.05   12.01  71.05
11:18:51 100.0   0.0   0.0   0.0   0.0   22    156   5234    0    0    0  70.97   11.92  70.97
11:18:52 100.0   0.0   0.0   0.0   0.0   22    141   5331    0    0    0  70.69   11.98  70.69
11:18:53 100.0   0.0   0.0   0.0   0.0   22    147   5275    0    0    0  70.75   12.01  70.75
11:18:54 100.0   0.0   0.1   0.0   0.0   22    197   5321    0    0    0  70.69   11.96  70.69
11:18:55 100.0   0.0   0.0   0.0   0.0   22    135   5247    0    0    0  70.90   11.95  70.90
11:18:56 100.0   0.0   0.0   0.0   0.0   22    136   5314    0    0    0  70.75   11.89  70.75
11:18:57 100.0   0.0   0.0   0.0   0.0   22    147   5260    0    0    0  70.82   12.00  70.82
11:18:58 100.0   0.0   0.0   0.0   0.0   22    136   5314    0    0    0  70.98   12.01  70.98
11:18:59 100.0   0.0   0.0   0.0   0.0   22    127   5233    0    0    0  70.76   11.97  70.76
11:19:00  99.9   0.0   0.0   0.0   0.0   23    839   5388    0    0    0  71.00   11.98  71.00
11:19:01  99.8   0.0   0.1   0.1   0.0   22    182   5268    0    0    0  70.76   12.00  70.76
11:19:02 100.0   0.0   0.0   0.0   0.0   22    162   5335    0    0    0  71.04   11.96  71.04
11:19:03 100.0   0.0   0.0   0.0   0.0   22    139   5247    0    0    0  71.47   12.03  71.47
-------- ----- ----- ----- ----- ----- ---- ------ ------ ---- ---- ---- ------  ------ ------
 Average 100.0   0.0   0.0   0.0   0.0 22.0  159.7 5287.9  0.0  0.0  0.0  70.86   11.98  70.86
  StdDev   0.0   0.0   0.0   0.0   0.0  0.1   91.0   32.7  0.0  0.0  0.0   0.22    0.03   0.22
-------- ----- ----- ----- ----- ----- ---- ------ ------ ---- ---- ---- ------  ------ ------
 Minimum  99.8   0.0   0.0   0.0   0.0 22.0  122.0 5229.0  0.0  0.0  0.0  70.67   11.89  70.67
 Maximum 100.0   0.0   0.1   0.1   0.0 23.0  839.0 5388.0  0.0  0.0  0.0  71.68   12.06  71.68
-------- ----- ----- ----- ----- ----- ---- ------ ------ ---- ---- ---- ------  ------ ------
Summary:
CPU:  70.86 Watts on average with standard deviation 0.22  
Note: power read from RAPL domains: dram, package-0.
These readings do not cover all the hardware in this device.

Histogram (of 60 power measurements)

 Range (Watts)  Count
70.675 - 70.774    38 ########################################
70.775 - 70.875     4 ####
70.876 - 70.975     5 #####
70.976 - 71.076     6 ######
71.077 - 71.176     3 ###
71.177 - 71.277     0 
71.278 - 71.377     0 
71.378 - 71.478     1 #
71.479 - 71.578     1 #
71.579 - 71.679     2 ##

Histogram (of 60 CPU utilization measurements)

  Range (%CPU)    Count
 99.950 -  99.954     2 #
 99.955 -  99.959     0 
 99.960 -  99.964     0 
 99.965 -  99.969     0 
 99.970 -  99.974     0 
 99.975 -  99.979     0 
 99.980 -  99.984     0 
 99.985 -  99.989     0 
 99.990 -  99.994     0 
 99.995 -  99.999    58 ########################################
