fnl@fnl-one:~/nfv/v5.3$ powerstat -RDH
Running for 60.0 seconds (60 samples at 1.0 second intervals).
Power measurements will start in 0 seconds time.

  Time    User  Nice   Sys  Idle    IO  Run Ctxt/s  IRQ/s  Watts    dram   dram   dram   dram  pkg-0  pkg-1  pkg-2  pkg-3
21:54:22  10.1   0.0  17.2  72.6   0.0   29 2471166  46192 275.68   12.17  12.33  12.38  12.03  72.85  68.45  66.93  67.44
21:54:23   9.6   0.0  17.9  72.5   0.0   24 2135684  40152 273.53   12.11  12.02  12.22  12.06  72.73  67.05  66.26  67.49
21:54:24   9.9   0.0  18.0  72.1   0.0   24 2178201  40392 273.78   12.10  12.04  12.23  12.07  72.63  67.14  66.39  67.63
21:54:25   9.6   0.0  18.3  72.1   0.0   32 2367036  41522 274.81   12.16  12.05  12.21  12.04  73.10  67.67  66.73  67.32
21:54:26   9.9   0.0  18.4  71.6   0.0   25 2279562  47505 273.22   12.12  12.17  12.24  12.07  72.68  67.42  66.16  66.96
21:54:27  10.4   0.0  19.0  70.6   0.0   28 2687321  44583 274.24   12.23  12.13  12.17  12.04  73.11  67.31  66.25  67.58
21:54:28  10.0   0.0  19.4  70.6   0.0   26 3024180  47691 277.11   12.23  12.42  12.29  12.02  73.29  68.36  67.93  67.53
21:54:29   9.9   0.0  17.6  72.5   0.0   20 2362268  44204 274.95   12.22  12.11  12.16  12.04  73.00  67.79  66.66  67.51
21:54:30  10.3   0.0  17.8  71.9   0.0   23 2425320  47938 275.75   12.19  12.38  12.28  12.03  73.03  68.36  66.84  67.53
21:54:31   9.2   0.0  17.3  73.5   0.0   19 1951076  42901 271.59   12.06  12.25  12.15  11.92  72.36  67.20  65.73  66.31
21:54:32   8.8   0.0  17.0  74.2   0.0   28 2013461  43081 271.41   12.05  12.22  12.17  12.09  72.45  67.31  65.61  66.04
21:54:33   8.8   0.0  17.1  74.2   0.0   20 1819856  39352 271.12   12.11  12.13  11.97  12.05  72.28  67.04  65.30  66.51
21:54:34  10.4   0.0  18.1  71.5   0.0   16 2815060  48862 276.29   12.28  12.58  12.41  12.06  73.33  68.60  67.22  67.14
21:54:35   8.4   0.0  17.3  74.3   0.0   47 1849361  41166 270.27   12.06  12.22  12.10  11.99  72.05  66.82  65.26  66.14
21:54:36   9.4   0.0  18.1  72.5   0.0   15 2492916  45371 274.34   12.15  12.42  12.20  11.99  72.88  68.02  66.76  66.68
21:54:37   8.5   0.0  17.3  74.2   0.0   26 1812868  39702 270.30   12.02  12.21  12.08  11.98  72.58  66.99  65.18  65.55
21:54:38   9.2   0.0  18.0  72.8   0.0   23 2134211  42706 272.33   12.03  12.20  12.02  12.04  72.75  67.07  66.14  66.36
21:54:39   9.7   0.0  17.9  72.4   0.0   19 2221134  41698 272.53   12.12  12.27  12.10  12.02  72.84  67.45  65.93  66.32
21:54:40   8.4   0.0  16.7  74.9   0.0   22 1790288  40806 270.41   12.03  12.15  12.14  12.01  72.38  67.09  65.47  65.46
21:54:41   8.3   0.0  17.1  74.6   0.0   29 1782137  39370 270.27   12.05  12.20  12.10  11.91  72.24  67.04  65.56  65.43
21:54:42   8.5   0.0  16.1  75.3   0.0   25 1857594  41586 270.41   11.86  12.21  12.14  12.03  72.43  66.93  65.42  65.63
21:54:43  10.0   0.0  18.9  71.1   0.0   23 2775309  44687 275.03   12.31  12.25  12.17  12.06  73.26  67.80  66.45  67.52
  Time    User  Nice   Sys  Idle    IO  Run Ctxt/s  IRQ/s  Watts    dram   dram   dram   dram  pkg-0  pkg-1  pkg-2  pkg-3
21:54:44   9.8   0.0  19.0  71.2   0.0   22 2748098  45001 274.87   12.15  12.31  12.19  11.96  73.23  67.98  66.41  67.24
21:54:45  10.2   0.0  18.2  71.5   0.0   22 2746070  44167 275.77   12.29  12.39  12.11  11.97  73.17  68.28  67.06  67.26
21:54:46  10.9   0.0  18.3  70.8   0.0   28 3214521  50578 279.17   12.21  12.66  12.19  11.84  73.35  69.40  68.76  67.66
21:54:47   8.9   0.0  17.5  73.6   0.0   22 2104232  40741 272.19   11.98  12.23  12.13  11.98  72.61  67.31  66.10  66.16
21:54:48  10.5   0.0  18.5  71.0   0.0   27 3248642  50744 277.91   12.29  12.74  12.27  11.77  73.47  69.38  67.36  67.70
21:54:49  10.0   0.0  17.4  72.6   0.0   27 2714776  43791 275.04   12.08  12.46  12.18  11.70  73.13  68.52  66.89  66.49
21:54:50  10.6   0.0  18.3  71.1   0.0   15 2894045  50064 276.39   12.20  12.57  12.30  11.75  73.57  68.98  67.29  66.54
21:54:51   8.3   0.0  17.1  74.6   0.0   21 1986307  41932 270.58   11.96  12.30  12.06  11.63  72.30  66.93  65.58  65.77
21:54:52   8.1   0.0  16.9  75.0   0.0   21 1899946  42126 270.85   11.95  12.27  12.11  11.81  72.69  66.87  65.59  65.71
21:54:53   8.3   0.0  16.7  75.0   0.0   17 1976357  40099 271.36   12.03  12.26  12.09  11.87  72.56  67.17  65.92  65.71
21:54:54   9.8   0.0  18.4  71.8   0.0   20 2435057  45255 273.37   12.17  12.24  11.99  11.92  72.86  67.57  65.87  67.08
21:54:55   9.4   0.0  17.8  72.8   0.0   25 2319900  64363 274.09   12.21  12.33  12.19  11.91  73.06  67.88  66.48  66.69
21:54:56   9.6   0.0  18.3  72.1   0.0   24 2528762 150169 273.68   12.21  12.35  12.20  11.83  72.88  67.84  66.17  66.80
21:54:57   9.8   0.0  18.2  72.0   0.0   29 2513001 152973 274.57   12.21  12.19  12.12  12.02  73.07  67.58  66.31  67.61
21:54:58   9.9   0.0  18.5  71.6   0.0   26 2557717  61935 274.93   12.25  12.30  12.17  11.94  73.06  67.68  67.26  66.93
21:54:59   9.0   0.0  17.0  73.9   0.0   22 2119020  42488 272.61   12.11  12.28  12.17  11.95  72.74  67.34  66.09  66.44
21:55:00   8.3   0.0  16.5  75.2   0.0   30 1748128  39400 269.81   11.93  12.15  12.12  11.90  72.49  66.56  65.36  65.39
21:55:01  10.3   0.0  18.1  71.6   0.0   26 2833159  44578 275.76   12.17  12.47  12.32  11.92  73.22  68.56  66.84  67.14
21:55:02  10.6   0.0  18.8  70.6   0.0   27 3218346  50165 278.20   12.22  12.66  12.51  11.91  73.42  69.14  68.17  67.47
21:55:03  10.2   0.0  18.5  71.4   0.0   31 2894621  47201 277.15   12.28  12.55  12.42  11.90  73.35  68.45  68.22  67.12
21:55:04  10.5   0.0  18.8  70.6   0.0   24 3117211  48477 278.46   12.27  12.61  12.35  11.85  73.58  68.89  68.42  67.57
21:55:05   9.2   0.0  17.4  73.5   0.0   27 2283161  42114 273.26   12.10  12.36  12.20  11.95  72.78  67.61  66.51  66.36
  Time    User  Nice   Sys  Idle    IO  Run Ctxt/s  IRQ/s  Watts    dram   dram   dram   dram  pkg-0  pkg-1  pkg-2  pkg-3
21:55:06   9.0   0.0  17.2  73.8   0.0   28 1991693  42739 271.49   12.03  12.24  12.23  11.85  72.66  66.87  65.91  66.05
21:55:07  10.1   0.0  18.9  70.9   0.0   25 2704995  43339 275.73   12.24  12.20  12.20  12.00  73.45  67.35  67.67  67.25
21:55:08   8.9   0.0  17.3  73.7   0.1   23 2237879  41903 272.56   12.01  12.13  12.22  12.08  72.78  67.13  66.26  66.39
21:55:09   9.7   0.0  17.4  72.9   0.0   23 2633224  43216 275.08   12.13  12.48  12.23  12.01  73.14  68.30  66.96  66.68
21:55:10  10.7   0.0  18.5  70.8   0.0   26 3186091  51239 278.71   12.23  12.75  12.23  11.99  73.56  69.26  68.55  67.34
21:55:11  10.7   0.0  18.6  70.7   0.0   32 3214000  50044 278.79   12.19  12.72  12.26  12.06  73.37  69.36  68.63  67.43
21:55:12   8.8   0.0  17.1  74.1   0.0   28 1955493  41409 271.33   12.18  12.28  12.03  12.05  72.16  67.00  65.75  66.42
21:55:13   8.1   0.0  16.7  75.1   0.0   14 1863041  39439 270.73   12.15  12.19  12.07  12.06  72.56  67.01  65.32  65.84
21:55:14   9.5   0.0  17.6  73.0   0.0   23 2300492  44272 273.12   12.19  12.32  12.13  11.96  72.76  67.60  66.53  66.23
21:55:15  10.2   0.0  17.9  71.9   0.0   22 2801159  47104 276.09   12.29  12.59  12.15  11.97  73.02  68.61  67.43  67.04
21:55:16  10.5   0.0  18.8  70.7   0.0   24 2966531  48638 277.59   12.26  12.43  12.22  11.97  73.28  68.45  68.04  67.82
21:55:17   9.4   0.0  18.4  72.3   0.0   42 2298826  41178 273.78   12.21  12.21  12.10  11.87  72.75  67.53  66.77  66.74
21:55:18   8.7   0.0  17.6  73.6   0.0   52 1875342  42218 271.44   12.26  12.14  12.06  11.97  72.36  66.99  65.39  66.70
21:55:19   9.6   0.0  18.4  71.9   0.0   22 2548619  47334 274.88   12.21  12.43  12.11  11.94  72.91  68.03  66.52  67.42
21:55:20   9.6   0.0  18.0  72.3   0.0   27 2240642  47078 274.50   12.24  12.25  12.03  12.03  73.10  67.95  66.63  66.83
21:55:21   9.4   0.0  18.0  72.6   0.0   43 2020902  42292 271.04   12.20  12.13  12.08  11.79  72.46  67.29  65.79  65.50
-------- ----- ----- ----- ----- ----- ---- ------ ------ ------  ------ ------ ------ ------ ------ ------ ------ ------
 Average   9.5   0.0  17.9  72.6   0.0 25.5 2403100.2 48387.8 273.94   12.15  12.32  12.18  11.96  72.89  67.76  66.55  66.74
  StdDev   0.8   0.0   0.7   1.4   0.0  6.9 434892.8 19738.3   2.53    0.10   0.18   0.10   0.10   0.39   0.75   0.93   0.70
-------- ----- ----- ----- ----- ----- ---- ------ ------ ------  ------ ------ ------ ------ ------ ------ ------ ------
 Minimum   8.1   0.0  16.1  70.6   0.0 14.0 1748128.0 39352.0 269.81   11.86  12.02  11.97  11.63  72.05  66.56  65.18  65.39
 Maximum  10.9   0.0  19.4  75.3   0.1 52.0 3248642.0 152973.0 279.17   12.31  12.75  12.51  12.09  73.58  69.40  68.76  67.82
-------- ----- ----- ----- ----- ----- ---- ------ ------ ------  ------ ------ ------ ------ ------ ------ ------ ------
Summary:
CPU: 273.94 Watts on average with standard deviation 2.53  
Note: power read from RAPL domains: dram, dram, dram, dram, package-0, package-1, package-2, package-3.
These readings do not cover all the hardware in this device.

Histogram (of 60 power measurements)

  Range (Watts)   Count
269.806 - 270.741     8 ################################
270.742 - 271.678     9 ####################################
271.679 - 272.614     5 ####################
272.615 - 273.551     5 ####################
273.552 - 274.487     6 ########################
274.488 - 275.424    10 ########################################
275.425 - 276.360     7 ############################
276.361 - 277.297     3 ############
277.298 - 278.233     3 ############
278.234 - 279.169     4 ################

Histogram (of 60 CPU utilization measurements)

 Range (%CPU)   Count
24.657 - 25.133     6 ########################
25.134 - 25.611     2 ########
25.612 - 26.088     6 ########################
26.089 - 26.566     6 ########################
26.567 - 27.043     1 ####
27.044 - 27.521     8 ################################
27.522 - 27.998     7 ############################
27.999 - 28.476     9 ####################################
28.477 - 28.953     5 ####################
28.954 - 29.431    10 ########################################

