fnl@fnl-one:~/nfv/v5.3$ powerstat -RDH
Running for 60.0 seconds (60 samples at 1.0 second intervals).
Power measurements will start in 0 seconds time.

  Time    User  Nice   Sys  Idle    IO  Run Ctxt/s  IRQ/s  Watts    dram   dram   dram   dram  pkg-0  pkg-1  pkg-2  pkg-3
21:52:35  15.4   0.0  29.2  55.4   0.0   31 1942794  50167 246.17   12.36  12.10  12.26  11.76  73.23  62.58  57.89  52.47
21:52:36  17.5   0.0  31.7  50.9   0.0   45 2339651  56380 248.52   12.44  12.15  12.40  11.94  73.48  63.44  58.83  52.76
21:52:37  17.2   0.0  30.4  52.4   0.0   11 1987581  46028 246.98   12.37  12.15  12.37  11.90  73.10  63.07  58.17  52.65
21:52:38  16.3   0.0  28.9  54.9   0.0   30 1939252  46895 246.54   12.35  12.05  12.28  11.95  72.99  62.80  58.08  52.68
21:52:39  15.7   0.0  30.3  54.0   0.0   24 1802815  46786 245.94   12.15  12.08  12.24  11.92  72.78  62.77  57.89  52.51
21:52:40  16.1   0.0  30.8  53.1   0.0   27 1910637  43503 246.48   12.27  12.13  12.27  11.94  73.01  62.87  58.02  52.58
21:52:41  16.0   0.0  30.5  53.5   0.0   27 2025756  48559 246.82   12.18  12.11  12.31  11.96  73.23  62.73  58.22  52.63
21:52:42  17.8   0.0  33.8  48.3   0.0   28 2404270  58949 248.79   12.24  12.23  12.45  12.01  73.62  63.53  58.79  52.85
21:52:43  17.0   0.0  31.0  52.0   0.0   13 2143304  52558 247.27   12.43  12.24  12.40  12.03  73.47  62.88  58.37  52.56
21:52:44  14.9   0.0  29.3  55.8   0.0   29 1917153  51634 245.85   12.36  12.17  12.31  11.84  73.13  62.26  57.97  52.49
21:52:45  15.4   0.0  29.1  55.5   0.0   29 1989606  57562 246.14   12.48  12.06  12.29  11.94  73.25  62.31  58.07  52.51
21:52:46  14.8   0.0  28.8  56.4   0.0   26 1846701  72323 245.87   12.37  12.16  12.28  11.83  73.07  62.47  57.88  52.45
21:52:47  14.9   0.0  29.5  55.6   0.0   27 1835260  91192 245.60   12.17  12.10  12.21  11.91  72.96  62.62  57.59  52.43
21:52:48  14.3   0.0  29.5  56.2   0.0   46 1814269 102507 246.14   12.38  12.00  12.32  12.06  73.13  62.69  57.93  52.40
21:52:49  15.5   0.0  29.3  55.2   0.0   29 1874969  52124 246.06   12.32  12.11  12.32  11.97  73.16  62.73  57.78  52.39
21:52:50  19.6   0.0  33.9  46.5   0.0   27 2774545  64106 250.98   12.49  12.18  12.54  12.05  74.16  64.33  59.37  53.11
21:52:51  18.3   0.0  32.0  49.7   0.0   26 2273409  56414 248.76   12.44  12.13  12.35  11.88  73.36  63.74  58.79  52.87
21:52:52  16.3   0.0  30.3  53.5   0.0   28 1949266  47320 246.93   12.25  12.05  12.19  11.87  72.79  63.10  58.34  52.70
21:52:53  18.2   0.0  32.4  49.3   0.0   29 2217591  51182 248.15   12.43  12.16  12.43  11.98  73.15  63.39  58.75  52.86
21:52:54  16.3   0.0  30.3  53.4   0.0   31 2057062  49128 247.23   12.47  12.07  12.36  11.99  73.09  63.08  58.44  52.63
21:52:55  16.1   0.0  29.4  54.5   0.0   43 1874722  45860 246.22   12.48  12.11  12.26  11.96  73.00  62.58  58.10  52.55
21:52:56  18.1   0.0  32.0  49.9   0.0   30 2198684  51474 248.19   12.39  12.14  12.29  12.06  73.23  63.45  58.73  52.78
  Time    User  Nice   Sys  Idle    IO  Run Ctxt/s  IRQ/s  Watts    dram   dram   dram   dram  pkg-0  pkg-1  pkg-2  pkg-3
21:52:57  17.3   0.0  31.9  50.8   0.0   28 2119211  47576 247.84   12.27  12.15  12.36  11.95  73.04  63.37  58.57  52.85
21:52:58  17.2   0.0  31.5  51.3   0.0   39 2048847  52290 247.81   12.32  12.14  12.36  11.94  73.09  63.51  58.51  52.70
21:52:59  17.1   0.0  31.6  51.3   0.0   45 2054001  51432 247.59   12.37  12.08  12.33  11.91  73.01  63.43  58.42  52.72
21:53:00  17.4   0.0  31.1  51.6   0.0   32 2043691  46521 247.69   12.33  12.02  12.38  11.99  73.08  63.47  58.35  52.80
21:53:01  16.7   0.0  30.1  53.2   0.0   14 1951023  46173 247.41   12.33  12.06  12.42  12.02  73.01  62.92  58.29  53.19
21:53:02  16.0   0.0  29.9  54.1   0.0   19 1878509  46217 246.59   12.21  12.11  12.42  11.87  72.92  62.98  58.12  52.57
21:53:03  18.3   0.0  33.0  48.7   0.0   38 2304595  51372 249.04   12.34  12.20  12.50  11.95  73.35  63.74  59.00  52.94
21:53:04  17.5   0.0  32.6  49.9   0.0   29 2181761  48183 248.03   12.40  12.08  12.45  11.94  73.14  63.35  58.64  52.90
21:53:05  17.2   0.0  33.1  49.7   0.0   26 2108231  48315 247.49   12.29  12.08  12.34  11.98  73.00  63.06  58.63  52.80
21:53:06  17.5   0.0  32.0  50.5   0.0   30 2109187  49996 247.39   12.34  12.00  12.35  11.89  73.13  62.97  58.51  52.77
21:53:07  15.8   0.0  29.8  54.4   0.0   22 1887376  45821 246.13   12.38  12.03  12.32  11.80  72.90  62.57  58.16  52.50
21:53:08  16.4   0.0  31.1  52.5   0.0   28 2076298  48427 246.89   12.35  12.20  12.45  11.92  73.02  62.80  58.37  52.71
21:53:09  17.4   0.0  31.6  51.0   0.0   23 2052167  48562 247.30   12.32  12.17  12.42  11.85  72.98  63.18  58.45  52.69
21:53:10  17.5   0.0  31.6  50.9   0.0   26 2080997  49620 247.45   12.29  12.11  12.34  11.92  73.13  62.97  58.66  52.68
21:53:11  16.6   0.0  31.9  51.5   0.0   27 1963205  48988 246.73   12.20  12.22  12.37  11.78  72.79  63.01  58.28  52.65
21:53:12  17.0   0.0  30.1  52.9   0.0   14 2024015  48056 247.17   12.34  12.09  12.42  11.82  73.15  63.02  58.36  52.65
21:53:13  15.3   0.0  29.4  55.4   0.0   31 1841652  43955 245.85   12.22  12.04  12.33  11.86  72.83  62.50  57.91  52.61
21:53:14  18.0   0.0  31.3  50.7   0.0   23 2236061  50910 248.12   12.39  12.18  12.43  11.97  73.19  63.16  58.85  52.91
21:53:15  17.6   0.0  31.5  50.9   0.0   27 2110748  50077 247.50   12.29  12.22  12.35  12.04  72.99  62.95  58.63  52.93
21:53:16  17.9   0.0  32.1  50.0   0.0   27 2223201  48813 248.02   12.24  12.16  12.37  11.96  73.14  63.24  58.72  52.92
21:53:17  18.3   0.0  32.5  49.2   0.0   28 2189454  50005 248.05   12.37  12.23  12.37  12.02  73.03  63.35  58.70  52.97
21:53:18  16.6   0.0  30.1  53.3   0.0   29 2027032  47803 246.99   12.36  12.04  12.33  11.88  73.05  62.86  58.36  52.72
  Time    User  Nice   Sys  Idle    IO  Run Ctxt/s  IRQ/s  Watts    dram   dram   dram   dram  pkg-0  pkg-1  pkg-2  pkg-3
21:53:19  16.3   0.0  30.2  53.5   0.0   29 1900477  45583 246.38   12.23  12.19  12.33  11.91  72.81  62.95  58.01  52.60
21:53:20  16.0   0.0  30.8  53.2   0.0   25 1833477  45619 246.11   12.26  12.14  12.24  11.75  72.78  62.65  58.16  52.53
21:53:21  15.9   0.0  31.0  53.1   0.0   29 2065795  46270 246.60   12.26  12.16  12.34  11.84  72.82  62.79  58.40  52.59
21:53:22  16.2   0.0  29.6  54.3   0.0   13 1976770  48747 246.71   12.38  12.18  12.33  11.84  72.95  62.81  58.31  52.64
21:53:23  14.6   0.0  29.8  55.6   0.0   24 2061418  52300 246.41   12.29  12.19  12.21  11.79  73.19  62.77  57.96  52.49
21:53:24  14.3   0.0  28.8  56.8   0.0   26 1952787  49441 246.03   12.21  12.17  12.25  11.74  73.14  62.72  57.73  52.44
21:53:25  14.7   0.0  29.1  56.2   0.0   39 2125109  49858 246.49   12.28  12.16  12.40  11.81  73.09  62.80  58.07  52.53
21:53:26  14.3   0.0  29.2  56.4   0.0   29 1987354  50451 245.81   12.20  12.13  12.33  11.81  72.95  62.60  57.81  52.45
21:53:27  14.7   0.0  29.0  56.3   0.0   12 1992394  48876 245.86   12.27  12.12  12.22  11.85  73.06  62.42  57.99  52.40
21:53:28  14.7   0.0  29.3  56.0   0.0   21 1976699  56310 246.03   12.34  12.12  12.26  11.85  72.96  62.61  57.99  52.46
21:53:29  32.4   0.0  67.6   0.0   0.0   28 2002268  83222 282.30   14.18  13.89  14.18  13.68  83.88  71.96  66.41  60.05
21:53:30  34.1   0.0  65.9   0.0   0.0   17 2124615 119880 212.98   10.63  10.40  10.67  10.23  62.63  55.43  49.95  44.97
21:53:31  13.8   0.0  27.9  58.3   0.0   31 1797538 123042 246.77   12.23  12.06  12.28  11.94  72.82  63.98  57.60  52.37
21:53:32  14.6   0.0  28.5  56.9   0.0   32 1970319  54545 247.82   12.18  12.20  12.34  11.92  72.98  64.36  57.95  52.52
21:53:33  14.1   0.0  27.7  58.1   0.0   16 2146027  46681 248.38   12.18  12.21  12.34  11.87  73.15  64.67  58.00  52.56
21:53:34  14.1   0.0  27.7  58.1   0.1   35 2115043  46380 247.91   12.34  12.23  12.37  12.02  72.93  64.60  57.89  52.49
-------- ----- ----- ----- ----- ----- ---- ------ ------ ------  ------ ------ ------ ------ ------ ------ ------ ------
 Average  16.9   0.0  31.7  51.4   0.0 27.4 2044310.8 54649.5 247.12   12.32  12.13  12.34  11.91  73.09  63.10  58.28  52.65
  StdDev   3.3   0.0   6.7   9.9   0.0  7.7 167385.3 16225.6   6.41    0.34   0.32   0.33   0.33   1.95   1.60   1.55   1.39
-------- ----- ----- ----- ----- ----- ---- ------ ------ ------  ------ ------ ------ ------ ------ ------ ------ ------
 Minimum  13.8   0.0  27.7   0.0   0.0 11.0 1797538.0 43503.0 212.98   10.63  10.40  10.67  10.23  62.63  55.43  49.95  44.97
 Maximum  34.1   0.0  67.6  58.3   0.1 46.0 2774545.0 123042.0 282.30   14.18  13.89  14.18  13.68  83.88  71.96  66.41  60.05
-------- ----- ----- ----- ----- ----- ---- ------ ------ ------  ------ ------ ------ ------ ------ ------ ------ ------
Summary:
CPU: 247.12 Watts on average with standard deviation 6.41  
Note: power read from RAPL domains: dram, dram, dram, dram, package-0, package-1, package-2, package-3.
These readings do not cover all the hardware in this device.

Histogram (of 60 power measurements)

  Range (Watts)   Count
212.977 - 219.908     1 
219.909 - 226.840     0 
226.841 - 233.772     0 
233.773 - 240.704     0 
240.705 - 247.636    41 ########################################
247.637 - 254.569    17 ################
254.570 - 261.501     0 
261.502 - 268.433     0 
268.434 - 275.365     0 
275.366 - 282.297     1 

Histogram (of 60 CPU utilization measurements)

  Range (%CPU)    Count
 41.694 -  47.524    35 ########################################
 47.525 -  53.355    22 #########################
 53.356 -  59.185     1 #
 59.186 -  65.016     0 
 65.017 -  70.846     0 
 70.847 -  76.677     0 
 76.678 -  82.507     0 
 82.508 -  88.338     0 
 88.339 -  94.169     0 
 94.170 -  99.999     2 ##

