Running for 60.0 seconds (60 samples at 1.0 second intervals).
Power measurements will start in 0 seconds time.

  Time    User  Nice   Sys  Idle    IO  Run Ctxt/s  IRQ/s Fork Exec Exit  Watts    dram  pkg-0
10:24:54   1.3   0.0   0.9  97.8   0.0    1    505    413    0    0    2  67.37   12.03  67.37
10:24:55   0.0   0.0   0.0  99.7   0.3    1     98    348    0    0    0  67.21   12.02  67.21
10:24:56   0.0   0.0   0.0 100.0   0.0    1     90    339    0    0    3  67.26   11.98  67.26
10:24:57   0.0   0.0   0.0 100.0   0.0    1     64    332    0    0    0  67.28   11.98  67.28
10:24:58   0.0   0.0   0.0 100.0   0.0    1     76    307    0    0    0  67.28   11.97  67.28
10:24:59   0.0   0.0   0.1  99.9   0.0    1     80    329    0    0    0  67.21   11.97  67.21
10:25:00   1.1   0.0   0.4  98.5   0.0    1    973    365    0    0    1  67.48   11.97  67.48
10:25:01   0.0   0.0   0.0 100.0   0.0    1     60    323    0    0    0  67.29   12.01  67.29
10:25:02   0.0   0.0   0.0  99.7   0.3    1     69    312    0    0    0  67.18   11.92  67.18
10:25:03   0.0   0.0   0.0 100.0   0.0    1     86    329    0    0    0  67.28   11.97  67.28
10:25:04   0.1   0.0   0.1  99.8   0.0    1    362    315    0    0    0  67.28   11.91  67.28
10:25:05   0.0   0.0   0.0 100.0   0.0    1     62    338    0    0    0  67.25   12.00  67.25
10:25:06   0.0   0.0   0.0 100.0   0.0    1     56    305    0    0    0  67.18   11.94  67.18
10:25:07   0.0   0.0   0.0 100.0   0.0    1     79    332    0    0    0  67.27   12.00  67.27
10:25:08   0.0   0.0   0.0 100.0   0.0    1     56    301    0    0    0  67.28   11.97  67.28
10:25:09   0.0   0.0   0.0 100.0   0.0    1     56    317    0    0    0  67.21   11.95  67.21
10:25:10   0.0   0.0   0.0  99.9   0.1    1     60    307    0    0    0  67.28   12.06  67.28
10:25:11   0.0   0.0   0.0 100.0   0.0    1     78    330    0    0    0  67.27   12.04  67.27
10:25:12   0.0   0.0   0.0 100.0   0.0    1     50    308    0    0    0  67.26   11.98  67.26
10:25:13   0.0   0.0   0.1  99.9   0.0    1     55    329    0    0    0  67.21   11.97  67.21
10:25:14   0.1   0.0   0.4  99.5   0.0    1    106    331    0    0    0  67.28   11.95  67.28
10:25:15   0.0   0.0   0.0 100.0   0.0    1     78    339    0    0    0  67.28   11.96  67.28
  Time    User  Nice   Sys  Idle    IO  Run Ctxt/s  IRQ/s Fork Exec Exit  Watts    dram  pkg-0
10:25:16   0.0   0.0   0.0 100.0   0.0    1     55    300    0    0    0  67.21   11.86  67.21
10:25:17   0.0   0.0   0.0 100.0   0.0    1     54    325    0    0    0  67.23   12.02  67.23
10:25:18   0.0   0.0   0.0 100.0   0.0    1     48    301    0    0    0  67.26   12.00  67.26
10:25:19   0.0   0.0   0.0 100.0   0.0    1    104    328    0    0    0  67.28   11.96  67.28
10:25:20   0.0   0.0   0.0 100.0   0.0    1     48    302    0    0    0  67.17   11.96  67.17
10:25:21   0.0   0.0   0.0 100.0   0.0    1     92    326    0    0    0  67.25   11.96  67.25
10:25:22   0.0   0.0   0.1  99.9   0.0    1     57    315    0    0    0  67.27   11.97  67.27
10:25:23   0.0   0.0   0.0 100.0   0.0    1     75    329    0    0    0  67.21   11.98  67.21
10:25:24   0.1   0.0   0.1  99.8   0.0    1    438    315    0    0    0  67.18   11.95  67.18
10:25:25   0.0   0.0   0.0 100.0   0.0    1     62    326    0    0    0  67.27   11.97  67.27
10:25:26   0.0   0.0   0.0 100.0   0.0    1     56    241    0    0    0  67.22   11.96  67.22
10:25:27   0.0   0.0   0.0 100.0   0.0    1     78    395    0    0    0  67.20   11.96  67.20
10:25:28   0.0   0.0   0.0 100.0   0.0    1     44    237    0    0    0  67.27   11.96  67.27
10:25:29   0.0   0.0   0.0 100.0   0.0    1     70    381    0    0    0  67.28   11.98  67.28
10:25:30   0.0   0.0   0.0  99.9   0.1    1     63    253    0    0    0  67.20   11.97  67.20
10:25:31   0.0   0.0   0.0 100.0   0.0    1     80    396    0    0    0  67.25   11.98  67.25
10:25:32   0.0   0.0   0.0 100.0   0.0    1     50    248    0    0    0  67.26   11.97  67.26
10:25:33   0.0   0.0   0.0 100.0   0.0    1     54    382    0    0    0  67.28   11.92  67.28
10:25:34   0.0   0.0   0.1  99.9   0.0    1     73    248    0    0    0  67.19   11.94  67.19
10:25:35   0.0   0.0   0.0 100.0   0.0    1     83    399    0    0    0  67.27   12.03  67.27
10:25:36   0.0   0.0   0.0 100.0   0.0    1     53    238    0    0    0  67.27   12.03  67.27
10:25:37   0.0   0.0   0.0 100.0   0.0    1     57    385    0    0    0  67.21   11.97  67.21
  Time    User  Nice   Sys  Idle    IO  Run Ctxt/s  IRQ/s Fork Exec Exit  Watts    dram  pkg-0
10:25:38   0.0   0.0   0.1  99.9   0.0    1     52    249    0    0    0  67.27   11.95  67.27
10:25:39   0.0   0.0   0.0  99.9   0.1    1     82    395    0    0    0  67.27   11.93  67.27
10:25:40   0.0   0.0   0.0 100.0   0.0    1     56    236    0    0    0  67.28   11.94  67.28
10:25:41   0.0   0.0   0.0 100.0   0.0    1     56    385    0    0    0  67.21   11.97  67.21
10:25:42   2.4   0.0   0.6  95.9   1.1    2    866    711   40   40   40  67.26   11.97  67.26
10:25:43   9.1   0.0   0.5  90.1   0.3    2    156   1004    0    0    0  67.28   12.06  67.28
10:25:44   9.0   0.0   0.3  90.0   0.7    2    177    929    0    0    0  67.30   12.01  67.30
10:25:45   5.7   0.0   0.8  90.2   3.3    1    339   1288    0    0    0  67.36   11.94  67.36
10:25:46   0.1   2.8   0.8  90.3   6.0    1   2410   1631    6    8    6  67.21   11.96  67.21
10:25:47   0.0   7.4   0.8  90.0   1.8    2   5599   3353    0    0    0  67.29   11.97  67.29
10:25:48   0.0   9.9   0.1  90.0   0.0    2     80    496    0    0    0  67.43   11.95  67.43
10:25:49   0.0   9.6   0.4  90.0   0.0    2     86    638    0    0    0  67.76   12.00  67.76
10:25:50   0.0   8.0   0.9  90.0   1.1    2    294    569    5    5    4  67.60   12.06  67.60
10:25:51   0.0   8.5   0.6  89.8   1.1    2    317    735    0    0    0  67.27   11.96  67.27
10:25:52   0.0   9.3   0.1  90.1   0.5    2    269    610    0    0    0  67.22   11.92  67.22
10:25:53   0.0   9.6   0.1  89.9   0.4    2    310    762    0    0    0  67.32   11.98  67.32
-------- ----- ----- ----- ----- ----- ---- ------ ------ ---- ---- ---- ------  ------ ------
 Average   0.5   1.1   0.1  98.0   0.3  1.2  269.0  470.2  0.8  0.9  0.9  67.27   11.97  67.27
  StdDev   1.8   2.9   0.3   3.8   0.9  0.4  772.9  451.7  5.2  5.2  5.2   0.09    0.04   0.09
-------- ----- ----- ----- ----- ----- ---- ------ ------ ---- ---- ---- ------  ------ ------
 Minimum   0.0   0.0   0.0  89.8   0.0  1.0   44.0  236.0  0.0  0.0  0.0  67.17   11.86  67.17
 Maximum   9.1   9.9   0.9 100.0   6.0  2.0 5599.0 3353.0 40.0 40.0 40.0  67.76   12.06  67.76
-------- ----- ----- ----- ----- ----- ---- ------ ------ ---- ---- ---- ------  ------ ------
Summary:
CPU:  67.27 Watts on average with standard deviation 0.09  
Note: power read from RAPL domains: dram, package-0.
These readings do not cover all the hardware in this device.

Histogram (of 60 power measurements)

 Range (Watts)  Count
67.169 - 67.227    19 ########################
67.228 - 67.287    31 ########################################
67.288 - 67.346     4 #####
67.347 - 67.405     2 ##
67.406 - 67.465     1 #
67.466 - 67.524     1 #
67.525 - 67.584     0 
67.585 - 67.643     1 #
67.644 - 67.703     0 
67.704 - 67.762     1 #

Histogram (of 60 CPU utilization measurements)

 Range (%CPU)   Count
 0.000 -  1.019    46 ########################################
 1.020 -  2.039     1 
 2.040 -  3.059     1 
 3.060 -  4.079     0 
 4.080 -  5.099     1 
 5.100 -  6.119     0 
 6.120 -  7.139     0 
 7.140 -  8.159     0 
 8.160 -  9.179     0 
 9.180 - 10.199    11 #########
