Running for 60.0 seconds (60 samples at 1.0 second intervals).
Power measurements will start in 0 seconds time.

  Time    User  Nice   Sys  Idle    IO  Run Ctxt/s  IRQ/s Fork Exec Exit  Watts    dram  pkg-0
10:25:54  60.0   8.3   0.5  29.8   1.4    7    459   2262    0    0    0  68.83   11.96  68.83
10:25:55  61.3   0.9   2.1  34.4   1.3    7   6247   2623  126  113  124  67.99   12.04  67.99
10:25:56  60.0   0.0   0.0  40.0   0.0    7     97   1853    0    0    0  67.26   11.95  67.26
10:25:57  59.9   0.0   0.1  40.0   0.0    7     79   1826    0    0    0  67.32   11.98  67.32
10:25:58  60.0   0.0   0.0  40.0   0.0    7     76   1804    0    0    0  67.22   12.00  67.22
10:25:59  59.9   0.0   0.1  40.0   0.0    7     62   1817    0    0    0  67.38   11.96  67.38
10:26:00  61.6   0.0   0.5  37.9   0.0    7    899   1862    0    0    0  67.64   12.00  67.64
10:26:01  59.9   0.0   0.1  39.8   0.2    7     96   1839    0    0    0  67.37   11.96  67.37
10:26:02  59.9   0.0   0.1  40.0   0.0    7     88   1824    0    0    0  67.24   11.98  67.24
10:26:03  60.0   0.0   0.1  39.9   0.0    7     70   1821    0    0    0  67.28   11.88  67.28
10:26:04  60.0   0.0   0.0  40.0   0.0    7     84   1830    0    0    0  67.30   12.00  67.30
10:26:05  60.0   0.0   0.1  39.5   0.4    7    167   1874    2    2    3  67.40   11.95  67.40
10:26:06  60.6   0.0   0.4  30.0   8.9    7   2551   3330   40   43   40  67.73   12.02  67.73
10:26:07  60.2   0.0   0.5  30.0   9.3    7   2935   4390    0    0    0  67.63   12.00  67.63
10:26:08  60.3   0.0   0.4  30.0   9.3    8   4021   7666    0    0    0  67.75   12.00  67.75
10:26:09  60.2   0.0   0.5  30.0   9.3    8   4020   5664    0    0    0  67.52   11.95  67.52
10:26:10  60.2   0.0   0.5  29.9   9.4    7   3910   4935    0    0    0  67.42   11.97  67.42
10:26:11  59.9   0.0   0.6  29.8   9.7    7   3275   4558    0    0    0  67.86   11.98  67.86
10:26:12  60.2   0.0   0.3  30.0   9.5    7   3210   4477    0    0    0  67.53   12.00  67.53
10:26:13  60.2   0.0   0.2  30.0   9.6    7   3320   4189    0    0    0  67.38   11.96  67.38
10:26:14  60.9   0.0   0.5  33.7   4.9    7   3159   4150   22   22   28  67.86   11.96  67.86
10:26:15  60.1   0.0   0.1  39.8   0.0    7     64   1832    0    0    0  67.37   12.00  67.37
  Time    User  Nice   Sys  Idle    IO  Run Ctxt/s  IRQ/s Fork Exec Exit  Watts    dram  pkg-0
10:26:16  60.0   0.0   0.0  40.0   0.0    7     72   1799    0    0    0  67.34   11.98  67.34
10:26:17  60.0   0.0   0.1  39.9   0.0    7     66   1822    0    0    0  67.45   11.98  67.45
10:26:18  60.0   0.0   0.0  40.0   0.0    7     78   1804    0    0    0  67.40   11.90  67.40
10:26:19  60.0   0.0   0.1  39.9   0.0    7     82   1831    0    0    0  67.54   12.01  67.54
10:26:20  60.0   0.0   0.0  39.9   0.1    7     75   1804    0    0    0  67.46   11.92  67.46
10:26:21  60.0   0.0   0.1  39.9   0.0    7    108   1829    0    0    0  67.59   12.00  67.59
10:26:22  60.0   0.0   0.0  40.0   0.0    7     82   1808    0    0    0  67.43   11.96  67.43
10:26:23  60.0   0.0   0.0  40.0   0.0    7     62   1818    0    0    0  67.50   12.01  67.50
10:26:24  59.9   0.0   0.2  39.9   0.0    7     88   1824    0    0    0  67.52   11.95  67.52
10:26:25  60.1   0.0   0.0  39.9   0.0    7     58   1822    0    0    0  67.68   11.96  67.68
10:26:26  59.9   0.0   0.0  39.9   0.2    7    126   1822    0    0    0  67.62   11.91  67.62
10:26:27  60.0   0.0   0.1  39.9   0.0    7     66   1830    0    0    0  67.74   12.04  67.74
10:26:28  60.0   0.0   0.1  39.9   0.0    7     60   1800    0    0    0  67.48   11.96  67.48
10:26:29  60.0   0.0   0.0  40.0   0.0    7     58   1817    0    0    0  67.49   11.90  67.49
10:26:30  60.0   0.0   0.0  40.0   0.0    7     78   1807    0    0    0  67.32   11.98  67.32
10:26:31  59.9   0.0   0.2  39.9   0.0    7     75   1820    0    0    0  67.77   11.97  67.77
10:26:32  60.1   0.0   0.0  39.8   0.1    7     64   1801    0    0    0  67.60   11.97  67.60
10:26:33  60.1   0.0   0.0  39.9   0.0    7     71   1822    0    0    0  68.13   11.94  68.13
10:26:34  59.9   0.0   0.2  39.9   0.0    7    112   1832    0    0    0  67.45   11.95  67.45
10:26:35  60.1   0.0   0.0  39.9   0.0    7     60   1831    0    0    0  67.59   12.00  67.59
10:26:36  59.9   0.0   0.1  40.0   0.0    7     62   1795    0    0    0  67.64   11.96  67.64
10:26:37  60.0   0.0   0.0  40.0   0.0    7     64   1819    0    0    0  67.65   12.00  67.65
  Time    User  Nice   Sys  Idle    IO  Run Ctxt/s  IRQ/s Fork Exec Exit  Watts    dram  pkg-0
10:26:38  60.0   0.0   0.1  39.9   0.0    7     86   1810    0    0    0  67.59   11.95  67.59
10:26:39  60.0   0.0   0.0  39.9   0.1    7     68   1820    0    0    0  67.66   11.97  67.66
10:26:40  60.0   0.0   0.0  40.0   0.0    7     56   1799    0    0    0  67.53   11.92  67.53
10:26:41  60.0   0.0   0.1  39.9   0.0    7     84   1827    1    0    0  67.31   11.96  67.31
10:26:42  60.0   0.0   0.0  40.0   0.0    7     90   1747    0    0    0  67.66   11.96  67.66
10:26:43  60.0   0.0   0.1  39.9   0.0    7     70   1894    0    0    0  67.77   12.01  67.77
10:26:44  60.0   0.0   0.1  39.9   0.0    7     84   1760    0    0    0  67.93   11.98  67.93
10:26:45  60.0   0.0   0.1  39.9   0.0    7     60   1891    0    0    0  67.57   11.90  67.57
10:26:46  60.0   0.0   0.0  40.0   0.0    7     76   1741    0    0    0  67.31   12.02  67.31
10:26:47  60.0   0.0   0.0  40.0   0.0    7     66   1926    0    0    0  67.28   11.92  67.28
10:26:48  60.0   0.0   0.1  39.9   0.0    7     93   1750    0    0    1  67.73   12.02  67.73
10:26:49  60.0   0.0   0.0  40.0   0.0    7     75   1892    0    0    0  67.45   11.98  67.45
10:26:50  59.9   0.0   0.1  40.0   0.0    7     78   1751    0    0    0  67.25   11.98  67.25
10:26:51  60.1   0.0   0.0  39.9   0.0    7     93   1899    0    0    0  67.44   12.00  67.44
10:26:52  60.0   0.0   0.1  39.9   0.0    7     62   1737    0    0    0  67.65   12.02  67.65
10:26:53  60.1   0.0   0.0  39.8   0.1    7     75   1885    0    0    0  67.92   11.96  67.92
-------- ----- ----- ----- ----- ----- ---- ------ ------ ---- ---- ---- ------  ------ ------
 Average  60.1   0.2   0.2  38.2   1.4  7.0  696.2 2291.9  3.2  3.0  3.3  67.56   11.97  67.56
  StdDev   0.3   1.1   0.3   3.6   3.2  0.2 1390.7 1159.7 17.0 15.6 16.9   0.26    0.03   0.26
-------- ----- ----- ----- ----- ----- ---- ------ ------ ---- ---- ---- ------  ------ ------
 Minimum  59.9   0.0   0.0  29.8   0.0  7.0   56.0 1737.0  0.0  0.0  0.0  67.22   11.88  67.22
 Maximum  61.6   8.3   2.1  40.0   9.7  8.0 6247.0 7666.0 126.0 113.0 124.0  68.83   12.04  68.83
-------- ----- ----- ----- ----- ----- ---- ------ ------ ---- ---- ---- ------  ------ ------
Summary:
CPU:  67.56 Watts on average with standard deviation 0.26  
Note: power read from RAPL domains: dram, package-0.
These readings do not cover all the hardware in this device.

Histogram (of 60 power measurements)

 Range (Watts)  Count
67.221 - 67.381    16 ########################################
67.382 - 67.541    16 ########################################
67.542 - 67.702    15 #####################################
67.703 - 67.862     8 ####################
67.863 - 68.023     3 #######
68.024 - 68.183     1 ##
68.184 - 68.344     0 
68.345 - 68.504     0 
68.505 - 68.665     0 
68.666 - 68.825     1 ##

Histogram (of 60 CPU utilization measurements)

 Range (%CPU)   Count
60.000 - 61.022    48 ########################################
61.023 - 62.045     0 
62.046 - 63.068     1 
63.069 - 64.091     0 
64.092 - 65.114     0 
65.115 - 66.137     1 
66.138 - 67.160     1 
67.161 - 68.183     0 
68.184 - 69.206     0 
69.207 - 70.229     9 #######
