Running for 60.0 seconds (60 samples at 1.0 second intervals).
Power measurements will start in 0 seconds time.

  Time    User  Nice   Sys  Idle    IO  Run Ctxt/s  IRQ/s Fork Exec Exit  Watts    dram  pkg-0
10:26:54  99.9   0.0   0.0   0.1   0.0   12    287   2787    0    1    0  69.12   11.97  69.12
10:26:55 100.0   0.0   0.0   0.0   0.0   11     94   2813    0    0    0  68.95   11.98  68.95
10:26:56  99.9   0.0   0.1   0.0   0.0   11     58   2775    0    0    0  69.01   11.94  69.01
10:26:57 100.0   0.0   0.0   0.0   0.0   11     71   2810    0    0    0  69.01   11.95  69.01
10:26:58  99.9   0.0   0.1   0.0   0.0   11     87   2781    0    0    0  69.02   12.01  69.02
10:26:59 100.0   0.0   0.0   0.0   0.0   11     72   2806    0    0    0  68.94   12.00  68.94
10:27:00  99.9   0.0   0.1   0.0   0.0   11    830   2862    0    0    0  69.22   11.96  69.22
10:27:01 100.0   0.0   0.0   0.0   0.0   11     88   2797    0    0    0  69.04   11.94  69.04
10:27:02  99.9   0.0   0.1   0.0   0.0   11     88   2786    0    0    0  68.95   11.91  68.95
10:27:03 100.0   0.0   0.0   0.0   0.0   11     67   2801    0    0    0  69.01   12.01  69.01
10:27:04  99.9   0.0   0.1   0.0   0.0   11     95   2788    0    0    0  69.02   12.01  69.02
10:27:05  99.9   0.0   0.1   0.0   0.0   11     70   2816    0    0    0  69.01   12.02  69.01
10:27:06 100.0   0.0   0.0   0.0   0.0   11     84   2774    0    0    0  68.94   11.97  68.94
10:27:07 100.0   0.0   0.0   0.0   0.0   11     66   2809    0    0    0  69.02   12.03  69.02
10:27:08  99.9   0.0   0.1   0.0   0.0   11     58   2792    0    0    0  69.02   12.01  69.02
10:27:09  99.9   0.0   0.1   0.0   0.0   11     68   2805    0    0    0  69.01   11.96  69.01
10:27:10 100.0   0.0   0.0   0.0   0.0   11     81   2783    0    0    0  68.95   11.91  68.95
10:27:11 100.0   0.0   0.0   0.0   0.0   11     62   2801    0    0    0  69.02   12.00  69.02
10:27:12  99.9   0.0   0.1   0.0   0.0   11     56   2786    0    0    0  69.01   11.91  69.01
10:27:13 100.0   0.0   0.0   0.0   0.0   11     81   2805    0    0    0  68.95   11.96  68.95
10:27:14  99.9   0.0   0.1   0.0   0.0   11    122   2790    0    0    0  69.02   12.03  69.02
10:27:15 100.0   0.0   0.0   0.0   0.0   11     60   2814    0    0    0  69.02   12.00  69.02
  Time    User  Nice   Sys  Idle    IO  Run Ctxt/s  IRQ/s Fork Exec Exit  Watts    dram  pkg-0
10:27:16  99.9   0.0   0.1   0.0   0.0   11     58   2786    0    0    0  69.01   11.89  69.01
10:27:17  99.9   0.0   0.1   0.0   0.0   11     65   2809    0    0    0  68.94   11.97  68.94
10:27:18 100.0   0.0   0.0   0.0   0.0   11     79   2780    0    0    0  69.01   11.98  69.01
10:27:19 100.0   0.0   0.0   0.0   0.0   11     85   2806    0    0    0  69.01   11.96  69.01
10:27:20  99.9   0.0   0.1   0.0   0.0   11     64   2786    0    0    0  68.94   11.95  68.94
10:27:21 100.0   0.0   0.0   0.0   0.0   11    109   2810    0    0    0  69.02   11.97  69.02
10:27:22  99.9   0.0   0.1   0.0   0.0   11     79   2788    0    0    0  69.02   12.00  69.02
10:27:23 100.0   0.0   0.0   0.0   0.0   11     66   2800    0    0    0  69.01   12.01  69.01
10:27:24  99.9   0.0   0.1   0.0   0.0   11    102   2802    0    0    0  68.94   11.94  68.94
10:27:25  99.9   0.0   0.1   0.0   0.0   11     66   2813    0    0    0  69.02   11.96  69.02
10:27:26 100.0   0.0   0.0   0.0   0.0   11     80   2775    0    0    0  69.02   11.96  69.02
10:27:27 100.0   0.0   0.0   0.0   0.0   11     65   2817    0    0    0  68.94   12.02  68.94
10:27:28  99.9   0.0   0.1   0.0   0.0   11     64   2782    0    0    0  69.02   11.97  69.02
10:27:29 100.0   0.0   0.0   0.0   0.0   11     59   2808    0    0    0  69.01   11.98  69.01
10:27:30  99.9   0.0   0.1   0.0   0.0   11     84   2785    0    0    0  68.95   11.90  68.95
10:27:31 100.0   0.0   0.0   0.0   0.0   11     60   2800    0    0    0  69.02   12.02  69.02
10:27:32  99.9   0.0   0.1   0.0   0.0   11     58   2799    0    0    0  69.02   12.00  69.02
10:27:33 100.0   0.0   0.0   0.0   0.0   11     73   2804    0    0    0  68.95   12.01  68.95
10:27:34  99.9   0.0   0.1   0.0   0.0   11    127   2789    0    0    0  69.02   11.97  69.02
10:27:35  99.9   0.0   0.1   0.0   0.0   11     58   2812    0    0    0  69.02   12.02  69.02
10:27:36 100.0   0.0   0.0   0.0   0.0   11     58   2775    0    0    0  68.95   11.97  68.95
10:27:37  99.9   0.0   0.1   0.0   0.0   11     60   2809    0    0    0  69.01   12.02  69.01
  Time    User  Nice   Sys  Idle    IO  Run Ctxt/s  IRQ/s Fork Exec Exit  Watts    dram  pkg-0
10:27:38 100.0   0.0   0.0   0.0   0.0   11     82   2781    0    0    0  69.02   12.03  69.02
10:27:39 100.0   0.0   0.0   0.0   0.0   11     73   2805    0    0    0  68.94   11.98  68.94
10:27:40  99.9   0.0   0.1   0.0   0.0   11     56   2785    0    0    0  69.02   11.98  69.02
10:27:41  99.9   0.0   0.1   0.0   0.0   11     66   2813    0    0    0  69.02   12.01  69.02
10:27:42 100.0   0.0   0.0   0.0   0.0   11     78   2787    0    0    0  68.95   11.94  68.95
10:27:43 100.0   0.0   0.0   0.0   0.0   11     66   2802    0    0    0  69.01   11.94  69.01
10:27:44  99.9   0.0   0.1   0.0   0.0   12     90   2725    0    0    0  69.02   11.99  69.02
10:27:45  99.9   0.0   0.1   0.0   0.0   11     61   2878    0    0    0  69.02   11.97  69.02
10:27:46 100.0   0.0   0.0   0.0   0.0   11     80   2713    0    0    0  68.95   12.01  68.95
10:27:47 100.0   0.0   0.0   0.0   0.0   11     64   2871    0    0    0  69.02   12.02  69.02
10:27:48  99.9   0.0   0.1   0.0   0.0   11     76   2717    0    0    0  69.02   12.00  69.02
10:27:49  99.9   0.0   0.1   0.0   0.0   11     72   2878    0    0    0  68.95   11.97  68.95
10:27:50 100.0   0.0   0.0   0.0   0.0   11     77   2721    0    0    0  69.02   12.00  69.02
10:27:51 100.0   0.0   0.0   0.0   0.0   11     99   2865    0    0    0  69.02   12.01  69.02
10:27:52  99.9   0.0   0.1   0.0   0.0   11     74   2736    0    0    0  68.95   12.01  68.95
10:27:53 100.0   0.0   0.0   0.0   0.0   11     69   2865    0    0    0  69.02   11.97  69.02
-------- ----- ----- ----- ----- ----- ---- ------ ------ ---- ---- ---- ------  ------ ------
 Average 100.0   0.0   0.0   0.0   0.0 11.0   90.8 2797.6  0.0  0.0  0.0  69.00   11.98  69.00
  StdDev   0.0   0.0   0.0   0.0   0.0  0.2  101.2   33.7  0.0  0.1  0.0   0.05    0.03   0.05
-------- ----- ----- ----- ----- ----- ---- ------ ------ ---- ---- ---- ------  ------ ------
 Minimum  99.9   0.0   0.0   0.0   0.0 11.0   56.0 2713.0  0.0  0.0  0.0  68.94   11.89  68.94
 Maximum 100.0   0.0   0.1   0.1   0.0 12.0  830.0 2878.0  0.0  1.0  0.0  69.22   12.03  69.22
-------- ----- ----- ----- ----- ----- ---- ------ ------ ---- ---- ---- ------  ------ ------
Summary:
CPU:  69.00 Watts on average with standard deviation 0.05  
Note: power read from RAPL domains: dram, package-0.
These readings do not cover all the hardware in this device.

Histogram (of 60 power measurements)

 Range (Watts)  Count
68.943 - 68.970    18 ##################
68.971 - 68.998     0 
68.999 - 69.025    39 ########################################
69.026 - 69.053     1 #
69.054 - 69.081     0 
69.082 - 69.109     0 
69.110 - 69.137     1 #
69.138 - 69.165     0 
69.166 - 69.193     0 
69.194 - 69.221     1 #

Histogram (of 60 CPU utilization measurements)

  Range (%CPU)    Count
 99.899 -  99.909     1 
 99.910 -  99.919     0 
 99.920 -  99.929     0 
 99.930 -  99.939     0 
 99.940 -  99.949     0 
 99.950 -  99.959     0 
 99.960 -  99.969     0 
 99.970 -  99.979     0 
 99.980 -  99.989     0 
 99.990 -  99.999    59 ########################################
