fnl@fnl-one:~$ powerstat -RDH
Running for 60.0 seconds (60 samples at 1.0 second intervals).
Power measurements will start in 0 seconds time.

  Time    User  Nice   Sys  Idle    IO  Run Ctxt/s  IRQ/s  Watts    dram   dram   dram   dram  pkg-0  pkg-1  pkg-2  pkg-3
16:04:02   0.5   0.0   0.2  99.3   0.0    1   1960    726 216.01   12.01  11.98  12.05  11.62  50.61  51.67  54.21  59.52
16:04:03   0.6   0.0   0.2  99.2   0.0    1   1980    630 213.70   11.98  11.95  11.98  11.46  49.81  48.37  54.89  60.64
16:04:04   0.2   0.0   0.1  99.7   0.0    1   1104    699 204.88   11.97  11.91  12.00  11.79  49.86  48.30  49.96  56.76
16:04:05   0.6   0.0   0.2  99.3   0.0    1   1953    530 211.90   11.98  11.97  11.95  11.57  50.63  49.60  53.30  58.37
16:04:06   0.9   0.0   0.3  98.8   0.0    2   3209    873 219.14   12.07  11.97  12.04  11.74  55.00  49.70  53.30  61.14
16:04:07   1.2   0.0   0.3  98.4   0.0    1   4884    914 218.69   12.09  12.00  11.97  11.58  56.09  49.61  53.35  59.64
16:04:08   0.9   0.0   0.3  98.8   0.0    1   3597    912 209.67   12.02  12.01  12.01  11.45  53.84  48.39  48.04  59.41
16:04:09   0.6   0.0   0.1  99.3   0.0    1   2354    504 207.61   12.02  11.92  11.97  11.43  52.03  48.13  48.06  59.38
16:04:10   0.9   0.0   0.3  98.8   0.0    1   4270    837 223.81   12.02  11.95  12.05  11.64  54.30  62.17  48.07  59.26
16:04:11   0.6   0.0   0.2  99.1   0.0    1   2814    645 226.68   11.94  12.01  11.97  11.78  57.71  61.20  48.04  59.74
16:04:12   0.6   0.0   0.2  99.2   0.0    1   2845    913 215.53   12.02  12.01  12.00  11.68  55.58  57.24  48.08  54.64
16:04:13   0.4   0.0   0.2  99.4   0.0    1   1404    499 218.71   11.97  11.93  11.96  11.58  55.40  61.81  48.04  53.47
16:04:14   0.6   0.0   0.2  99.2   0.0    1   1781    699 219.28   12.04  11.98  12.01  11.64  56.10  61.74  48.09  53.35
16:04:15   0.3   0.0   0.2  99.5   0.0    1   1460    538 222.08   11.99  11.95  11.93  11.61  58.55  62.10  48.13  53.29
16:04:16   0.5   0.0   0.1  99.4   0.0    1   1497    632 211.56   12.00  12.00  12.01  11.54  53.11  60.94  48.05  49.46
16:04:17   0.6   0.0   0.1  99.2   0.0    1   1826    590 214.58   12.04  12.01  11.97  11.46  54.85  63.58  48.07  48.08
16:04:18   0.3   0.0   0.1  99.6   0.0    1   1345    489 211.66   12.02  11.97  12.01  11.54  52.57  63.25  48.04  47.79
16:04:19   0.5   0.0   0.1  99.4   0.0    1   1519    578 208.14   12.04  11.95  11.98  11.40  49.83  62.57  48.04  47.70
16:04:20   0.6   0.0   0.1  99.3   0.0    2   1786    658 206.84   12.02  11.91  11.88  11.60  49.91  60.82  48.36  47.75
16:04:21   0.5   0.0   0.2  99.3   0.0    1   1842    639 214.10   12.03  11.96  12.00  11.50  50.62  62.68  52.94  47.86
16:04:22   0.6   0.0   0.1  99.2   0.0    1   1805    573 218.65   12.07  11.99  11.99  11.60  52.66  62.69  55.15  48.15
16:04:23   0.5   0.0   0.1  99.4   0.0    2   2042    589 216.96   12.00  11.94  11.97  11.50  49.88  62.91  56.20  47.97
  Time    User  Nice   Sys  Idle    IO  Run Ctxt/s  IRQ/s  Watts    dram   dram   dram   dram  pkg-0  pkg-1  pkg-2  pkg-3
16:04:24   0.4   0.0   0.1  99.5   0.0    1   1058    597 206.18   12.03  12.00  11.98  11.41  49.81  58.36  50.37  47.64
16:04:25   0.5   0.0   0.1  99.4   0.0    1   1341    536 212.33   12.01  11.93  12.10  11.41  50.65  59.07  52.78  49.84
16:04:26   0.3   0.0   0.1  99.6   0.0    1    968    468 218.36   11.99  11.99  12.02  11.50  53.49  58.02  53.35  53.49
16:04:27   0.4   0.0   0.1  99.5   0.0    1   1408    552 224.36   12.05  12.01  12.07  11.38  53.82  61.12  53.30  56.12
16:04:28   0.4   0.0   0.1  99.3   0.1    1   1571    636 209.41   11.97  11.98  12.28  11.32  49.87  60.12  49.31  50.10
16:04:29   0.4   0.0   0.1  99.5   0.0    1    917    528 208.68   12.00  11.95  12.04  11.36  50.79  57.53  48.08  52.28
16:04:30   0.4   0.0   0.1  99.4   0.0    1   1225    536 215.42   11.99  12.05  11.99  11.43  52.76  61.17  48.04  53.45
16:04:31   0.3   0.0   0.1  99.5   0.0    1   1414    553 216.05   12.02  11.97  12.09  11.36  50.77  59.12  52.32  53.83
16:04:32   0.3   0.0   0.1  99.6   0.0    1    940    598 210.45   12.05  11.97  12.05  11.37  52.47  56.09  52.38  49.51
16:04:33   0.4   0.0   0.2  99.4   0.0    1   1278    598 211.79   12.04  12.01  12.15  11.34  56.26  59.60  48.04  47.88
16:04:34   0.5   0.0   0.2  99.2   0.0    1   1407    584 213.15   12.04  11.99  12.01  11.28  59.12  54.09  48.05  51.90
16:04:35   0.3   0.0   0.1  99.6   0.0    1   1008    522 212.71   12.06  12.00  11.97  11.48  56.93  56.04  48.20  51.54
16:04:36   0.5   0.0   0.1  99.4   0.0    1   1371    632 206.26   12.04  11.99  11.96  11.49  49.88  57.83  48.04  50.50
16:04:37   0.5   0.0   0.1  99.4   0.0    1   1140    604 203.57   12.02  11.96  11.96  11.33  50.56  57.94  48.07  46.99
16:04:38   0.3   0.0   0.1  99.6   0.0    1    921    460 207.01   12.03  11.97  12.03  11.42  52.74  59.09  48.04  47.14
16:04:39   0.5   0.0   0.1  99.4   0.0    1   1482    584 202.75   12.00  12.00  12.02  11.38  49.80  57.86  48.06  47.02
16:04:40   0.4   0.0   0.1  99.5   0.0    2   1338    592 205.10   12.06  11.94  12.04  11.41  49.90  57.54  50.10  47.56
16:04:41   0.2   0.0   0.1  99.7   0.0    1    502    424 206.97   11.95  11.94  12.09  11.38  50.50  55.14  54.16  47.17
16:04:42   0.6   0.0   0.1  99.3   0.0    1   1190    551 219.00   11.98  12.01  12.13  11.35  54.94  60.04  55.95  48.07
16:04:43   0.3   0.0   0.1  99.7   0.0    2    966    502 210.52   12.02  12.00  12.11  11.37  49.84  57.63  55.71  47.33
16:04:44   0.3   0.0   0.1  99.6   0.0    1   1026    564 206.81   11.93  11.99  12.04  11.44  51.45  58.04  49.97  47.34
16:04:45   0.4   0.0   0.2  99.4   0.0    1   1289    597 206.50   11.99  11.99  11.98  11.40  50.66  54.45  53.30  48.08
  Time    User  Nice   Sys  Idle    IO  Run Ctxt/s  IRQ/s  Watts    dram   dram   dram   dram  pkg-0  pkg-1  pkg-2  pkg-3
16:04:46   0.3   0.0   0.1  99.6   0.0    1    887    477 213.42   12.01  12.00  12.22  11.40  49.86  57.80  53.33  52.43
16:04:47   0.5   0.0   0.1  99.4   0.0    1   1235    580 217.30   12.05  11.98  12.39  11.47  49.85  59.72  54.54  53.19
16:04:48   0.4   0.0   0.1  99.5   0.0    1   1377    594 200.68   12.06  11.99  12.11  11.34  49.79  54.97  48.09  47.83
16:04:49   0.3   0.0   0.1  99.6   0.0    1    844    446 208.51   11.99  12.01  12.16  11.41  50.30  58.13  48.02  52.06
16:04:50   0.4   0.0   0.1  99.5   0.0    1   1392    525 216.23   12.01  12.00  12.25  11.40  52.58  62.16  48.07  53.42
16:04:51   0.5   0.0   0.1  99.4   0.0    1   1493    571 216.32   12.05  11.97  12.04  11.47  56.00  58.86  48.07  53.40
16:04:52   0.3   0.0   0.1  99.7   0.0    1   1002    533 205.77   11.95  11.99  12.23  11.40  53.47  56.11  48.07  48.12
16:04:53   0.4   0.0   0.1  99.5   0.0    1   1269    569 210.12   12.00  11.91  12.40  11.44  54.97  59.47  48.02  47.66
16:04:54   0.4   0.0   0.1  99.4   0.0    1   1193    523 213.54   12.03  11.96  12.14  11.35  56.08  61.12  48.07  48.28
16:04:55   0.3   0.0   0.1  99.6   0.0    1    932    503 209.93   12.04  12.00  12.14  11.49  58.74  55.49  48.15  47.56
16:04:56   0.6   0.0   0.1  99.3   0.0    1   1477    641 203.41   11.99  12.02  12.23  11.66  51.21  57.24  48.01  46.94
16:04:57   0.5   0.0   0.1  99.4   0.0    1   1417    499 201.22   12.01  11.95  12.06  11.50  50.31  55.71  48.10  47.10
16:04:58   0.3   0.0   0.1  99.6   0.0    1    817    459 209.57   11.94  11.92  12.04  11.50  53.68  60.24  48.02  47.63
16:04:59   0.4   0.0   0.1  99.5   0.0    1   1373    551 203.66   12.01  11.96  12.06  11.44  49.84  58.62  48.07  47.14
16:05:00   0.6   0.0   0.2  99.2   0.0    2   2402    683 205.95   12.05  11.95  12.33  11.46  49.93  60.83  48.26  46.93
16:05:01   0.4   0.0   0.1  99.5   0.0    1    913    549 206.92   11.97  11.94  12.06  11.29  50.31  56.83  52.46  47.32
-------- ----- ----- ----- ----- ----- ---- ------ ------ ------  ------ ------ ------ ------ ------ ------ ------ ------
 Average   0.5   0.0   0.1  99.4   0.0  1.1 1584.3  593.1 211.77   12.01  11.97  12.06  11.47  52.55  57.81  50.16  51.25
  StdDev   0.2   0.0   0.1   0.2   0.0  0.3  804.9  110.0   5.96    0.03   0.03   0.11   0.12   2.72   4.11   2.74   4.40
-------- ----- ----- ----- ----- ----- ---- ------ ------ ------  ------ ------ ------ ------ ------ ------ ------ ------
 Minimum   0.2   0.0   0.1  98.4   0.0  1.0  502.0  424.0 200.68   11.93  11.91  11.88  11.28  49.79  48.13  48.01  46.93
 Maximum   1.2   0.0   0.3  99.7   0.1  2.0 4884.0  914.0 226.68   12.09  12.05  12.40  11.79  59.12  63.58  56.20  61.14
-------- ----- ----- ----- ----- ----- ---- ------ ------ ------  ------ ------ ------ ------ ------ ------ ------ ------
Summary:
CPU: 211.77 Watts on average with standard deviation 5.96  
Note: power read from RAPL domains: dram, dram, dram, dram, package-0, package-1, package-2, package-3.
These readings do not cover all the hardware in this device.

Histogram (of 60 power measurements)

  Range (Watts)   Count
200.680 - 203.279     3 ##########
203.280 - 205.879     6 #####################
205.880 - 208.479    11 ########################################
208.480 - 211.080     9 ################################
211.081 - 213.680     9 ################################
213.681 - 216.280     8 #############################
216.281 - 218.880     7 #########################
218.881 - 221.480     3 ##########
221.481 - 224.081     2 #######
224.082 - 226.681     2 #######

Histogram (of 60 CPU utilization measurements)

Range (%CPU)  Count
0.288 - 0.417    14 #############################
0.418 - 0.547    11 #######################
0.548 - 0.678    19 ########################################
0.679 - 0.808     9 ##################
0.809 - 0.939     3 ######
0.940 - 1.069     0 
1.070 - 1.199     3 ######
1.200 - 1.330     0 
1.331 - 1.460     0 
1.461 - 1.591     1 ##

