
ne:~$ powerstat -RDH
Running for 60.0 seconds (60 samples at 1.0 second intervals).
Power measurements will start in 0 seconds time.

  Time    User  Nice   Sys  Idle    IO  Run Ctxt/s  IRQ/s  Watts    dram   dram   dram   dram  pkg-0  pkg-1  pkg-2  pkg-3
16:07:44  50.7   0.0   0.2  49.1   0.0   41   2339  11073 264.00   12.00  11.95  12.01  11.42  68.91  65.54  65.54  64.02
16:07:45  51.3   0.0   0.3  48.5   0.0   42   4305  11329 265.07   12.02  12.03  12.03  11.45  69.77  65.50  65.51  64.29
16:07:46  50.7   0.0   0.2  49.1   0.0   57   2129  11062 264.45   11.98  12.00  12.11  11.43  68.96  65.49  65.36  64.64
16:07:47  51.4   0.0   0.4  48.2   0.0   42   4741  11334 266.50   12.00  11.98  12.00  11.38  69.92  65.55  65.52  65.50
16:07:48  50.9   0.0   0.2  48.9   0.0   41   2665  11162 264.73   11.95  12.00  12.05  11.48  68.13  65.61  65.57  65.41
16:07:49  50.6   0.0   0.2  49.2   0.0   41   1998  11041 264.33   11.97  11.94  11.97  11.40  68.68  65.47  65.48  64.70
16:07:50  50.7   0.0   0.1  49.1   0.0   43   1991  11060 264.15   12.00  11.98  11.97  11.45  68.47  65.53  65.54  64.60
16:07:51  51.5   0.0   0.1  48.5   0.0   42   2570  11701 260.99   12.02  11.97  12.02  11.47  63.61  66.64  65.55  65.20
16:07:52  50.6   0.0   0.1  49.3   0.0   41   3243  11486 261.25   12.03  11.98  12.03  11.44  63.46  66.99  65.47  65.33
16:07:53  50.5   0.0   0.2  49.4   0.0   41   3125  11380 261.00   11.99  11.97  12.07  11.41  63.86  66.34  65.54  65.26
16:07:54  51.2   0.0   0.3  48.6   0.0   43   4804  11509 263.24   11.97  11.95  12.22  11.39  66.53  65.63  65.64  65.44
16:07:55  51.0   0.0   0.3  48.7   0.0   41   3348  11351 263.57   12.05  11.92  12.21  11.35  68.37  65.40  65.23  64.57
16:07:56  50.5   0.0   0.1  49.4   0.0   41   1992  10986 265.18   11.99  12.01  12.17  11.37  68.95  65.54  65.54  65.15
16:07:57  50.9   0.0   0.2  48.9   0.0   42   2683  11145 264.57   11.98  11.99  12.20  11.37  69.48  65.48  65.48  64.13
16:07:58  50.7   0.0   0.2  49.1   0.0   41   1837  11006 264.43   12.01  11.95  12.10  11.36  69.18  65.53  65.53  64.19
16:07:59  50.9   0.0   0.2  48.9   0.0   41   2707  11260 263.90   11.96  11.91  12.09  11.41  68.78  65.54  65.54  64.04
16:08:00  51.2   0.0   0.3  48.5   0.0   41   3523  11417 263.58   12.01  11.89  12.16  11.39  68.43  65.51  65.52  64.12
16:08:01  50.8   0.0   0.2  49.0   0.0   41   2618  11057 264.65   11.89  11.96  12.23  11.56  69.26  65.54  65.47  64.38
16:08:02  50.4   0.0   0.1  49.5   0.0   41   1614  10925 263.88   12.02  11.99  12.20  11.64  68.53  65.49  65.55  64.31
16:08:03  50.7   0.0   0.2  49.1   0.0   41   2065  11050 264.13   11.99  11.94  12.05  11.58  68.87  65.51  65.52  64.24
16:08:04  50.8   0.0   0.1  49.1   0.0   42   2278  11051 264.38   12.00  11.98  12.26  11.43  69.38  65.57  65.38  64.05
16:08:05  50.5   0.0   0.1  49.3   0.0   42   1311  10869 264.90   12.05  11.96  12.28  11.60  69.61  65.59  65.65  64.04
  Time    User  Nice   Sys  Idle    IO  Run Ctxt/s  IRQ/s  Watts    dram   dram   dram   dram  pkg-0  pkg-1  pkg-2  pkg-3
16:08:06  51.2   0.0   0.2  48.6   0.0   41   3096  11248 264.42   12.04  11.99  12.12  11.44  69.70  65.43  65.37  63.92
16:08:07  52.0   0.0   0.4  47.7   0.0   44   4906  11565 266.30   12.05  12.01  12.13  11.60  70.12  65.68  65.67  64.82
16:08:08  51.6   0.0   0.4  47.9   0.0   42   4201  11804 262.58   11.97  11.98  12.13  11.57  66.67  65.82  65.36  64.73
16:08:09  52.9   0.0   0.5  46.6   0.0   44   8002  12414 265.67   12.08  12.05  12.27  11.70  69.55  66.28  65.42  64.42
16:08:10  51.6   0.0   0.5  47.9   0.0   42   5217  11632 264.25   11.99  12.00  12.15  11.62  68.23  65.90  65.50  64.63
16:08:11  51.5   0.0   0.3  48.2   0.0   41   4364  11778 265.13   11.99  12.01  12.47  11.52  68.95  66.04  65.53  64.62
16:08:12  50.8   0.0   0.2  49.1   0.0   41   3374  11264 265.19   11.98  11.98  12.19  11.47  68.79  66.13  65.51  64.76
16:08:13  51.9   0.0   0.3  47.8   0.0   44   6650  11643 265.02   12.05  11.94  12.11  11.52  69.42  66.04  65.56  64.00
16:08:14  51.2   0.0   0.3  48.4   0.0   41   4152  11287 264.29   12.01  12.00  12.17  11.51  68.91  65.74  65.50  64.14
16:08:15  50.8   0.0   0.2  49.0   0.0   44   2911  11255 264.76   12.01  11.98  12.11  11.62  69.73  65.59  65.43  64.01
16:08:16  50.9   0.0   0.2  48.9   0.0   41   2864  11216 263.44   11.99  11.95  12.11  11.48  68.67  65.45  65.45  63.87
16:08:17  50.8   0.0   0.2  49.0   0.0   43   2575  11282 263.71   12.08  11.96  12.29  11.65  68.67  65.52  65.53  63.99
16:08:18  51.6   0.0   0.4  48.1   0.0   42   4815  11520 264.18   12.03  11.98  12.03  11.68  68.15  65.56  65.53  64.94
16:08:19  51.4   0.0   0.4  48.2   0.0   42   4734  11711 263.88   12.02  11.97  12.07  11.67  67.33  65.48  65.48  65.59
16:08:20  51.3   0.0   0.4  48.3   0.0   41   5033  11464 263.98   12.04  11.98  12.24  11.61  67.57  65.60  65.54  65.27
16:08:21  51.6   0.0   0.3  48.1   0.0   43   4814  11442 265.11   12.09  12.02  12.00  11.57  69.05  65.60  65.66  64.81
16:08:22  51.0   0.0   0.3  48.8   0.0   41   3111  11300 263.62   12.11  11.97  11.97  11.46  68.86  65.42  65.42  63.92
16:08:23  50.9   0.0   0.2  48.9   0.0   43   3642  11408 264.45   12.07  11.99  11.97  11.52  69.05  65.58  65.51  64.31
16:08:24  51.9   0.0   0.4  47.7   0.0   42   6077  12722 265.35   12.04  12.01  12.03  11.55  69.16  65.53  65.54  65.13
16:08:25  52.1   0.0   0.5  47.5   0.0   41   6798  11726 265.76   12.13  11.93  12.15  11.54  70.00  65.51  65.33  64.92
16:08:26  51.2   0.0   0.2  48.6   0.0   41   4018  11240 262.90   12.08  11.99  12.14  11.78  67.12  65.50  65.51  64.77
16:08:27  50.8   0.0   0.2  49.0   0.0   41   2929  11279 264.22   12.08  11.97  12.07  11.73  67.69  65.52  65.52  65.50
  Time    User  Nice   Sys  Idle    IO  Run Ctxt/s  IRQ/s  Watts    dram   dram   dram   dram  pkg-0  pkg-1  pkg-2  pkg-3
16:08:28  51.8   0.0   0.4  47.9   0.0   42   5658  11386 266.33   12.11  12.03  12.04  11.53  69.75  65.53  65.53  65.52
16:08:29  51.1   0.0   0.2  48.7   0.0   41   4504  11452 263.83   12.05  12.02  12.03  11.59  67.16  66.03  65.47  65.17
16:08:30  51.2   0.0   0.2  48.6   0.0   41   4442  11247 266.15   12.07  12.02  12.09  11.47  69.30  66.07  65.55  65.23
16:08:31  50.9   0.0   0.2  48.9   0.0   41   3622  11419 263.76   11.95  12.00  12.12  11.41  66.93  65.82  65.54  65.47
16:08:32  50.6   0.0   0.1  49.3   0.0   41   2556  11215 264.44   11.97  12.03  12.05  11.48  67.76  66.17  65.51  65.00
16:08:33  50.7   0.0   0.2  49.1   0.0   41   2465  11148 264.93   12.05  11.95  12.01  11.64  69.56  65.54  65.54  64.30
16:08:34  50.7   0.0   0.2  49.1   0.0   41   2362  10930 264.80   12.04  12.01  12.01  11.68  69.73  65.54  65.47  64.07
16:08:35  50.6   0.0   0.2  49.3   0.0   41   2033  11264 263.94   12.06  12.00  11.92  11.72  68.74  65.48  65.54  64.18
16:08:36  51.0   0.0   0.3  48.7   0.0   41   3118  11284 264.00   11.98  12.00  12.05  11.44  68.63  65.54  65.54  64.29
16:08:37  50.9   0.0   0.2  48.9   0.0   41   2690  11225 264.69   12.02  11.98  12.10  11.48  69.58  65.54  65.47  64.10
16:08:38  50.5   0.0   0.1  49.4   0.0   41   2057  10882 264.38   12.04  11.98  12.21  11.55  69.56  65.48  65.54  63.80
16:08:39  50.9   0.0   0.2  48.9   0.0   41   3042  11341 264.67   12.02  11.97  12.05  11.51  69.62  65.54  65.54  63.97
16:08:40  50.6   0.0   0.2  49.2   0.0   43   2562  11059 264.07   11.99  12.04  11.96  11.49  68.30  65.64  65.62  64.51
16:08:41  50.6   0.0   0.2  49.2   0.0   41   1653  11006 264.23   12.05  11.98  12.04  11.41  68.63  65.39  65.39  64.82
16:08:42  50.7   0.0   0.3  49.1   0.0   41   1868  10885 265.18   11.99  11.91  12.04  11.47  68.76  65.54  65.54  65.33
16:08:43  50.4   0.0   0.1  49.5   0.0   41   1021  11045 265.02   12.01  11.98  12.05  11.63  68.42  65.55  65.54  65.51
-------- ----- ----- ----- ----- ----- ---- ------ ------ ------  ------ ------ ------ ------ ------ ------ ------ ------
 Average  51.0   0.0   0.2  48.7   0.0 41.9 3397.0 11320.7 264.32   12.02  11.98  12.10  11.52  68.52  65.67  65.51  64.63
  StdDev   0.5   0.0   0.1   0.6   0.0  2.2 1438.6  329.4   1.08    0.04   0.03   0.10   0.11   1.39   0.31   0.08   0.54
-------- ----- ----- ----- ----- ----- ---- ------ ------ ------  ------ ------ ------ ------ ------ ------ ------ ------
 Minimum  50.4   0.0   0.1  46.6   0.0 41.0 1021.0 10869.0 260.99   11.89  11.89  11.92  11.35  63.46  65.39  65.23  63.80
 Maximum  52.9   0.0   0.5  49.5   0.0 57.0 8002.0 12722.0 266.50   12.13  12.05  12.47  11.78  70.12  66.99  65.67  65.59
-------- ----- ----- ----- ----- ----- ---- ------ ------ ------  ------ ------ ------ ------ ------ ------ ------ ------
Summary:
CPU: 264.32 Watts on average with standard deviation 1.08  
Note: power read from RAPL domains: dram, dram, dram, dram, package-0, package-1, package-2, package-3.
These readings do not cover all the hardware in this device.

Histogram (of 60 power measurements)

  Range (Watts)   Count
260.985 - 261.535     3 #######
261.536 - 262.086     0 
262.087 - 262.637     1 ##
262.638 - 263.188     1 ##
263.189 - 263.740     6 ##############
263.741 - 264.291    17 ########################################
264.292 - 264.842    15 ###################################
264.843 - 265.393    11 #########################
265.394 - 265.944     2 ####
265.945 - 266.495     4 #########

Histogram (of 60 CPU utilization measurements)

 Range (%CPU)   Count
50.457 - 50.746     9 #####################
50.747 - 51.036    17 ########################################
51.037 - 51.326    12 ############################
51.327 - 51.617     8 ##################
51.618 - 51.907     5 ###########
51.908 - 52.197     4 #########
52.198 - 52.488     3 #######
52.489 - 52.778     1 ##
52.779 - 53.068     0 
53.069 - 53.358     1 ##

