fnl@fnl-one:~$ powerstat -RDH
Running for 60.0 seconds (60 samples at 1.0 second intervals).
Power measurements will start in 0 seconds time.

  Time    User  Nice   Sys  Idle    IO  Run Ctxt/s  IRQ/s  Watts    dram   dram   dram   dram  pkg-0  pkg-1  pkg-2  pkg-3
16:10:51  98.5   0.0   0.0   1.4   0.0   81   1137  20584 273.74   12.01  11.99  12.30  11.42  71.05  68.99  67.26  66.45
16:10:52  99.1   0.0   0.1   0.7   0.0   81   2267  20510 274.32   12.03  12.00  12.26  11.35  71.39  68.95  67.20  66.77
16:10:53  99.4   0.0   0.1   0.5   0.0  100   2997  20789 274.76   11.93  12.04  12.36  11.46  71.78  68.99  67.27  66.71
16:10:54  99.6   0.0   0.1   0.3   0.0   81   1965  20592 274.18   12.01  11.95  12.35  11.47  71.51  68.43  67.29  66.95
16:10:55  99.4   0.0   0.1   0.5   0.0   81   1940  20715 274.36   12.05  11.97  12.18  11.35  71.58  68.79  67.27  66.73
16:10:56  99.1   0.0   0.1   0.8   0.0   82   2019  20479 274.26   12.05  12.01  12.21  11.42  71.38  68.96  67.21  66.71
16:10:57  99.0   0.0   0.2   0.8   0.0   83   2644  20926 274.69   12.07  12.02  12.31  11.39  71.49  68.86  67.28  67.05
16:10:58  99.5   0.0   0.1   0.4   0.0   81   1786  20640 274.35   11.99  11.96  12.14  11.47  71.36  68.73  67.28  66.99
16:10:59  99.8   0.0   0.1   0.2   0.0   82   2280  20893 274.83   12.06  12.02  12.33  11.61  71.41  68.99  67.21  67.22
16:11:00  99.2   0.0   0.1   0.7   0.0   83   3645  20708 275.07   12.02  11.98  12.12  11.59  71.73  69.00  67.28  67.07
16:11:01  98.8   0.0   0.1   1.2   0.0   82   1467  20637 274.10   11.99  11.97  11.97  11.50  71.39  68.82  67.28  66.62
16:11:02  98.2   0.0   0.0   1.8   0.0   81   1349  20434 273.49   12.04  11.91  12.07  11.47  71.23  68.82  67.21  66.23
16:11:03  99.4   0.0   0.1   0.5   0.0   81   1884  20756 274.83   11.93  12.02  12.01  11.48  71.72  68.98  67.27  66.86
16:11:04  99.8   0.0   0.0   0.2   0.0   81   1281  20416 274.63   11.96  12.00  12.12  11.60  71.51  68.70  67.29  67.13
16:11:05  99.5   0.0   0.2   0.3   0.0   81   1519  20918 274.45   11.99  11.96  12.23  11.61  71.43  68.66  67.21  67.15
16:11:06  99.6   0.0   0.1   0.3   0.0   84   2479  20710 274.25   12.00  11.95  12.07  11.62  71.53  68.31  67.28  67.13
16:11:07  99.6   0.0   0.1   0.3   0.0   81   2554  20850 275.08   12.01  12.03  12.14  11.60  71.72  68.92  67.28  67.17
16:11:08  99.6   0.0   0.1   0.4   0.0   81   2738  20674 275.14   12.08  12.02  12.23  11.60  71.81  68.96  67.21  67.16
16:11:09  99.6   0.0   0.1   0.3   0.0   81   1548  20664 275.06   12.04  12.00  12.16  11.51  71.76  68.98  67.27  67.04
16:11:10  99.7   0.0   0.0   0.3   0.0   84   1476  20349 274.87   11.99  12.00  12.35  11.62  71.51  68.94  67.28  67.15
16:11:11  99.5   0.0   0.1   0.3   0.0   81   1665  20837 275.00   11.95  11.98  12.09  11.65  71.57  68.91  67.27  67.24
16:11:12  99.8   0.0   0.1   0.1   0.0   83   1678  20568 274.76   12.09  12.01  12.07  11.51  71.43  68.95  67.21  67.18
  Time    User  Nice   Sys  Idle    IO  Run Ctxt/s  IRQ/s  Watts    dram   dram   dram   dram  pkg-0  pkg-1  pkg-2  pkg-3
16:11:13  99.7   0.0   0.1   0.3   0.0   81   1566  20771 274.42   12.04  11.90  12.12  11.41  71.06  68.93  67.28  67.16
16:11:14  99.2   0.0   0.1   0.7   0.0   81   1757  20494 274.75   11.99  11.96  12.12  11.38  71.59  68.97  67.28  66.92
16:11:15  99.2   0.0   0.1   0.8   0.0   81   2168  20709 274.71   12.03  11.98  12.07  11.57  71.58  68.88  67.21  67.05
16:11:16  98.6   0.0   0.1   1.3   0.0   83   2355  20504 273.62   12.07  12.00  12.02  11.52  71.70  68.40  67.28  66.24
16:11:17  98.6   0.0   0.2   1.2   0.0   81   2342  20947 274.25   12.00  12.02  12.17  11.42  71.58  68.67  67.27  66.72
16:11:18  99.5   0.0   0.0   0.5   0.0   83   1633  20529 274.35   12.09  11.97  12.20  11.31  71.24  68.95  67.21  66.94
16:11:19  99.6   0.0   0.1   0.3   0.0   97   2837  20962 275.17   12.05  12.03  12.20  11.41  71.74  68.98  67.28  67.17
16:11:20  99.5   0.0   0.2   0.3   0.0   82   3364  20874 274.79   12.06  11.95  12.19  11.59  71.66  68.72  67.28  67.13
16:11:21  99.1   0.0   0.0   0.9   0.0   81   2076  20736 274.66   12.03  12.01  12.13  11.50  71.31  68.89  67.21  67.25
16:11:22  99.6   0.0   0.2   0.3   0.0   82   3554  20627 275.30   12.09  11.98  12.08  11.63  72.20  68.69  67.29  67.14
16:11:23  99.6   0.0   0.1   0.3   0.0   82   2058  20613 275.07   12.05  12.02  11.94  11.84  71.65  68.91  67.27  67.23
16:11:24  99.4   0.0   0.1   0.5   0.0   81   2353  20513 275.04   12.01  12.03  11.98  11.76  71.49  69.14  67.24  67.17
16:11:25  99.4   0.0   0.1   0.4   0.0   82   2220  20845 274.89   12.02  11.99  12.15  11.56  71.50  68.98  67.25  67.17
16:11:26  99.7   0.0   0.0   0.3   0.0   83    811  20356 274.55   12.01  11.96  12.01  11.43  71.18  68.94  67.29  67.14
16:11:27  99.6   0.0   0.1   0.3   0.0   81   1919  20919 274.71   12.06  12.03  11.98  11.57  71.38  69.12  67.24  66.97
16:11:28  99.7   0.0   0.2   0.1   0.0   82   2094  20488 274.84   12.07  12.04  11.97  11.53  71.66  68.98  67.25  66.95
16:11:29  99.9   0.0   0.0   0.1   0.0   81   1706  20678 274.62   12.04  12.03  12.00  11.63  71.26  68.99  67.28  67.09
16:11:30  99.5   0.0   0.1   0.4   0.0   81   1953  20601 274.68   12.07  12.02  12.00  11.62  71.56  68.80  67.21  67.11
16:11:31  99.2   0.0   0.1   0.7   0.0   82   3766  21342 274.48   12.18  11.96  11.98  11.78  71.76  68.57  67.31  66.84
16:11:32  99.7   0.0   0.1   0.2   0.0   82   1758  21035 273.94   12.01  11.99  11.96  11.72  71.30  68.20  67.25  67.18
16:11:33  99.5   0.0   0.1   0.4   0.0   97   2728  21078 275.20   12.14  12.02  12.00  11.69  72.00  68.89  67.21  67.11
16:11:34  99.6   0.0   0.1   0.4   0.0   82   2960  20591 275.11   12.01  12.00  11.92  11.68  71.90  68.97  67.29  66.95
  Time    User  Nice   Sys  Idle    IO  Run Ctxt/s  IRQ/s  Watts    dram   dram   dram   dram  pkg-0  pkg-1  pkg-2  pkg-3
16:11:35  99.7   0.0   0.2   0.1   0.0   81   1534  20808 275.08   12.00  12.01  11.93  11.62  71.90  68.94  67.27  66.96
16:11:36  99.4   0.0   0.1   0.5   0.0   82   3217  20804 274.90   12.07  12.03  11.95  11.62  71.94  68.66  67.21  67.09
16:11:37  99.8   0.0   0.0   0.2   0.0   82   1460  20717 274.38   12.03  11.95  12.01  11.53  71.27  68.97  67.28  66.86
16:11:38  98.7   0.0   0.1   1.1   0.0   81   2428  20371 274.95   12.11  11.98  11.98  11.57  71.57  68.96  67.40  67.02
16:11:39  99.0   0.0   0.1   0.9   0.0   84   2996  20966 275.29   12.02  12.01  12.01  11.65  71.83  69.03  67.27  67.15
16:11:40  99.9   0.0   0.0   0.1   0.0   83   1425  20580 275.12   12.01  12.00  11.91  11.46  71.94  68.77  67.23  67.18
16:11:41  99.8   0.0   0.1   0.1   0.0   82   1847  20931 275.29   12.10  11.97  11.98  11.42  71.94  68.90  67.27  67.18
16:11:42  99.4   0.0   0.1   0.5   0.0   82   2488  20703 275.13   12.06  11.97  12.03  11.49  71.75  68.85  67.25  67.28
16:11:43  99.7   0.0   0.0   0.2   0.0   82    876  20698 274.04   12.04  11.95  11.99  11.26  71.11  68.46  67.30  67.17
16:11:44  99.6   0.0   0.1   0.3   0.0   81   1788  20624 274.69   12.02  11.98  11.98  11.44  71.43  68.89  67.25  67.11
16:11:45  99.2   0.0   0.1   0.6   0.0   82   3008  20847 274.96   12.05  11.98  12.01  11.48  71.70  68.87  67.21  67.19
16:11:46  99.8   0.0   0.1   0.2   0.0   81   1604  20618 274.80   12.05  11.94  11.98  11.55  71.03  69.34  67.28  67.15
16:11:47  99.4   0.0   0.1   0.5   0.0   81   2399  20845 274.94   12.05  11.99  11.93  11.60  71.56  68.94  67.24  67.20
16:11:48  99.6   0.0   0.1   0.3   0.0   83   2326  20514 274.24   12.08  12.00  11.97  11.43  71.08  68.98  67.28  66.90
16:11:49  99.6   0.0   0.1   0.3   0.0   82   3064  20846 275.51   12.09  12.01  11.99  11.59  72.07  69.04  67.27  67.12
16:11:50  99.8   0.0   0.1   0.1   0.0   97   1624  20600 275.26   11.97  11.97  12.00  11.68  71.84  68.95  67.22  67.25
-------- ----- ----- ----- ----- ----- ---- ------ ------ ------  ------ ------ ------ ------ ------ ------ ------ ------
 Average  99.4   0.0   0.1   0.5   0.0 82.8 2139.7 20705.5 274.70   12.04  11.99  12.08  11.54  71.56  68.86  67.26  67.02
  StdDev   0.4   0.0   0.0   0.4   0.0  4.1  669.2  193.0   0.43    0.05   0.03   0.12   0.12   0.27   0.20   0.03   0.23
-------- ----- ----- ----- ----- ----- ---- ------ ------ ------  ------ ------ ------ ------ ------ ------ ------ ------
 Minimum  98.2   0.0   0.0   0.1   0.0 81.0  811.0 20349.0 273.49   11.93  11.90  11.91  11.26  71.03  68.20  67.20  66.23
 Maximum  99.9   0.0   0.2   1.8   0.0 100.0 3766.0 21342.0 275.51   12.18  12.04  12.36  11.84  72.20  69.34  67.40  67.28
-------- ----- ----- ----- ----- ----- ---- ------ ------ ------  ------ ------ ------ ------ ------ ------ ------ ------
Summary:
CPU: 274.70 Watts on average with standard deviation 0.43  
Note: power read from RAPL domains: dram, dram, dram, dram, package-0, package-1, package-2, package-3.
These readings do not cover all the hardware in this device.

Histogram (of 60 power measurements)

  Range (Watts)   Count
273.495 - 273.696     2 ######
273.697 - 273.897     1 ###
273.898 - 274.099     3 #########
274.100 - 274.301     5 ###############
274.302 - 274.503     8 ########################
274.504 - 274.705     7 #####################
274.706 - 274.907    13 ########################################
274.908 - 275.108    10 ##############################
275.109 - 275.310    10 ##############################
275.311 - 275.512     1 ###

Histogram (of 60 CPU utilization measurements)

  Range (%CPU)    Count
 98.200 -  98.370     1 #
 98.371 -  98.541     0 
 98.542 -  98.712     2 ###
 98.713 -  98.884     3 #####
 98.885 -  99.055     0 
 99.056 -  99.226     5 #########
 99.227 -  99.398     5 #########
 99.399 -  99.569     8 ###############
 99.570 -  99.740    21 ########################################
 99.741 -  99.912    15 ############################

