Running for 60.0 seconds (60 samples at 1.0 second intervals).
Power measurements will start in 0 seconds time.

  Time    User  Nice   Sys  Idle    IO  Run Ctxt/s  IRQ/s  Watts    dram   dram   dram   dram  pkg-0  pkg-1  pkg-2  pkg-3
16:38:35   0.8   0.0   0.4  98.8   0.0    1   2880   1045 167.02   11.93  12.02  12.36  11.45  44.90  40.38  39.32  42.42
16:38:36   0.2   0.0   0.1  99.8   0.0    1   1255    690 165.90   11.89  11.97  12.14  11.44  42.75  39.89  39.22  44.04
16:38:37   0.3   0.0   0.2  99.5   0.0    1   1217    684 167.80   11.82  12.01  12.14  11.56  44.20  40.97  39.29  43.34
16:38:38   0.5   0.0   0.2  99.3   0.0    1   1649    641 166.06   11.83  12.00  12.10  11.45  42.79  40.67  39.27  43.32
16:38:39   0.3   0.0   0.0  99.6   0.0    1   1181    613 165.62   11.65  11.97  12.24  11.43  42.68  40.20  39.31  43.43
16:38:40   0.4   0.0   0.1  99.5   0.0    1   1334    675 165.42   11.75  11.93  12.30  11.45  42.80  40.13  39.32  43.18
16:38:41   0.3   0.0   0.2  99.5   0.0    1   1202    544 166.29   11.73  12.03  12.02  11.55  42.80  40.91  39.43  43.16
16:38:42   0.5   0.0   0.1  99.4   0.0    1   1484    589 168.98   11.88  12.01  11.98  11.42  45.68  40.81  39.49  42.99
16:38:43   0.4   0.0   0.1  99.5   0.0    1   1211    634 167.83   11.94  12.03  12.02  11.39  44.56  40.82  39.29  43.17
16:38:44   0.0   0.0   0.0 100.0   0.0    1    225    511 165.86   11.63  11.99  12.07  11.42  43.21  40.32  39.54  42.79
16:38:45   0.1   0.0   0.1  99.7   0.0    1    671    564 164.93   11.88  12.02  12.10  11.40  43.50  40.18  40.09  41.16
16:38:46   0.1   0.0   0.1  99.8   0.0    1    666    485 144.18   11.94  11.94  12.08  11.38  37.30  35.65  35.40  35.82
16:38:47   0.0   0.0   0.0 100.0   0.0    1    237    531 165.95   11.98  12.00  12.13  11.34  42.37  40.94  39.85  42.79
16:38:48   0.2   0.0   0.1  99.7   0.0    1    842    730 165.22   11.90  12.01  12.29  11.35  42.68  40.20  39.30  43.05
16:38:49   0.2   0.0   0.1  99.7   0.0    1    657    471 159.57   11.96  11.92  12.11  11.37  41.21  39.34  38.26  40.77
16:38:50   0.0   0.0   0.0 100.0   0.0    1    125    409 166.70   11.89  11.99  12.09  11.40  42.72  40.57  40.61  42.80
16:38:51   0.2   0.0   0.1  99.7   0.0    1    706    534 166.40   11.79  12.01  12.06  11.39  42.74  40.64  40.00  43.01
16:38:52   0.0   0.0   0.0 100.0   0.0    2    270    516 157.04   11.78  12.01  11.99  11.32  40.64  38.58  37.80  40.02
16:38:53   0.3   0.0   0.1  99.6   0.0    1    616    565 154.77   11.73  11.98  11.99  11.34  40.11  38.32  37.43  38.91
16:38:54   0.3   0.0   0.1  99.6   0.0    1    652    514 150.37   11.70  11.96  11.96  11.40  38.58  37.42  37.02  37.34
16:38:55   0.0   0.0   0.0 100.0   0.0    1    208    456 165.29   11.65  12.02  12.08  11.36  42.30  40.87  39.33  42.79
16:38:56   0.2   0.0   0.1  99.7   0.0    1    770    592 165.66   11.99  11.99  12.08  11.39  42.14  40.74  40.04  42.73
  Time    User  Nice   Sys  Idle    IO  Run Ctxt/s  IRQ/s  Watts    dram   dram   dram   dram  pkg-0  pkg-1  pkg-2  pkg-3
16:38:57   0.2   0.0   0.1  99.7   0.0    1    642    472 164.94   11.82  12.03  12.05  11.48  41.87  40.57  39.91  42.59
16:38:58   0.0   0.0   0.0 100.0   0.0    1    121    388 165.46   11.46  11.94  12.07  11.47  42.60  40.67  39.25  42.94
16:38:59   0.2   0.0   0.1  99.7   0.0    1    721    537 165.51   11.55  11.97  12.27  11.45  42.59  40.71  39.27  42.93
16:39:00   0.5   0.0   0.2  99.3   0.0    1   1858   1011 168.40   11.61  12.05  12.38  11.50  42.69  40.70  39.87  45.14
16:39:01   0.0   0.0   0.0 100.0   0.0    1    154    466 163.88   11.87  11.96  12.21  11.51  42.25  40.45  38.79  42.39
16:39:02   0.2   0.0   0.1  99.7   0.0    1    709    498 164.27   11.92  12.00  12.32  11.36  42.87  39.74  39.20  42.45
16:39:03   0.0   0.0   0.1  99.9   0.0    2    256    506 188.11   11.72  12.07  12.13  11.48  50.13  45.48  45.04  47.46
16:39:04   0.2   0.0   0.1  99.8   0.0    1    709    567 184.75   11.74  12.00  12.03  11.38  47.69  44.89  44.80  47.37
16:39:05   0.2   0.0   0.1  99.7   0.0    1    720    487 204.10   11.88  12.03  12.05  11.37  51.48  49.70  49.77  53.15
16:39:06   0.0   0.0   0.0 100.0   0.0    1    125    398 169.10   11.43  11.99  12.07  11.41  42.76  41.06  41.04  44.24
16:39:07   0.2   0.0   0.1  99.7   0.0    1    742    544 168.07   11.62  12.02  12.22  11.34  42.80  41.05  41.03  43.19
16:39:08   0.2   0.0   0.1  99.7   0.0    1    780    586 162.25   11.57  11.97  12.03  11.41  41.49  39.73  39.59  41.44
16:39:09   0.0   0.0   0.0 100.0   0.0    1    106    475 164.25   11.48  11.97  12.02  11.38  41.85  40.12  39.50  42.78
16:39:10   0.2   0.0   0.1  99.7   0.0    1    662    481 166.12   11.69  11.92  12.17  11.42  42.78  40.97  39.30  43.08
16:39:11   0.2   0.0   0.1  99.7   0.0    1    707    527 157.49   11.96  11.92  12.28  11.40  40.60  38.69  38.14  40.06
16:39:12   0.0   0.0   0.0 100.0   0.0    1    212    511 164.54   11.92  11.99  12.15  11.39  42.41  39.81  39.57  42.76
16:39:13   0.2   0.0   0.1  99.7   0.0    1    604    482 161.30   11.56  11.96  12.09  11.46  41.27  39.34  38.46  42.22
16:39:14   0.0   0.0   0.1  99.9   0.0    2    174    420 155.84   11.54  12.00  12.10  11.51  39.96  37.55  37.55  40.77
16:39:15   0.2   0.0   0.1  99.7   0.0    1    669    498 166.11   11.88  11.94  12.04  11.46  42.55  40.21  39.21  44.14
16:39:16   0.2   0.0   0.1  99.7   0.0    1    794    603 166.02   11.81  12.01  11.99  11.49  42.71  40.59  39.25  43.47
16:39:17   0.0   0.0   0.0 100.0   0.0    1    111    373 166.47   11.87  11.94  12.14  11.55  42.80  40.99  39.88  42.81
16:39:18   0.2   0.0   0.1  99.7   0.0    1    679    573 167.25   11.86  12.00  12.10  11.40  43.95  41.01  39.45  42.83
  Time    User  Nice   Sys  Idle    IO  Run Ctxt/s  IRQ/s  Watts    dram   dram   dram   dram  pkg-0  pkg-1  pkg-2  pkg-3
16:39:19   0.2   0.0   0.1  99.7   0.0    1    697    527 161.55   11.65  12.04  12.15  11.36  41.61  40.03  38.51  41.41
16:39:20   0.0   0.0   0.0 100.0   0.0    1    201    501 165.46   11.89  11.96  12.15  11.40  42.37  40.94  39.36  42.80
16:39:21   0.2   0.0   0.1  99.7   0.0    1    645    454 165.79   11.80  12.01  12.19  11.42  42.79  40.59  39.41  43.00
16:39:22   0.2   0.0   0.1  99.6   0.0    1    716    520 155.61   11.84  12.00  12.11  11.37  40.33  38.15  37.65  39.48
16:39:23   0.0   0.0   0.0 100.0   0.0    1    180    443 163.20   11.96  12.02  12.05  11.58  41.60  40.45  39.49  41.67
16:39:24   0.2   0.0   0.1  99.7   0.0    1    728    571 158.23   11.77  11.98  12.21  11.50  40.55  38.61  38.48  40.59
16:39:25   0.0   0.0   0.1  99.9   0.0    2    222    439 149.90   11.98  12.02  12.31  11.44  38.65  36.80  36.59  37.86
16:39:26   0.2   0.0   0.1  99.8   0.0    1    603    535 166.56   11.93  12.00  12.29  11.56  43.53  40.14  40.23  42.66
16:39:27   0.2   0.0   0.1  99.7   0.0    1    729    533 167.43   11.71  12.00  12.22  11.48  44.14  40.75  40.25  42.30
16:39:28   0.0   0.0   0.0 100.0   0.0    1    231    501 167.43   11.73  12.00  12.12  11.47  46.25  40.97  39.62  40.59
16:39:29   0.2   0.0   0.2  99.7   0.0    1    640    437 167.63   11.94  11.96  12.12  11.50  46.33  40.88  39.48  40.94
16:39:30   0.2   0.0   0.1  99.7   0.0    2    721    567 168.58   11.62  11.95  12.08  11.55  46.38  40.95  40.21  41.04
16:39:31   2.1   0.0   0.5  97.4   0.0    2   6951   1245 171.37   11.84  12.06  12.18  11.37  47.08  43.91  39.37  41.01
16:39:32   0.6   0.0   0.1  99.4   0.0    1   2031    727 169.79   11.61  12.05  11.91  11.37  44.87  43.90  40.03  41.00
16:39:33   0.2   0.0   0.1  99.7   0.0    1    718    452 168.51   11.82  11.90  11.94  11.42  45.24  41.15  40.86  41.25
16:39:34   0.0   0.0   0.0 100.0   0.0    1    140    554 167.65   11.91  12.03  12.06  11.39  45.41  41.27  39.94  41.02
-------- ----- ----- ----- ----- ----- ---- ------ ------ ------  ------ ------ ------ ------ ------ ------ ------ ------
 Average   0.2   0.0   0.1  99.7   0.0  1.1  807.8  556.7 165.53   11.78  11.99  12.12  11.43  43.03  40.53  39.60  42.37
  StdDev   0.3   0.0   0.1   0.4   0.0  0.3  952.4  148.8   8.20    0.15   0.04   0.11   0.06   2.44   1.99   1.95   2.38
-------- ----- ----- ----- ----- ----- ---- ------ ------ ------  ------ ------ ------ ------ ------ ------ ------ ------
 Minimum   0.0   0.0   0.0  97.4   0.0  1.0  106.0  373.0 144.18   11.43  11.90  11.91  11.32  37.30  35.65  35.40  35.82
 Maximum   2.1   0.0   0.5 100.0   0.0  2.0 6951.0 1245.0 204.10   11.99  12.07  12.38  11.58  51.48  49.70  49.77  53.15
-------- ----- ----- ----- ----- ----- ---- ------ ------ ------  ------ ------ ------ ------ ------ ------ ------ ------
Summary:
CPU: 165.53 Watts on average with standard deviation 8.20  
Note: power read from RAPL domains: dram, dram, dram, dram, package-0, package-1, package-2, package-3.
These readings do not cover all the hardware in this device.

Histogram (of 60 power measurements)

  Range (Watts)   Count
144.184 - 150.174     2 ##
150.175 - 156.165     4 ####
156.166 - 162.157     6 ######
162.158 - 168.148    38 ########################################
168.149 - 174.139     7 #######
174.140 - 180.130     0 
180.131 - 186.122     1 #
186.123 - 192.113     1 #
192.114 - 198.104     0 
198.105 - 204.095     1 #

Histogram (of 60 CPU utilization measurements)

Range (%CPU)  Count
0.000 - 0.260    24 #################################
0.261 - 0.521    29 ########################################
0.522 - 0.782     5 ######
0.783 - 1.042     0 
1.043 - 1.303     1 #
1.304 - 1.564     0 
1.565 - 1.825     0 
1.826 - 2.086     0 
2.087 - 2.347     0 
2.348 - 2.607     1 #
