Running for 60.0 seconds (60 samples at 1.0 second intervals).
Power measurements will start in 0 seconds time.

  Time    User  Nice   Sys  Idle    IO  Run Ctxt/s  IRQ/s  Watts    dram   dram   dram   dram  pkg-0  pkg-1  pkg-2  pkg-3
16:39:36  50.1   0.0   0.0  49.9   0.0   41   7984  11022 206.83   11.65  11.99  11.98  11.39  49.38  53.10  52.71  51.64
16:39:37  50.2   0.0   0.1  49.7   0.0   41   8544  11126 250.82   11.71  11.98  12.01  11.39  62.13  65.50  61.85  61.34
16:39:38  50.1   0.0   0.0  49.9   0.0   42   7280  10757 251.98   11.75  12.00  11.98  11.40  65.07  65.59  60.77  60.55
16:39:39  50.2   0.0   0.0  49.8   0.0   41   7456  10848 251.97   11.97  12.06  12.16  11.35  66.56  64.96  59.58  60.88
16:39:40  50.3   0.0   0.1  49.7   0.0   41   7737  10843 204.27   11.99  11.98  12.08  11.58  53.32  50.21  50.29  50.45
16:39:41  50.0   0.0   0.0  49.9   0.0   41   6916  10773 207.05   11.69  12.03  12.13  11.48  53.41  51.22  52.49  49.93
16:39:42  50.2   0.0   0.1  49.7   0.0   41   7326  10706 240.42   11.68  12.00  12.15  11.47  63.83  59.66  60.49  56.44
16:39:43  50.3   0.0   0.1  49.7   0.0   42   7316  10992 198.17   11.71  11.99  12.09  11.60  51.43  49.73  48.81  48.19
16:39:44  50.0   0.0   0.0  50.0   0.0   41   6899  10661 194.70   11.89  12.01  12.02  11.58  49.78  48.84  48.06  48.03
16:39:45  50.2   0.0   0.1  49.6   0.0   41   7407  10863 196.32   11.96  11.95  12.10  11.62  51.53  48.78  47.82  48.20
16:39:46  50.2   0.0   0.1  49.7   0.0   41   7243  10693 194.12   11.86  11.94  12.14  11.68  49.96  49.69  46.33  48.14
16:39:47  50.1   0.0   0.0  49.9   0.0   41   6879  10795 193.34   11.92  11.95  12.06  11.61  49.75  49.25  46.31  48.03
16:39:48  50.3   0.0   0.1  49.7   0.0   41   7523  10796 193.13   11.72  12.02  12.08  11.71  49.75  48.94  46.29  48.16
16:39:49  50.1   0.0   0.1  49.9   0.0   41   6841  10751 192.68   11.70  11.96  11.98  11.55  49.84  49.19  46.33  47.31
16:39:50  50.2   0.0   0.0  49.8   0.0   41   7254  10637 190.50   11.95  11.94  12.09  11.44  48.43  49.15  46.29  46.64
16:39:51  50.2   0.0   0.1  49.7   0.0   41   7310  10925 190.73   11.84  11.99  12.16  11.39  48.12  49.09  46.28  47.25
16:39:52  50.0   0.0   0.0  50.0   0.0   41   6903  10664 190.09   11.83  12.00  12.07  11.52  46.82  48.89  46.34  48.04
16:39:53  50.3   0.0   0.1  49.7   0.0   41   7265  10831 195.02   11.96  11.99  12.05  11.55  52.02  48.55  46.29  48.16
16:39:54  50.2   0.0   0.1  49.7   0.0   41   7318  10691 195.06   11.64  12.00  12.12  11.49  52.17  48.65  46.27  47.97
16:39:55  50.1   0.0   0.0  49.9   0.0   41   6833  10781 196.34   11.67  11.99  12.26  11.46  53.34  49.16  46.37  47.48
16:39:56  50.2   0.0   0.1  49.7   0.0   41   7402  10745 192.42   11.92  12.02  12.24  11.34  50.36  48.60  46.30  47.15
16:39:57  50.3   0.0   0.1  49.7   0.0   41   7365  10770 189.64   11.94  11.99  12.19  11.39  48.07  48.35  46.29  46.93
  Time    User  Nice   Sys  Idle    IO  Run Ctxt/s  IRQ/s  Watts    dram   dram   dram   dram  pkg-0  pkg-1  pkg-2  pkg-3
16:39:58  50.0   0.0   0.0  50.0   0.0   41   6754  10652 189.68   11.87  12.03  12.20  11.41  48.07  48.24  46.31  47.07
16:39:59  50.3   0.0   0.1  49.6   0.0   41   7333  10891 192.70   11.70  11.97  12.13  11.40  50.13  49.21  46.29  47.07
16:40:00  50.2   0.0   0.1  49.8   0.0   43   7509  10779 194.10   11.80  12.03  12.08  11.36  49.74  49.74  46.38  48.25
16:40:01  50.4   0.0   0.1  49.5   0.0   41   7688  10754 194.14   11.85  11.94  12.17  11.36  50.58  49.40  46.21  47.96
16:40:02  50.2   0.0   0.1  49.7   0.0   41   7353  10785 192.36   11.84  12.05  12.15  11.51  48.60  49.25  46.32  48.19
16:40:03  50.0   0.0   0.0  49.9   0.0   41   6908  10676 192.00   11.88  11.97  12.23  11.42  48.04  49.66  46.27  48.03
16:40:04  50.2   0.0   0.1  49.7   0.0   41   7419  10841 195.12   11.88  11.94  12.20  11.46  51.15  49.46  46.32  48.19
16:40:05  50.2   0.0   0.2  49.6   0.0   41   7263  10810 195.35   11.89  12.00  12.09  11.39  50.87  49.41  46.36  48.71
16:40:06  50.0   0.0   0.0  50.0   0.0   41   6859  10652 195.09   11.76  11.97  12.27  11.44  49.74  49.47  46.27  49.61
16:40:07  50.2   0.0   0.1  49.7   0.0   41   7235  10790 195.19   11.81  11.98  12.22  11.37  50.90  49.40  46.31  48.58
16:40:08  50.2   0.0   0.1  49.7   0.0   41   7376  10939 208.33   11.78  11.96  12.13  11.62  54.75  51.97  49.15  52.46
16:40:09  50.0   0.0   0.0  50.0   0.0   41   6839  10665 196.77   11.81  11.97  12.30  11.68  47.88  50.59  47.46  50.84
16:40:10  50.3   0.0   0.1  49.6   0.0   41   7258  10750 191.03   11.97  12.02  12.18  11.67  46.40  49.20  46.32  49.12
16:40:11  50.2   0.0   0.1  49.7   0.0   43   7181  10756 191.81   11.91  11.93  12.08  11.63  46.35  49.51  46.30  49.65
16:40:12  50.1   0.0   0.0  49.9   0.0   41   7047  10736 192.11   11.95  11.94  12.04  11.66  46.35  49.56  46.32  49.88
16:40:13  50.2   0.0   0.1  49.7   0.0   41   7258  10754 235.49   11.91  12.00  12.30  11.42  57.63  59.63  56.51  61.73
16:40:14  50.0   0.0   0.0  50.0   0.0   43   6747  10643 237.65   11.96  12.01  12.17  11.39  58.48  60.21  56.84  62.11
16:40:15  50.3   0.0   0.2  49.6   0.0   41   7329  10802 207.39   11.86  11.98  12.02  11.39  50.84  53.15  50.37  53.03
16:40:16  50.3   0.0   0.1  49.6   0.0   41   7373  10915 187.73   11.94  12.03  12.01  11.41  45.89  48.50  46.27  47.07
16:40:17  50.0   0.0   0.0  50.0   0.0   41   6768  10677 194.06   11.94  11.96  12.05  11.40  45.51  50.21  48.16  50.19
16:40:18  50.2   0.0   0.1  49.7   0.0   41   7330  10757 202.82   11.98  12.04  12.05  11.39  49.79  52.45  49.84  50.73
16:40:19  50.2   0.0   0.1  49.7   0.0   41   7254  10778 214.96   11.96  11.99  12.08  11.37  51.83  55.54  54.95  52.65
  Time    User  Nice   Sys  Idle    IO  Run Ctxt/s  IRQ/s  Watts    dram   dram   dram   dram  pkg-0  pkg-1  pkg-2  pkg-3
16:40:20  50.0   0.0   0.0  49.9   0.0   41   6908  10724 237.58   12.01  11.96  11.97  11.37  60.33  60.19  60.27  56.78
16:40:21  50.2   0.0   0.1  49.7   0.0   41   7347  10748 240.04   11.94  12.02  11.99  11.42  61.97  60.24  60.32  57.50
16:40:22  50.2   0.0   0.1  49.7   0.0   43   7176  10746 239.93   12.05  11.97  12.01  11.37  62.22  60.09  60.29  57.33
16:40:23  50.1   0.0   0.1  49.9   0.0   41   6810  10672 241.92   12.00  11.95  12.12  11.44  63.41  60.25  60.28  57.98
16:40:24  50.2   0.0   0.1  49.7   0.0   41   7395  10972 227.79   11.87  11.97  12.08  11.44  58.81  57.12  55.86  56.00
16:40:25  50.0   0.0   0.1  49.9   0.0   43   7021  10725 194.41   11.88  12.00  12.00  11.45  49.27  49.18  46.22  49.74
16:40:26  50.2   0.0   0.1  49.6   0.0   41   7229  10793 197.92   11.86  11.97  11.97  11.60  52.42  49.43  46.27  49.80
16:40:27  50.3   0.0   0.0  49.7   0.0   41   7426  10803 196.58   11.88  12.01  11.97  11.36  51.89  49.18  46.22  49.29
16:40:28  50.0   0.0   0.0  49.9   0.0   41   6904  10726 196.48   11.73  12.01  12.12  11.49  51.00  49.60  46.22  49.66
16:40:29  50.2   0.0   0.1  49.7   0.0   41   7323  10753 195.19   11.80  11.97  12.05  11.41  50.59  49.77  46.03  48.80
16:40:30  50.2   0.0   0.1  49.7   0.0   41   7326  10764 193.69   11.85  11.98  12.01  11.36  49.83  49.12  45.94  48.79
16:40:31  50.0   0.0   0.0  50.0   0.0   41   6757  10654 195.57   11.94  11.94  12.03  11.40  49.90  48.94  46.55  50.19
16:40:32  50.2   0.0   0.1  49.6   0.0   41   7410  10964 203.70   11.95  11.98  12.02  11.40  52.05  51.58  48.76  51.31
16:40:33  50.2   0.0   0.1  49.7   0.0   43   7189  10769 191.13   11.84  11.98  12.11  11.37  48.23  48.51  46.30  48.09
16:40:34  50.1   0.0   0.1  49.9   0.0   41   6967  10702 195.02   11.63  12.00  11.98  11.37  51.99  48.57  46.32  48.14
16:40:35  50.3   0.0   0.2  49.6   0.0   41   7332  10820 193.51   11.72  12.04  12.00  11.33  49.90  48.64  46.23  48.73
-------- ----- ----- ----- ----- ----- ---- ------ ------ ------  ------ ------ ------ ------ ------ ------ ------ ------
 Average  50.2   0.0   0.1  49.8   0.0 41.2 7226.7 10780.1 204.20   11.85  11.99  12.10  11.46  52.14  51.82  49.47  50.77
  StdDev   0.1   0.0   0.0   0.1   0.0  0.6  314.5  100.5  18.59    0.11   0.03   0.09   0.10   5.10   4.77   5.08   4.23
-------- ----- ----- ----- ----- ----- ---- ------ ------ ------  ------ ------ ------ ------ ------ ------ ------ ------
 Minimum  50.0   0.0   0.0  49.5   0.0 41.0 6747.0 10637.0 187.73   11.63  11.93  11.97  11.33  45.51  48.24  45.94  46.64
 Maximum  50.4   0.0   0.2  50.0   0.0 43.0 8544.0 11126.0 251.98   12.05  12.06  12.30  11.71  66.56  65.59  61.85  62.11
-------- ----- ----- ----- ----- ----- ---- ------ ------ ------  ------ ------ ------ ------ ------ ------ ------ ------
Summary:
CPU: 204.20 Watts on average with standard deviation 18.59 
Note: power read from RAPL domains: dram, dram, dram, dram, package-0, package-1, package-2, package-3.
These readings do not cover all the hardware in this device.

Histogram (of 60 power measurements)

  Range (Watts)   Count
187.732 - 194.156    23 ########################################
194.157 - 200.580    18 ###############################
200.581 - 207.005     4 ######
207.006 - 213.429     3 #####
213.430 - 219.854     1 #
219.855 - 226.279     0 
226.280 - 232.703     1 #
232.704 - 239.128     3 #####
239.129 - 245.552     4 ######
245.553 - 251.977     3 #####

Histogram (of 60 CPU utilization measurements)

 Range (%CPU)   Count
50.019 - 50.065    13 #######################
50.066 - 50.113     4 #######
50.114 - 50.161     4 #######
50.162 - 50.208     0 
50.209 - 50.256     4 #######
50.257 - 50.303     5 #########
50.304 - 50.351    22 ########################################
50.352 - 50.399     5 #########
50.400 - 50.446     2 ###
50.447 - 50.494     1 #
