Running for 60.0 seconds (60 samples at 1.0 second intervals).
Power measurements will start in 0 seconds time.

  Time    User  Nice   Sys  Idle    IO  Run Ctxt/s  IRQ/s  Watts    dram   dram   dram   dram  pkg-0  pkg-1  pkg-2  pkg-3
16:40:36  99.9   0.0   0.1   0.0   0.0   81  14087  20660 228.85   11.63  12.01  12.01  11.31  58.75  56.13  57.01  56.96
16:40:37 100.0   0.0   0.0   0.0   0.0   81  13569  20433 272.46   11.53  11.89  11.99  11.34  70.83  67.15  67.28  67.19
16:40:38  99.9   0.0   0.1   0.0   0.0   81  13836  20515 272.66   11.81  12.00  12.03  11.30  71.02  67.28  67.21  67.16
16:40:39  99.9   0.0   0.1   0.0   0.0   81  13793  20486 272.63   11.92  12.00  12.00  11.43  70.93  67.21  67.28  67.21
16:40:40 100.0   0.0   0.0   0.0   0.0   81  13669  20495 272.82   11.83  12.01  11.98  11.46  71.00  67.28  67.28  67.25
16:40:41  99.8   0.0   0.1   0.2   0.0   81  13720  20510 273.38   11.89  12.01  11.98  11.48  71.70  67.29  67.21  67.19
16:40:42  99.9   0.0   0.1   0.0   0.0   81  13779  20506 274.04   11.97  11.97  11.99  11.54  72.36  67.21  67.27  67.19
16:40:43  99.9   0.0   0.0   0.1   0.0   81  13538  20388 274.06   11.93  12.01  12.00  11.49  72.25  67.28  67.28  67.25
16:40:44  99.7   0.0   0.1   0.2   0.0   81  13828  20525 274.15   11.72  11.92  11.96  11.57  72.35  67.28  67.28  67.25
16:40:45  99.9   0.0   0.1   0.0   0.0   81  13479  20472 273.38   11.85  11.98  12.01  11.45  71.76  67.21  67.22  67.19
16:40:46  99.8   0.0   0.0   0.2   0.0   81  13840  20487 273.84   11.70  11.97  12.06  11.50  72.02  67.28  67.28  67.26
16:40:47  99.7   0.0   0.1   0.2   0.0   81  13756  20527 273.90   11.85  11.91  11.98  11.47  72.13  67.28  67.22  67.28
16:40:48 100.0   0.0   0.0   0.0   0.0   81  13492  20490 272.74   11.93  11.96  12.06  11.43  71.05  67.21  67.28  67.20
16:40:49  99.8   0.0   0.1   0.2   0.0   81  13864  20487 273.18   11.96  12.02  12.02  11.49  71.34  67.28  67.28  67.28
16:40:50  99.7   0.0   0.1   0.2   0.0   81  13688  20544 273.34   11.92  11.96  12.02  11.45  71.58  67.27  67.21  67.28
16:40:51 100.0   0.0   0.0   0.0   0.0   81  13401  20391 273.21   11.88  11.98  12.05  11.54  71.42  67.29  67.29  67.21
16:40:52  99.7   0.0   0.1   0.2   0.0   81  13962  20523 273.53   11.80  11.97  12.06  11.41  71.79  67.21  67.28  67.25
16:40:53  99.9   0.0   0.1   0.1   0.0   81  13737  20481 273.60   11.69  12.01  12.01  11.38  71.85  67.28  67.21  67.26
16:40:54  99.9   0.0   0.0   0.1   0.0   81  13363  20415 272.77   11.80  12.00  11.98  11.47  71.00  67.28  67.28  67.21
16:40:55  99.9   0.0   0.1   0.0   0.0   81  13937  20473 273.15   11.73  11.95  11.93  11.53  71.38  67.21  67.28  67.28
16:40:56  99.9   0.0   0.1   0.0   0.0   97  13701  20547 273.41   11.61  12.00  11.96  11.56  71.59  67.27  67.27  67.27
16:40:57 100.0   0.0   0.0   0.0   0.0   81  13615  20395 273.83   11.76  12.03  11.96  11.34  72.11  67.28  67.22  67.21
  Time    User  Nice   Sys  Idle    IO  Run Ctxt/s  IRQ/s  Watts    dram   dram   dram   dram  pkg-0  pkg-1  pkg-2  pkg-3
16:40:58  99.4   0.0   0.1   0.5   0.0   81  13872  20541 273.74   11.90  11.97  12.00  11.31  72.07  67.21  67.27  67.19
16:40:59  98.7   0.0   0.0   1.3   0.0   81  13340  20500 273.61   11.99  11.95  11.96  11.38  72.00  67.28  67.28  67.05
16:41:00  99.2   0.0   0.1   0.7   0.0   81  14638  20663 273.26   12.05  11.95  11.98  11.38  71.74  67.28  67.21  67.03
16:41:01  99.8   0.0   0.1   0.1   0.0   81  14143  20589 273.19   12.02  11.98  11.98  11.33  71.44  67.21  67.27  67.27
16:41:02 100.0   0.0   0.0   0.0   0.0   81  13398  20429 273.14   12.03  12.01  12.03  11.29  71.34  67.28  67.28  67.23
16:41:03  99.7   0.0   0.1   0.2   0.0   81  13811  20541 273.74   11.98  11.97  11.99  11.42  71.83  67.28  67.27  67.35
16:41:04  99.9   0.0   0.1   0.0   0.0   81  14113  20585 273.31   11.85  11.97  11.92  11.35  71.57  67.22  67.21  67.31
16:41:05  99.9   0.0   0.0   0.1   0.0   81  13408  20468 273.70   11.87  12.02  11.97  11.39  71.92  67.28  67.29  67.22
16:41:06  99.7   0.0   0.1   0.2   0.0   81  13744  20540 274.21   12.02  12.00  11.98  11.42  72.32  67.28  67.27  67.33
16:41:07  99.9   0.0   0.1   0.0   0.0   82  13630  20430 273.59   11.94  11.92  11.98  11.37  71.88  67.21  67.21  67.28
16:41:08  99.8   0.0   0.0   0.2   0.0   81  13721  20463 273.73   11.87  11.92  11.97  11.49  71.99  67.28  67.28  67.17
16:41:09  99.9   0.0   0.1   0.0   0.0   81  13776  20468 274.07   11.96  12.02  12.00  11.41  72.23  67.28  67.28  67.28
16:41:10 100.0   0.0   0.0   0.0   0.0   81  13528  20409 273.91   12.00  11.97  11.96  11.50  72.22  67.21  67.22  67.27
16:41:11  99.8   0.0   0.1   0.1   0.0   81  13853  20541 273.91   11.96  11.97  12.01  11.44  72.17  67.28  67.28  67.18
16:41:12  99.8   0.0   0.0   0.2   0.0   81  13894  20607 274.19   12.00  12.02  11.91  11.48  72.31  67.29  67.28  67.32
16:41:13 100.0   0.0   0.0   0.0   0.0   81  13540  20428 273.49   11.97  11.95  12.09  11.58  71.73  67.27  67.22  67.27
16:41:14  99.7   0.0   0.1   0.2   0.0   81  13731  20621 273.80   11.99  12.03  12.11  11.62  72.13  67.22  67.27  67.19
16:41:15  99.8   0.0   0.1   0.1   0.0   81  13800  20452 274.19   12.01  11.97  12.02  11.60  72.30  67.29  67.28  67.32
16:41:16  99.9   0.0   0.0   0.1   0.0   81  13644  20460 273.94   11.89  12.01  11.98  11.57  72.10  67.28  67.28  67.28
16:41:17  99.9   0.0   0.1   0.0   0.0   81  13765  20451 273.96   11.84  12.03  11.97  11.51  72.34  67.21  67.21  67.21
16:41:18  99.9   0.0   0.1   0.0   0.0   98  13488  20539 274.15   11.77  12.01  12.05  11.56  72.31  67.28  67.28  67.28
16:41:19 100.0   0.0   0.0   0.0   0.0   81  13819  20371 273.87   11.73  11.95  12.11  11.78  72.01  67.29  67.28  67.29
  Time    User  Nice   Sys  Idle    IO  Run Ctxt/s  IRQ/s  Watts    dram   dram   dram   dram  pkg-0  pkg-1  pkg-2  pkg-3
16:41:20  99.9   0.0   0.1   0.0   0.0   81  13868  20545 273.85   11.69  11.97  12.13  11.48  72.22  67.21  67.21  67.20
16:41:21 100.0   0.0   0.0   0.0   0.0   81  13366  20413 274.05   11.74  12.00  12.07  11.61  72.22  67.28  67.28  67.26
16:41:22  99.9   0.0   0.1   0.0   0.0   81  13894  20569 273.74   11.76  11.96  11.89  11.64  71.98  67.27  67.27  67.22
16:41:23  99.8   0.0   0.1   0.2   0.0   81  13742  20505 273.56   11.66  12.02  12.01  11.62  71.81  67.22  67.22  67.32
16:41:24 100.0   0.0   0.0   0.0   0.0   81  13495  20486 273.80   11.63  12.01  11.97  11.56  72.06  67.28  67.28  67.20
16:41:25  99.8   0.0   0.1   0.2   0.0   81  13944  20446 274.19   11.89  12.03  11.98  11.40  72.30  67.28  67.28  67.34
16:41:26  99.8   0.0   0.1   0.1   0.0   81  13823  20557 273.96   11.87  11.97  12.00  11.38  72.16  67.28  67.20  67.32
16:41:27  99.9   0.0   0.0   0.1   0.0   81  13378  20331 273.30   11.65  11.99  12.02  11.37  71.98  67.21  67.28  66.83
16:41:28  99.8   0.0   0.1   0.1   0.0   81  14020  20600 273.42   11.67  12.05  12.04  11.36  71.76  67.28  67.28  67.10
16:41:29  99.9   0.0   0.1   0.0   0.0   97  13476  20461 273.32   11.75  11.98  12.01  11.39  71.58  67.28  67.22  67.25
16:41:30  99.8   0.0   0.0   0.2   0.0   81  13606  20525 273.87   11.85  11.94  11.97  11.39  72.09  67.21  67.28  67.30
16:41:31  99.9   0.0   0.1   0.1   0.0   81  13896  20404 273.67   11.98  12.00  12.07  11.47  71.77  67.28  67.28  67.33
16:41:32 100.0   0.0   0.0   0.0   0.0   81  13498  20493 273.55   11.90  11.97  11.96  11.37  71.80  67.27  67.21  67.27
16:41:33  99.8   0.0   0.1   0.2   0.0   81  13743  20466 273.75   11.70  11.98  11.98  11.55  72.05  67.22  67.27  67.21
16:41:34  99.8   0.0   0.1   0.2   0.0   81  13912  20597 273.85   11.78  12.00  12.02  11.51  72.04  67.27  67.27  67.27
16:41:35 100.0   0.0   0.0   0.0   0.0   81  13433  20395 273.95   11.64  11.98  12.00  11.58  72.12  67.28  67.28  67.28
-------- ----- ----- ----- ----- ----- ---- ------ ------ ------  ------ ------ ------ ------ ------ ------ ------ ------
 Average  99.8   0.0   0.0   0.1   0.0 81.8 13723.4 20494.0 272.86   11.84  11.98  12.00  11.46  71.64  67.07  67.09  67.06
  StdDev   0.2   0.0   0.0   0.2   0.0  3.6  232.7   70.4   5.74    0.13   0.03   0.05   0.10   1.72   1.42   1.31   1.32
-------- ----- ----- ----- ----- ----- ---- ------ ------ ------  ------ ------ ------ ------ ------ ------ ------ ------
 Minimum  98.7   0.0   0.0   0.0   0.0 81.0 13340.0 20331.0 228.85   11.53  11.89  11.89  11.29  58.75  56.13  57.01  56.96
 Maximum 100.0   0.0   0.1   1.3   0.0 98.0 14638.0 20663.0 274.21   12.05  12.05  12.13  11.78  72.36  67.29  67.29  67.35
-------- ----- ----- ----- ----- ----- ---- ------ ------ ------  ------ ------ ------ ------ ------ ------ ------ ------
Summary:
CPU: 272.86 Watts on average with standard deviation 5.74  
Note: power read from RAPL domains: dram, dram, dram, dram, package-0, package-1, package-2, package-3.
These readings do not cover all the hardware in this device.

Histogram (of 60 power measurements)

  Range (Watts)   Count
228.852 - 233.386     1 
233.387 - 237.922     0 
237.923 - 242.457     0 
242.458 - 246.993     0 
246.994 - 251.528     0 
251.529 - 256.063     0 
256.064 - 260.599     0 
260.600 - 265.134     0 
265.135 - 269.670     0 
269.671 - 274.205    59 ########################################

Histogram (of 60 CPU utilization measurements)

  Range (%CPU)    Count
 98.750 -  98.874     1 #
 98.875 -  98.999     0 
 99.000 -  99.124     0 
 99.125 -  99.249     0 
 99.250 -  99.374     1 #
 99.375 -  99.499     1 #
 99.500 -  99.624     0 
 99.625 -  99.749     0 
 99.750 -  99.874    17 #################
 99.875 -  99.999    40 ########################################
