fnl@fnl-one:~$ powerstat -RDH
Running for 60.0 seconds (60 samples at 1.0 second intervals).
Power measurements will start in 0 seconds time.

  Time    User  Nice   Sys  Idle    IO  Run Ctxt/s  IRQ/s  Watts    dram   dram   dram   dram  pkg-0  pkg-1  pkg-2  pkg-3
16:13:23   0.4   0.0   0.1  99.4   0.0    1   1600    582 200.74   12.03  11.95  12.03  11.40  49.63  61.19  45.17  44.75
16:13:24   1.8   0.0   0.4  97.8   0.0    2   6422   1296 217.45   12.13  11.96  11.92  11.42  62.86  55.24  48.01  51.34
16:13:25   0.9   0.0   0.3  98.8   0.0    1   3097    732 206.84   12.06  12.01  12.01  11.61  62.45  50.91  47.78  45.70
16:13:26   0.5   0.0   0.1  99.4   0.0    1   1697    604 207.30   12.01  11.95  12.04  11.65  61.73  50.95  49.82  44.81
16:13:27   1.2   0.0   0.4  98.5   0.0    2   4036    770 212.49   12.10  12.01  11.98  11.82  66.15  51.37  49.77  45.21
16:13:28   0.7   0.0   0.3  99.0   0.0    1   2896    793 205.24   12.04  11.95  12.08  11.62  62.69  49.63  47.32  45.61
16:13:29   0.6   0.0   0.2  99.2   0.0    3   2271    589 200.42   12.04  12.01  12.00  11.65  62.00  46.93  44.86  46.62
16:13:30   0.6   0.0   0.2  99.2   0.0    2   2071    679 203.88   12.03  11.93  12.05  11.64  55.30  46.34  44.54  57.71
16:13:31   0.8   0.0   0.2  98.5   0.5    1   3148    775 209.99   12.07  11.96  11.98  11.66  57.81  51.21  45.36  55.61
16:13:32   0.6   0.0   0.2  99.2   0.0    1   2319    787 208.06   12.04  11.98  12.05  11.62  58.25  51.58  45.29  52.94
16:13:33   0.4   0.0   0.1  99.5   0.0    1   1650    533 210.25   11.92  11.95  12.03  11.55  62.58  51.52  44.76  51.38
16:13:34   0.5   0.0   0.1  99.4   0.0    1   1881    564 211.99   12.07  11.94  12.09  11.57  63.97  51.58  45.13  51.31
16:13:35   0.5   0.0   0.2  99.4   0.0    3   1856    551 216.07   12.00  11.97  12.01  11.69  67.77  51.55  45.45  51.30
16:13:36   0.4   0.0   0.1  99.5   0.0    1   1264    649 203.59   12.04  12.02  12.21  11.73  60.48  48.97  44.89  49.26
16:13:37   0.6   0.0   0.2  99.2   0.0    1   1908    542 200.19   12.05  12.01  12.25  11.65  63.04  46.54  45.84  44.76
16:13:38   0.4   0.0   0.1  99.5   0.0    2   1457    580 206.38   12.02  11.97  12.03  11.53  61.29  51.09  49.38  44.62
16:13:39   0.7   0.0   0.2  99.2   0.0    1   1947    578 206.42   12.03  12.04  12.05  11.57  63.44  53.45  44.75  44.78
16:13:40   0.4   0.0   0.2  99.4   0.0    1   1674    688 201.54   12.06  12.02  12.05  11.38  59.68  52.41  44.60  44.85
16:13:41   0.4   0.0   0.1  99.5   0.0    1   1538    470 193.93   11.95  11.94  11.98  11.40  58.21  46.31  44.90  44.51
16:13:42   0.6   0.0   0.2  99.2   0.0    1   1874    598 205.78   12.05  12.00  12.05  11.43  64.42  46.32  50.22  44.82
16:13:43   0.6   0.0   0.1  99.3   0.0    1   1544    558 206.64   12.04  11.98  12.01  11.41  63.01  46.31  52.51  44.82
16:13:44   0.3   0.0   0.1  99.7   0.0    1   1066    596 199.96   11.97  11.94  12.13  11.51  58.45  46.28  50.68  44.55
  Time    User  Nice   Sys  Idle    IO  Run Ctxt/s  IRQ/s  Watts    dram   dram   dram   dram  pkg-0  pkg-1  pkg-2  pkg-3
16:13:45   0.5   0.0   0.2  99.3   0.0    1   1346    522 199.36   12.01  12.06  12.14  11.51  60.40  46.31  47.55  45.10
16:13:46   0.6   0.0   0.2  99.3   0.0    1   1369    644 206.91   12.03  11.97  12.26  11.55  60.93  46.32  49.83  49.83
16:13:47   0.3   0.0   0.1  99.6   0.0    1    945    480 208.07   11.93  11.98  12.25  11.42  61.49  46.26  49.78  50.54
16:13:48   0.6   0.0   0.1  99.3   0.0    1   1535    830 205.68   12.07  11.92  12.10  11.36  58.98  46.36  50.03  50.31
16:13:49   0.5   0.0   0.1  99.3   0.0    1   1507    559 203.64   12.03  11.96  11.98  11.35  56.07  46.32  44.57  56.69
16:13:50   0.3   0.0   0.1  99.7   0.0    1    879    465 212.14   12.06  11.89  11.97  11.40  62.63  46.32  44.61  58.58
16:13:51   0.4   0.0   0.1  99.5   0.0    1   1373    527 212.65   11.97  11.91  11.98  11.39  63.24  46.26  44.56  58.59
16:13:52   0.5   0.0   0.1  99.4   0.0    3   1616    734 201.51   11.97  11.91  11.95  11.39  56.77  46.33  44.66  53.75
16:13:53   0.4   0.0   0.1  99.6   0.0    1    969    515 193.62   11.93  11.96  12.02  11.41  58.17  46.32  44.56  44.57
16:13:54   0.5   0.0   0.1  99.4   0.0    1   1350    646 197.02   12.05  11.94  12.01  11.35  61.49  46.27  44.52  44.74
16:13:55   0.4   0.0   0.1  99.5   0.0    2    974    453 196.28   12.01  12.01  11.99  11.31  60.53  46.31  44.68  44.76
16:13:56   0.3   0.0   0.1  99.6   0.0    1   1090    614 196.73   12.04  11.96  11.91  11.37  55.76  46.56  44.65  49.77
16:13:57   0.5   0.0   0.2  99.3   0.0    1   1304    514 201.14   12.04  11.95  12.03  11.35  58.70  47.83  44.74  49.87
16:13:58   0.3   0.0   0.1  99.6   0.0    1    844    456 194.12   12.05  11.94  11.99  11.33  58.65  46.27  44.51  44.68
16:13:59   0.4   0.0   0.2  99.4   0.0    1   1391    494 201.76   12.01  11.90  12.28  11.35  61.86  49.13  45.88  44.89
16:14:00   0.8   0.0   0.2  99.0   0.0    1   2602    791 203.57   12.02  11.96  12.20  11.33  61.47  48.36  46.87  46.88
16:14:01   0.3   0.0   0.1  99.6   0.0    1   1043    438 198.28   12.06  11.98  12.18  11.37  62.85  46.31  44.55  44.56
16:14:02   0.4   0.0   0.1  99.4   0.0    1   1307    564 204.25   11.97  11.99  12.02  11.41  65.57  46.28  47.59  44.82
16:14:03   0.5   0.0   0.2  99.3   0.0    1   1365    618 204.48   11.97  11.98  11.98  11.43  62.29  46.32  51.03  44.84
16:14:04   0.3   0.0   0.1  99.6   0.0    1   1154    562 198.71   12.00  12.01  12.01  11.41  60.28  46.34  47.38  44.71
16:14:05   1.1   0.0   0.3  98.6   0.0    1   3353    836 203.15   12.09  11.98  12.04  11.41  61.96  46.30  47.56  47.33
16:14:06   0.5   0.0   0.1  99.4   0.0    1   1414    463 203.64   11.94  11.97  12.06  11.35  62.77  46.28  49.78  44.80
  Time    User  Nice   Sys  Idle    IO  Run Ctxt/s  IRQ/s  Watts    dram   dram   dram   dram  pkg-0  pkg-1  pkg-2  pkg-3
16:14:07   0.3   0.0   0.1  99.6   0.0    1    993    507 200.27   12.02  11.94  12.00  11.42  59.22  46.32  49.83  44.89
16:14:08   0.5   0.0   0.1  99.4   0.0    1   1591    633 196.15   11.98  11.91  11.99  11.38  57.92  46.31  47.02  44.89
16:14:09   0.5   0.0   0.2  99.3   0.0    1   1468    587 195.95   12.04  12.00  12.05  11.36  57.78  46.27  44.57  47.33
16:14:10   0.3   0.0   0.1  99.6   0.0    1    892    422 200.18   11.97  11.97  12.03  11.34  64.12  46.31  44.55  45.20
16:14:11   0.5   0.0   0.1  99.4   0.0    1   1496    638 198.24   11.98  11.90  12.01  11.28  62.54  46.32  44.56  44.82
16:14:12   0.4   0.0   0.1  99.5   0.0   17   1387    612 197.75   12.00  11.96  12.08  11.34  62.14  46.27  44.58  44.76
16:14:13   1.0   0.0   0.2  98.8   0.0    1   2369    684 200.72   12.06  12.01  12.20  11.36  62.92  46.31  44.52  46.97
16:14:14   0.7   0.0   0.2  99.2   0.0    1   1877    542 200.87   12.06  11.97  12.00  11.39  64.42  46.31  44.56  45.58
16:14:15   0.9   0.0   0.2  98.9   0.0    2   2386    721 214.75   12.13  11.98  12.11  11.40  65.44  46.31  44.67  58.33
16:14:16   2.1   0.0   0.6  97.3   0.0    4   6133   1218 216.48   12.14  11.96  12.15  11.31  61.21  46.30  46.97  62.00
16:14:17   1.4   0.0   0.3  98.3   0.0    1   4093    901 219.08   12.09  11.98  12.11  11.30  58.59  49.27  49.81  61.42
16:14:18   0.7   0.0   0.2  99.2   0.0    3   2552    569 221.25   12.12  11.98  12.03  11.40  57.00  52.87  49.89  61.49
16:14:19   1.6   0.0   0.6  97.8   0.0    2   4981   1132 221.66   12.13  11.92  12.00  11.37  57.76  55.21  46.48  62.21
16:14:20   1.2   0.0   0.4  98.4   0.0    2   3631    918 212.98   12.08  11.96  12.03  11.35  52.76  53.41  47.47  59.35
16:14:21   0.4   0.0   0.1  99.5   0.0    2   1201    541 207.57   12.07  12.01  12.22  11.41  49.67  46.32  56.22  55.35
16:14:22   0.5   0.0   0.2  99.3   0.0    1   1978    574 211.40   12.03  11.94  12.23  11.36  48.19  46.27  61.78  55.16
-------- ----- ----- ----- ----- ----- ---- ------ ------ ------  ------ ------ ------ ------ ------ ------ ------ ------
 Average   0.6   0.0   0.2  99.2   0.0  1.6 1982.9  640.6 204.95   12.03  11.97  12.06  11.45  60.33  48.32  47.04  49.26
  StdDev   0.4   0.0   0.1   0.5   0.1  2.1 1170.7  175.2   6.89    0.05   0.04   0.09   0.12   3.84   3.12   3.20   5.60
-------- ----- ----- ----- ----- ----- ---- ------ ------ ------  ------ ------ ------ ------ ------ ------ ------ ------
 Minimum   0.3   0.0   0.1  97.3   0.0  1.0  844.0  422.0 193.62   11.92  11.89  11.91  11.28  48.19  46.26  44.51  44.51
 Maximum   2.1   0.0   0.6  99.7   0.5 17.0 6422.0 1296.0 221.66   12.14  12.06  12.28  11.82  67.77  61.19  61.78  62.21
-------- ----- ----- ----- ----- ----- ---- ------ ------ ------  ------ ------ ------ ------ ------ ------ ------ ------
Summary:
CPU: 204.95 Watts on average with standard deviation 6.89  
Note: power read from RAPL domains: dram, dram, dram, dram, package-0, package-1, package-2, package-3.
These readings do not cover all the hardware in this device.

Histogram (of 60 power measurements)

  Range (Watts)   Count
193.616 - 196.420     6 ##################
196.421 - 199.224     6 ##################
199.225 - 202.028    13 ########################################
202.029 - 204.833     8 ########################
204.834 - 207.637    10 ##############################
207.638 - 210.442     4 ############
210.443 - 213.246     6 ##################
213.247 - 216.050     1 ###
216.051 - 218.855     3 #########
218.856 - 221.659     3 #########

Histogram (of 60 CPU utilization measurements)

Range (%CPU)  Count
0.338 - 0.573    19 ##############################
0.574 - 0.810    25 ########################################
0.811 - 1.046     5 ########
1.047 - 1.282     3 ####
1.283 - 1.519     2 ###
1.520 - 1.755     3 ####
1.756 - 1.992     0 
1.993 - 2.228     2 ###
2.229 - 2.464     0 
2.465 - 2.701     1 #
