fnl@fnl-one:~$ powerstat -RDH
Running for 60.0 seconds (60 samples at 1.0 second intervals).
Power measurements will start in 0 seconds time.

  Time    User  Nice   Sys  Idle    IO  Run Ctxt/s  IRQ/s  Watts    dram   dram   dram   dram  pkg-0  pkg-1  pkg-2  pkg-3
16:15:18  50.5   0.0   0.1  49.4   0.0   41   2363  11174 264.72   11.98  12.00  12.19  11.45  68.19  65.54  65.53  65.46
16:15:19  51.7   0.0   0.5  47.8   0.0   43   5908  11717 266.03   12.10  12.05  12.22  11.46  69.19  65.51  65.61  65.73
16:15:20  50.6   0.0   0.2  49.2   0.0   43   2210  11150 266.19   11.99  11.99  12.05  11.39  69.04  65.74  65.72  65.70
16:15:21  51.4   0.0   0.3  48.3   0.0   42   4163  11204 265.74   12.06  11.98  12.16  11.41  69.82  65.32  65.31  65.29
16:15:22  52.3   0.0   0.5  47.2   0.0   43   7424  11581 265.40   12.16  12.04  12.37  11.46  68.71  65.59  65.63  65.47
16:15:23  51.1   0.0   0.3  48.5   0.0   43   4656  11319 262.12   12.08  11.96  12.18  11.55  65.59  65.61  65.42  65.50
16:15:24  51.8   0.0   0.4  47.8   0.0   42   5737  11403 266.34   12.11  11.97  12.04  11.42  70.53  65.40  65.40  65.01
16:15:25  51.3   0.0   0.3  48.4   0.0   42   3992  11243 266.76   12.09  12.03  12.10  11.57  69.76  65.93  65.64  65.44
16:15:26  51.5   0.0   0.3  48.2   0.0   42   4614  11287 265.66   12.12  12.02  12.00  11.60  68.11  66.80  65.37  65.39
16:15:27  50.8   0.0   0.2  49.0   0.0   41   2965  11149 263.81   12.03  11.96  12.12  11.79  65.89  67.21  65.51  65.19
16:15:28  51.6   0.0   0.4  48.0   0.0   41   5237  11409 267.28   12.10  12.01  12.21  11.74  69.74  66.85  65.45  65.24
16:15:29  50.2   0.0   0.1  49.8   0.0   41   1197  10875 265.13   12.04  11.91  12.16  11.45  68.01  66.27  65.48  65.37
16:15:30  50.6   0.0   0.2  49.2   0.0   41   1985  10978 266.20   11.95  11.98  12.33  11.42  69.75  65.54  65.55  65.35
16:15:31  51.0   0.0   0.2  48.9   0.0   41   2985  11016 265.94   12.03  11.94  12.61  11.44  69.44  65.51  65.51  65.48
16:15:32  51.6   0.0   0.3  48.2   0.0   41   4906  11269 265.98   12.05  12.01  12.13  11.42  69.65  65.52  65.44  65.37
16:15:33  51.4   0.0   0.3  48.3   0.0   41   4445  11196 266.20   12.09  12.00  12.26  11.45  69.72  65.54  65.54  65.40
16:15:34  51.5   0.0   0.3  48.1   0.0   43   4728  11207 265.99   11.96  11.97  12.25  11.44  69.41  65.53  65.53  65.52
16:15:35  51.3   0.0   0.3  48.4   0.0   41   4567  11312 263.87   11.99  11.95  12.36  11.41  67.47  65.63  65.30  65.48
16:15:36  51.1   0.0   0.2  48.7   0.0   57   4485  11285 264.53   12.02  11.97  12.32  11.41  68.01  65.58  65.54  65.40
16:15:37  51.1   0.0   0.3  48.7   0.0   41   3688  11204 264.47   11.99  12.00  12.30  11.44  67.84  65.55  65.54  65.55
16:15:38  50.7   0.0   0.2  49.1   0.0   41   2832  11134 264.37   12.04  12.02  12.07  11.34  67.83  65.65  65.56  65.34
16:15:39  51.9   0.0   0.4  47.7   0.0   43   6424  11389 266.83   12.09  11.97  12.24  11.42  70.02  65.63  65.60  65.58
  Time    User  Nice   Sys  Idle    IO  Run Ctxt/s  IRQ/s  Watts    dram   dram   dram   dram  pkg-0  pkg-1  pkg-2  pkg-3
16:15:40  51.2   0.0   0.3  48.5   0.0   41   4761  11432 261.11   12.07  11.95  12.17  11.39  63.41  66.92  65.39  65.39
16:15:41  50.7   0.0   0.2  49.1   0.0   41   3443  11353 265.57   12.03  11.98  12.27  11.41  67.44  67.17  65.56  65.40
16:15:42  50.9   0.0   0.2  49.0   0.0   41   3632  11299 264.29   11.97  12.00  12.58  11.34  66.89  66.76  65.48  65.17
16:15:43  50.8   0.0   0.2  49.1   0.0   41   3574  11186 264.23   12.02  11.96  12.37  11.35  66.70  66.53  65.52  65.48
16:15:44  50.6   0.0   0.2  49.2   0.0   41   3128  11281 265.20   12.04  11.98  12.32  11.40  67.49  66.89  65.57  65.25
16:15:45  50.9   0.0   0.3  48.9   0.0   43   3558  11287 266.90   12.10  11.95  12.29  11.40  69.61  66.66  65.31  65.31
16:15:46  50.6   0.0   0.1  49.3   0.0   41   2270  11076 264.67   12.00  11.91  12.07  11.38  67.21  66.46  65.51  65.49
16:15:47  51.3   0.0   0.3  48.4   0.0   42   4385  11235 267.07   12.09  12.02  12.25  11.50  70.02  65.78  65.64  65.64
16:15:48  51.7   0.0   0.5  47.8   0.0   42   5598  11441 266.40   12.14  11.91  12.18  11.42  69.81  65.86  65.41  65.32
16:15:49  51.1   0.0   0.2  48.7   0.0   41   3705  11304 265.27   12.08  11.97  12.16  11.38  68.34  65.88  65.51  65.55
16:15:50  50.7   0.0   0.2  49.2   0.0   41   2061  10968 265.65   12.01  11.95  12.11  11.43  69.45  65.54  65.33  65.34
16:15:51  50.6   0.0   0.1  49.3   0.0   57   1955  10932 265.35   11.97  12.01  12.10  11.39  68.89  65.47  65.53  65.46
16:15:52  50.9   0.0   0.2  49.0   0.0   41   2453  11013 266.36   12.03  12.00  12.12  11.41  69.80  65.54  65.54  65.49
16:15:53  50.7   0.0   0.2  49.1   0.0   41   1925  10942 267.20   11.99  11.90  12.05  11.36  70.80  65.54  65.47  65.39
16:15:54  50.6   0.0   0.1  49.3   0.0   41   2021  10853 266.72   12.01  12.00  12.15  11.40  70.25  65.47  65.55  65.46
16:15:55  51.0   0.0   0.2  48.7   0.0   41   2609  11026 266.27   12.04  11.92  12.16  11.40  69.79  65.54  65.53  65.41
16:15:56  51.2   0.0   0.3  48.6   0.0   45   3805  11155 266.50   12.00  11.96  12.05  11.39  69.82  65.60  65.60  65.48
16:15:57  51.3   0.0   0.3  48.4   0.0   43   4465  11356 265.55   12.05  11.93  11.88  11.41  69.21  65.45  65.45  65.44
16:15:58  51.7   0.0   0.5  47.8   0.0   57   5733  11475 266.49   12.14  11.99  12.00  11.35  69.87  65.50  65.50  65.62
16:15:59  51.5   0.0   0.5  48.1   0.0   43   5341  11534 264.39   12.08  12.00  11.97  11.33  67.61  65.60  65.61  65.57
16:16:00  51.5   0.0   0.4  48.1   0.0   41   4910  11648 263.28   12.01  11.96  12.00  11.42  67.07  65.51  65.46  65.24
16:16:01  51.3   0.0   0.3  48.3   0.0   41   5258  11733 263.06   12.11  12.00  12.12  11.60  66.57  65.49  65.54  65.46
  Time    User  Nice   Sys  Idle    IO  Run Ctxt/s  IRQ/s  Watts    dram   dram   dram   dram  pkg-0  pkg-1  pkg-2  pkg-3
16:16:02  50.8   0.0   0.2  48.9   0.0   41   3695  11388 264.87   12.00  12.04  11.96  11.64  68.44  65.55  65.50  65.39
16:16:03  51.3   0.0   0.2  48.5   0.0   42   4838  11371 263.96   12.06  11.99  12.09  11.36  67.26  65.60  65.52  65.58
16:16:04  51.9   0.0   0.5  47.7   0.0   42   6480  11482 266.26   12.13  11.93  12.05  11.47  69.79  65.50  65.57  65.39
16:16:05  50.9   0.0   0.3  48.8   0.0   43   3193  11227 265.04   11.97  12.03  12.09  11.45  68.53  65.68  65.45  65.37
16:16:06  51.9   0.0   0.4  47.7   0.0   41   5644  11359 266.18   12.09  11.97  12.14  11.52  70.09  65.46  65.39  65.24
16:16:07  50.5   0.0   0.1  49.3   0.0   57   2744  11172 264.04   12.01  11.89  12.19  11.55  67.77  65.52  65.54  65.20
16:16:08  50.5   0.0   0.1  49.4   0.0   41   2316  11185 266.30   11.99  12.03  12.15  11.75  69.32  66.07  65.54  65.37
16:16:09  51.4   0.0   0.4  48.2   0.0   43   5183  11284 266.41   12.08  12.00  12.13  11.66  69.83  65.51  65.50  65.57
16:16:10  51.6   0.0   0.4  48.1   0.0   41   5419  11425 265.07   12.06  11.99  12.11  11.69  67.84  66.38  65.54  65.32
16:16:11  50.7   0.0   0.1  49.1   0.0   41   3123  11218 264.43   12.07  12.00  12.14  11.69  67.38  66.45  65.48  65.12
16:16:12  51.2   0.0   0.3  48.5   0.0   41   4675  11422 264.57   12.07  12.03  12.21  11.73  67.08  66.90  65.54  65.05
16:16:13  51.5   0.0   0.4  48.1   0.0   41   5813  11571 266.12   12.01  11.98  12.02  11.61  68.55  67.02  65.51  65.03
16:16:14  50.6   0.0   0.1  49.3   0.0   41   3029  11101 266.34   12.07  11.98  11.96  11.50  68.53  66.99  65.54  65.27
16:16:15  50.7   0.0   0.2  49.1   0.0   41   3016  11167 262.55   12.02  11.97  12.06  11.68  66.15  65.58  65.35  65.47
16:16:16  51.5   0.0   0.3  48.1   0.0   42   5164  11318 266.16   12.11  11.98  12.16  11.75  69.39  65.64  65.64  65.49
16:16:17  50.5   0.0   0.1  49.4   0.0   41   1862  10937 262.50   12.04  11.98  11.98  11.60  66.31  65.43  65.38  65.38
-------- ----- ----- ----- ----- ----- ---- ------ ------ ------  ------ ------ ------ ------ ------ ------ ------ ------
 Average  51.1   0.0   0.3  48.6   0.0 42.6 3971.6 11261.0 265.30   12.05  11.98  12.16  11.48  68.50  65.90  65.50  65.40
  StdDev   0.5   0.0   0.1   0.6   0.0  3.9 1393.0  197.1   1.33    0.05   0.04   0.14   0.12   1.44   0.56   0.09   0.15
-------- ----- ----- ----- ----- ----- ---- ------ ------ ------  ------ ------ ------ ------ ------ ------ ------ ------
 Minimum  50.2   0.0   0.1  47.2   0.0 41.0 1197.0 10853.0 261.11   11.95  11.89  11.88  11.33  63.41  65.32  65.30  65.01
 Maximum  52.3   0.0   0.5  49.8   0.0 57.0 7424.0 11733.0 267.28   12.16  12.05  12.61  11.79  70.80  67.21  65.72  65.73
-------- ----- ----- ----- ----- ----- ---- ------ ------ ------  ------ ------ ------ ------ ------ ------ ------ ------
Summary:
CPU: 265.30 Watts on average with standard deviation 1.33  
Note: power read from RAPL domains: dram, dram, dram, dram, package-0, package-1, package-2, package-3.
These readings do not cover all the hardware in this device.

Histogram (of 60 power measurements)

  Range (Watts)   Count
261.108 - 261.725     1 ##
261.726 - 262.343     1 ##
262.344 - 262.960     2 #####
262.961 - 263.578     2 #####
263.579 - 264.196     4 ##########
264.197 - 264.813    10 #########################
264.814 - 265.431     8 ####################
265.432 - 266.049     9 ######################
266.050 - 266.666    16 ########################################
266.667 - 267.284     7 #################

Histogram (of 60 CPU utilization measurements)

 Range (%CPU)   Count
50.226 - 50.485     1 ###
50.486 - 50.746     8 #############################
50.747 - 51.007    11 ########################################
51.008 - 51.267     8 #############################
51.268 - 51.528     6 #####################
51.529 - 51.788     9 ################################
51.789 - 52.049     9 ################################
52.050 - 52.310     4 ##############
52.311 - 52.570     3 ##########
52.571 - 52.831     1 ###

