
ne:~$ powerstat -RDH
Running for 60.0 seconds (60 samples at 1.0 second intervals).
Power measurements will start in 0 seconds time.

  Time    User  Nice   Sys  Idle    IO  Run Ctxt/s  IRQ/s  Watts    dram   dram   dram   dram  pkg-0  pkg-1  pkg-2  pkg-3
16:17:08  99.6   0.0   0.1   0.3   0.0   81   1598  20631 273.10   12.00  12.02  12.05  11.41  71.36  67.30  67.26  67.17
16:17:09  99.7   0.0   0.1   0.1   0.0   82   3838  20756 274.29   12.05  11.95  12.08  11.40  72.25  67.48  67.28  67.28
16:17:10  99.3   0.0   0.1   0.6   0.0   82   1790  20519 273.40   12.03  11.97  12.12  11.43  71.55  67.30  67.28  67.26
16:17:11  99.3   0.0   0.1   0.5   0.0   97   1723  20742 273.12   11.98  12.01  12.15  11.39  71.36  67.28  67.21  67.27
16:17:12  99.6   0.0   0.1   0.3   0.0   97   3841  20779 274.05   12.14  12.01  12.09  11.34  72.28  67.30  67.27  67.20
16:17:13  99.0   0.0   0.1   1.0   0.0   83   2844  20587 274.02   12.08  11.97  12.06  11.37  71.84  67.60  67.26  67.31
16:17:14  99.3   0.0   0.1   0.6   0.0   83   2203  20608 274.36   12.15  12.01  12.00  11.33  72.23  67.45  67.23  67.45
16:17:15  99.7   0.0   0.2   0.2   0.0   82   1750  20646 273.96   12.07  11.96  11.96  11.35  71.80  67.61  67.28  67.28
16:17:16  99.5   0.0   0.1   0.4   0.0   82   3558  20804 274.57   12.14  11.98  11.96  11.41  72.20  67.87  67.29  67.22
16:17:17  99.1   0.0   0.1   0.8   0.0   81   2527  20594 273.55   12.06  12.03  11.97  11.41  71.67  67.41  67.21  67.26
16:17:18  99.5   0.0   0.1   0.4   0.0   82   3752  20594 275.19   11.98  11.96  12.02  11.39  72.30  68.34  67.28  67.27
16:17:19  99.6   0.0   0.1   0.3   0.0   81   2260  20708 275.05   12.04  12.02  12.02  11.41  72.38  68.08  67.28  67.31
16:17:20  99.6   0.0   0.1   0.3   0.0   83   2536  20622 274.86   12.07  11.92  12.06  11.35  72.52  67.80  67.27  67.27
16:17:21  99.0   0.0   0.0   1.0   0.0   81   1564  20440 275.07   12.02  11.95  12.01  11.38  71.80  68.81  67.22  67.24
16:17:22  99.6   0.0   0.1   0.3   0.0   82   3555  20652 274.83   12.00  11.96  11.97  11.33  72.20  68.14  67.28  67.21
16:17:23  99.7   0.0   0.2   0.1   0.0   81   2989  20597 275.61   12.04  11.98  11.98  11.43  72.27  68.80  67.27  67.27
16:17:24  99.5   0.0   0.1   0.4   0.0   81   2366  20664 275.05   11.98  11.95  12.07  11.37  71.84  68.71  67.21  67.29
16:17:25  99.8   0.0   0.1   0.1   0.0   81   1268  20555 275.23   11.90  11.96  12.14  11.36  71.73  69.02  67.28  67.21
16:17:26  99.8   0.0   0.1   0.1   0.0   83   1063  20535 275.26   11.95  11.96  11.98  11.39  71.70  69.00  67.28  67.28
16:17:27  99.6   0.0   0.0   0.4   0.0   81   1053  20609 274.93   11.99  12.00  12.04  11.36  71.29  69.17  67.24  67.23
16:17:28  99.3   0.0   0.1   0.5   0.0   81   2054  20600 275.19   12.03  11.99  12.04  11.39  71.73  68.97  67.25  67.24
16:17:29  99.7   0.0   0.1   0.2   0.0   83   1646  20404 275.18   12.03  11.97  12.11  11.40  71.61  69.01  67.28  67.28
  Time    User  Nice   Sys  Idle    IO  Run Ctxt/s  IRQ/s  Watts    dram   dram   dram   dram  pkg-0  pkg-1  pkg-2  pkg-3
16:17:30  99.7   0.0   0.1   0.2   0.0   97   1866  20757 274.95   12.00  11.98  12.00  11.37  71.48  68.94  67.21  67.32
16:17:31  99.5   0.0   0.1   0.4   0.0   97   3114  20690 275.42   12.09  12.03  12.01  11.30  71.93  68.98  67.29  67.22
16:17:32  99.5   0.0   0.1   0.4   0.0   81   3350  20718 275.59   12.03  11.96  11.96  11.39  72.02  68.91  67.28  67.38
16:17:33  99.3   0.0   0.1   0.5   0.0   82   3668  20843 275.41   12.07  11.95  11.95  11.44  71.86  68.89  67.21  67.44
16:17:34  99.2   0.0   0.1   0.8   0.0   82   2536  20796 275.21   12.04  11.95  12.10  11.44  71.43  68.97  67.28  67.53
16:17:35  99.7   0.0   0.1   0.2   0.0   83   3736  21050 275.75   12.11  11.98  12.36  11.36  71.96  69.01  67.28  67.50
16:17:36  99.6   0.0   0.1   0.2   0.0   81   2959  20827 275.65   12.03  12.00  12.26  11.33  72.14  69.00  67.21  67.30
16:17:37  99.3   0.0   0.1   0.5   0.0   83   2920  20801 275.51   12.08  12.01  12.09  11.40  71.83  69.14  67.31  67.23
16:17:38  99.6   0.0   0.0   0.3   0.0   83   2588  20761 274.99   12.11  11.97  12.13  11.48  71.44  68.96  67.25  67.34
16:17:39  99.3   0.0   0.1   0.6   0.0   82   1912  20561 275.01   11.97  11.98  12.36  11.35  71.48  69.01  67.21  67.31
16:17:40  99.6   0.0   0.1   0.3   0.0   82   2372  20757 274.93   12.06  12.02  12.11  11.36  71.28  68.92  67.27  67.46
16:17:41  99.8   0.0   0.2   0.0   0.0   82   3777  20895 275.39   12.18  12.05  12.05  11.33  71.61  69.00  67.29  67.49
16:17:42  99.4   0.0   0.2   0.5   0.0   82   3307  20868 275.67   12.08  12.02  12.26  11.28  72.13  69.00  67.28  67.26
16:17:43  99.1   0.0   0.1   0.8   0.0   81   2332  20434 275.13   12.08  11.96  12.23  11.34  71.67  68.95  67.22  67.29
16:17:44  99.1   0.0   0.1   0.8   0.0   82   2001  20679 275.09   11.99  12.01  12.13  11.35  71.55  69.01  67.27  67.25
16:17:45  99.2   0.0   0.3   0.6   0.0   83   3338  20557 275.55   12.07  12.01  12.01  11.30  72.10  69.01  67.22  67.21
16:17:46  99.1   0.0   0.1   0.8   0.0   81   2426  20687 275.23   12.01  12.00  12.22  11.38  71.73  68.95  67.28  67.28
16:17:47  98.9   0.0   0.2   0.9   0.0   82   1950  20486 274.93   11.99  12.01  12.51  11.41  71.40  69.01  67.28  67.25
16:17:48  99.6   0.0   0.0   0.4   0.0   82   1565  20529 274.78   11.99  12.00  12.22  11.33  71.39  69.01  67.21  67.17
16:17:49  99.3   0.0   0.2   0.5   0.0   81   3439  20665 275.78   12.13  11.91  12.39  11.32  72.20  68.94  67.28  67.36
16:17:50  99.5   0.0   0.1   0.4   0.0   81   2113  20736 275.19   12.08  12.00  12.25  11.36  71.65  68.99  67.27  67.27
16:17:51  99.6   0.0   0.1   0.3   0.0   82   2948  20527 275.32   12.09  12.02  12.16  11.41  71.88  69.02  67.22  67.21
  Time    User  Nice   Sys  Idle    IO  Run Ctxt/s  IRQ/s  Watts    dram   dram   dram   dram  pkg-0  pkg-1  pkg-2  pkg-3
16:17:52  99.7   0.0   0.1   0.2   0.0   82   3683  20822 275.75   12.09  11.98  12.38  11.39  72.21  68.99  67.28  67.27
16:17:53  99.6   0.0   0.1   0.3   0.0   81   2838  20535 275.44   12.08  12.05  12.39  11.30  71.92  68.95  67.29  67.29
16:17:54  99.5   0.0   0.1   0.4   0.0   81   3717  20896 275.51   12.18  11.88  12.35  11.37  71.78  69.25  67.24  67.24
16:17:55  98.6   0.0   0.1   1.3   0.0   82   1703  20584 274.65   12.02  11.96  12.41  11.35  70.84  69.25  67.28  67.28
16:17:56  98.5   0.0   0.1   1.4   0.0   82   1164  20511 274.78   12.00  12.04  12.19  11.35  71.33  68.89  67.28  67.28
16:17:57  98.6   0.0   0.1   1.3   0.0   81   2360  20518 275.41   12.02  11.99  12.01  11.37  72.00  68.97  67.22  67.23
16:17:58  98.8   0.0   0.1   1.1   0.0   83   2032  20672 275.22   12.09  11.98  12.16  11.37  71.75  68.99  67.24  67.24
16:17:59  99.3   0.0   0.1   0.6   0.0   85   3238  20470 275.60   12.07  12.00  12.15  11.32  72.09  68.94  67.29  67.28
16:18:00  99.2   0.0   0.2   0.6   0.0   83   4229  20714 275.91   12.06  12.01  12.18  11.38  72.34  69.02  67.27  67.28
16:18:01  99.1   0.0   0.1   0.8   0.0   82   2642  20523 275.40   12.06  12.00  12.37  11.37  71.84  69.02  67.28  67.27
16:18:02  99.4   0.0   0.1   0.5   0.0   81   2475  20659 275.37   12.11  12.00  12.29  11.38  71.85  68.93  67.21  67.38
16:18:03  98.6   0.0   0.3   1.1   0.0   97   3695  20783 275.73   12.12  12.00  12.24  11.40  71.87  69.26  67.30  67.29
16:18:04  98.9   0.0   0.2   0.9   0.0   82   2597  20828 275.01   12.05  12.02  12.35  11.38  71.53  68.97  67.25  67.25
16:18:05  98.6   0.0   0.2   1.3   0.0   83   3076  20621 275.19   12.10  11.89  12.34  11.32  71.59  68.98  67.27  67.35
16:18:06  99.0   0.0   0.2   0.8   0.0   81   3174  20894 275.26   12.11  12.01  12.22  11.38  71.90  68.94  67.22  67.21
16:18:07  98.9   0.0   0.1   1.0   0.0   82   2929  20743 275.50   12.08  11.93  12.19  11.35  71.72  69.08  67.25  67.44
-------- ----- ----- ----- ----- ----- ---- ------ ------ ------  ------ ------ ------ ------ ------ ------ ------ ------
 Average  99.3   0.0   0.1   0.5   0.0 83.2 2625.8 20667.4 275.03   12.05  11.98  12.15  11.37  71.81  68.68  67.26  67.29
  StdDev   0.3   0.0   0.1   0.3   0.0  4.3  810.0  134.0   0.63    0.06   0.04   0.14   0.04   0.33   0.60   0.03   0.08
-------- ----- ----- ----- ----- ----- ---- ------ ------ ------  ------ ------ ------ ------ ------ ------ ------ ------
 Minimum  98.5   0.0   0.0   0.0   0.0 81.0 1053.0 20404.0 273.10   11.90  11.88  11.95  11.28  70.84  67.28  67.21  67.17
 Maximum  99.8   0.0   0.3   1.4   0.0 97.0 4229.0 21050.0 275.91   12.18  12.05  12.51  11.48  72.52  69.26  67.31  67.53
-------- ----- ----- ----- ----- ----- ---- ------ ------ ------  ------ ------ ------ ------ ------ ------ ------ ------
Summary:
CPU: 275.03 Watts on average with standard deviation 0.63  
Note: power read from RAPL domains: dram, dram, dram, dram, package-0, package-1, package-2, package-3.
These readings do not cover all the hardware in this device.

Histogram (of 60 power measurements)

  Range (Watts)   Count
273.097 - 273.377     2 #####
273.378 - 273.659     2 #####
273.660 - 273.940     0 
273.941 - 274.221     3 ########
274.222 - 274.502     2 #####
274.503 - 274.783     4 ##########
274.784 - 275.064    11 #############################
275.065 - 275.345    15 ########################################
275.346 - 275.626    14 #####################################
275.627 - 275.907     7 ##################

Histogram (of 60 CPU utilization measurements)

  Range (%CPU)    Count
 98.600 -  98.739     3 ########
 98.740 -  98.879     1 ##
 98.880 -  99.019     3 ########
 99.020 -  99.159     4 ###########
 99.160 -  99.299     7 ####################
 99.300 -  99.439     4 ###########
 99.440 -  99.579    10 ############################
 99.580 -  99.719    14 ########################################
 99.720 -  99.859     9 #########################
 99.860 -  99.999     5 ##############
