Running for 60.0 seconds (60 samples at 1.0 second intervals).
Power measurements will start in 0 seconds time.

  Time    User  Nice   Sys  Idle    IO  Run Ctxt/s  IRQ/s Fork Exec Exit  Watts    dram   dram   dram  pkg-0  pkg-1  pkg-2
10:18:42   0.7   0.0   0.2  99.2   0.0    1   1053    392    0    0    0 192.78   12.02  11.95  11.96  67.27  63.29  62.21
10:18:43   0.7   0.0   0.2  99.1   0.0    1   1040    538    0    0    0 192.83   12.00  11.95  12.04  67.22  63.31  62.30
10:18:44   0.7   0.0   0.4  98.9   0.0    3   1063    438    0    0    3 193.23   12.02  11.99  12.01  67.36  63.67  62.19
10:18:45   0.4   0.0   0.2  99.5   0.0    1    539    491    0    0    0 192.78   11.95  12.02  11.97  67.38  63.39  62.01
10:18:46   0.6   0.0   0.3  99.1   0.0    1    955    380    0    0    0 193.06   11.99  12.03  12.03  67.29  63.69  62.08
10:18:47   0.3   0.0   0.1  99.6   0.0    1    565    507    0    0    0 191.99   11.94  11.97  12.01  67.33  62.61  62.05
10:18:48   0.0   0.0   0.0 100.0   0.0    1     64    307    0    0    0 192.72   11.96  12.03  12.05  67.28  63.44  62.00
10:18:49   0.0   0.0   0.0 100.0   0.0    1     79    410    0    0    0 192.87   12.00  11.98  11.96  67.28  63.53  62.06
10:18:50   0.0   0.0   0.0  99.9   0.1    1     60    272    0    0    0 192.64   11.91  11.98  11.97  67.22  63.36  62.06
10:18:51   0.0   0.0   0.0 100.0   0.0    1    154    443    0    0    0 192.32   12.01  11.98  12.01  67.27  63.06  61.99
10:18:52   0.0   0.0   0.0 100.0   0.0    1     50    265    0    0    0 192.72   11.97  11.97  11.90  67.28  63.38  62.06
10:18:53   0.0   0.0   0.0 100.0   0.0    1     60    405    0    0    0 192.84   11.98  11.98  11.94  67.21  63.57  62.06
10:18:54   0.0   0.0   0.0  99.9   0.0    1    282    276    0    0    0 192.87   11.94  12.00  11.96  67.27  63.60  62.00
10:18:55   0.0   0.0   0.0 100.0   0.0    1    129    457    0    0    0 192.67   11.96  11.98  11.95  67.28  63.33  62.06
10:18:56   0.0   0.0   0.0 100.0   0.0    1     62    265    0    0    0 192.78   11.97  11.97  11.98  67.21  63.51  62.06
10:18:57   0.0   0.0   0.0 100.0   0.0    1     60    433    0    0    0 192.89   12.00  12.01  11.96  67.28  63.61  62.00
10:18:58   0.0   0.0   0.0 100.0   0.0    1     52    267    0    0    0 192.87   11.96  11.98  11.99  67.27  63.54  62.05
10:18:59   0.0   0.0   0.0 100.0   0.0    1    121    431    0    0    0 192.06   11.96  12.04  12.01  67.28  62.71  62.06
10:19:00   0.6   0.0   0.3  99.1   0.0    1   1013    358    0    0    0 192.16   11.99  11.97  11.92  67.27  62.69  62.21
10:19:01   0.0   0.0   0.0 100.0   0.0    1     76    404    0    0    0 192.23   12.02  11.97  11.96  67.23  62.98  62.01
10:19:02   0.0   0.0   0.0 100.0   0.0    1     64    274    0    0    0 192.37   11.96  11.91  12.01  67.28  63.04  62.05
10:19:03   0.0   0.0   0.0 100.0   0.0    1    124    437    0    0    0 191.50   12.00  11.97  12.00  67.21  62.29  62.00
  Time    User  Nice   Sys  Idle    IO  Run Ctxt/s  IRQ/s Fork Exec Exit  Watts    dram   dram   dram  pkg-0  pkg-1  pkg-2
10:19:04   0.0   0.0   0.2  99.8   0.0    1     88    286    0    0    0 192.20   12.00  11.96  11.97  67.28  62.87  62.05
10:19:05   0.0   0.0   0.0 100.0   0.0    1     63    458    0    0    0 192.38   12.01  11.95  12.01  67.28  63.05  62.06
10:19:06   0.0   0.0   0.0 100.0   0.0    1     54    267    0    0    0 192.65   12.02  11.95  12.01  67.21  63.38  62.06
10:19:07   0.0   0.0   0.0 100.0   0.0    1    130    433    0    0    0 192.11   11.98  12.00  11.94  67.28  62.84  62.00
10:19:08   0.0   0.0   0.0 100.0   0.0    1     46    269    0    0    0 192.26   12.02  11.97  11.97  67.28  62.93  62.06
10:19:09   0.0   0.0   0.0 100.0   0.0    1     63    402    0    0    0 192.74   11.95  12.02  11.96  67.28  63.41  62.05
10:19:10   0.0   0.0   0.0 100.0   0.0    1     48    266    0    0    0 192.62   11.91  12.04  11.94  67.22  63.40  62.00
10:19:11   0.0   0.0   0.0 100.0   0.0    1    132    448    0    0    0 192.26   11.92  11.99  11.98  67.28  62.92  62.06
10:19:12   0.0   0.0   0.0 100.0   0.0    1     63    264    0    0    0 192.46   12.00  12.00  11.96  67.28  63.11  62.06
10:19:13   0.0   0.0   0.0 100.0   0.0    1     64    444    0    0    0 192.61   11.96  12.02  11.92  67.21  63.41  61.99
10:19:14   0.0   0.0   0.0 100.0   0.0    1    255    275    0    0    0 192.82   12.00  12.02  12.01  67.29  63.48  62.06
10:19:15   0.0   0.0   0.0 100.0   0.0    1    125    457    0    0    0 192.92   12.01  12.00  11.97  67.29  63.58  62.06
10:19:16   0.0   0.0   0.0 100.0   0.0    1     53    264    0    0    0 192.96   12.02  12.02  12.02  67.18  63.78  61.99
10:19:17   0.0   0.0   0.0 100.0   0.0    1     71    341    0    0    0 193.06   12.02  11.98  12.02  67.27  63.74  62.06
10:19:18   0.0   0.0   0.0 100.0   0.0    1     52    330    0    0    0 192.94   11.98  11.90  12.02  67.27  63.61  62.06
10:19:19   0.0   0.0   0.0 100.0   0.0    1    137    368    0    0    0 192.48   11.89  12.02  11.91  67.26  63.16  62.05
10:19:20   0.0   0.0   0.0 100.0   0.0    1    121    342    0    0    0 192.79   12.00  11.92  11.97  67.19  63.61  62.00
10:19:21   0.0   0.0   0.0 100.0   0.0    1    320    392    0    0    0 192.29   11.96  11.97  12.00  67.25  62.98  62.05
10:19:22   2.7   0.0   0.6  96.8   0.0    2   3399   1107   17    9   16 192.65   11.98  11.96  11.98  67.51  63.09  62.05
10:19:23   3.6   0.0   1.3  95.1   0.0    1   5854   1219    0    0    0 192.85   12.05  12.02  12.00  68.04  62.75  62.07
10:19:24   1.8   0.0   0.9  97.3   0.0    2   3741    761    2    0    1 192.97   12.02  12.00  11.93  67.74  63.12  62.11
10:19:25   1.7   0.0   0.5  97.8   0.0    1   2541    658    1    1    1 192.50   11.94  11.93  12.00  67.24  63.31  61.95
  Time    User  Nice   Sys  Idle    IO  Run Ctxt/s  IRQ/s Fork Exec Exit  Watts    dram   dram   dram  pkg-0  pkg-1  pkg-2
10:19:26   0.7   0.0   0.1  99.2   0.0    1    969    428    0    0    0 192.70   12.03  11.95  11.99  67.28  63.32  62.10
10:19:27   1.2   0.0   0.3  98.5   0.0    1   2181    583    0    0    0 192.58   11.91  11.96  11.95  67.29  63.29  61.99
10:19:28   1.1   0.0   0.5  98.3   0.0    1   2317    568    1    0    1 192.06   11.97  12.02  12.04  67.52  62.47  62.07
10:19:29   1.3   0.0   0.4  98.3   0.0    1   1912    552    0    0    0 192.69   12.01  11.98  11.88  67.63  63.00  62.05
10:19:30   1.8   0.0   0.6  97.6   0.0    1   3168    719    1    1    1 193.34   12.02  11.97  12.02  67.30  63.93  62.12
10:19:31   0.7   0.0   0.3  99.0   0.0    1   1426    526    0    0    0 192.21   11.94  11.95  11.97  67.24  62.75  62.22
10:19:32   1.4   0.0   0.4  98.3   0.0    1   2315    559    0    0    0 192.56   11.92  11.96  12.01  67.26  63.26  62.04
10:19:33   1.9   0.0   0.5  97.6   0.0    1   3467    675    0    0    0 192.64   11.90  11.97  12.03  67.27  63.31  62.06
10:19:34   0.8   0.0   0.2  99.0   0.0    1   1198    478    0    0    0 192.79   11.95  11.95  12.00  67.28  63.50  62.01
10:19:35   1.2   0.0   0.3  98.6   0.0    2   2208    582    0    0    0 192.98   11.98  12.02  11.98  67.22  63.71  62.05
10:19:36   1.6   0.0   0.4  98.0   0.0    2   2637    594    0    0    0 193.01   12.03  11.95  11.99  67.31  63.68  62.02
10:19:37   1.6   0.0   0.8  97.6   0.0    1   2920    759    2    2    2 193.22   11.96  12.01  12.01  67.46  63.53  62.23
10:19:38   0.5   0.0   0.1  99.4   0.0    1    931    445    0    0    0 192.94   11.91  11.97  11.98  67.21  63.66  62.07
10:19:39   0.3   0.0   0.1  99.6   0.0    1    607    438    0    0    1 192.82   12.03  12.03  11.95  67.29  63.53  62.00
10:19:40   1.5   0.0   0.4  98.1   0.0    3   2408    564    0    0    0 193.08   11.97  11.96  11.95  67.26  63.69  62.13
10:19:41   1.5   0.0   0.6  97.9   0.0    1   2684    627    0    0    0 192.66   11.91  11.97  12.00  67.28  63.16  62.23
-------- ----- ----- ----- ----- ----- ---- ------ ------ ---- ---- ---- ------  ------ ------ ------ ------ ------ ------
 Average   0.5   0.0   0.2  99.3   0.0  1.1  973.9  460.0  0.4  0.2  0.4 192.65   11.98  11.98  11.98  67.30  63.28  62.06
  StdDev   0.8   0.0   0.3   1.0   0.0  0.4 1264.4  184.8  2.2  1.2  2.1   0.35    0.04   0.03   0.04   0.14   0.35   0.07
-------- ----- ----- ----- ----- ----- ---- ------ ------ ---- ---- ---- ------  ------ ------ ------ ------ ------ ------
 Minimum   0.0   0.0   0.0  95.1   0.0  1.0   46.0  264.0  0.0  0.0  0.0 191.50   11.89  11.90  11.88  67.18  62.29  61.95
 Maximum   3.6   0.0   1.3 100.0   0.1  3.0 5854.0 1219.0 17.0  9.0 16.0 193.34   12.05  12.04  12.05  68.04  63.93  62.30
-------- ----- ----- ----- ----- ----- ---- ------ ------ ---- ---- ---- ------  ------ ------ ------ ------ ------ ------
Summary:
CPU: 192.65 Watts on average with standard deviation 0.35  
Note: power read from RAPL domains: dram, dram, dram, package-0, package-1, package-2.
These readings do not cover all the hardware in this device.

Histogram (of 60 power measurements)

  Range (Watts)   Count
191.498 - 191.681     1 ##
191.682 - 191.866     0 
191.867 - 192.051     1 ##
192.052 - 192.235     7 ################
192.236 - 192.420     6 ##############
192.421 - 192.605     5 ###########
192.606 - 192.790    17 ########################################
192.791 - 192.974    15 ###################################
192.975 - 193.159     5 ###########
193.160 - 193.344     3 #######

Histogram (of 60 CPU utilization measurements)

Range (%CPU)  Count
0.000 - 0.490    35 ########################################
0.491 - 0.981     7 ########
0.982 - 1.471     4 ####
1.472 - 1.962     5 #####
1.963 - 2.453     6 ######
2.454 - 2.944     1 #
2.945 - 3.435     1 #
3.436 - 3.926     0 
3.927 - 4.416     0 
4.417 - 4.907     1 #
