Running for 60.0 seconds (60 samples at 1.0 second intervals).
Power measurements will start in 0 seconds time.

  Time    User  Nice   Sys  Idle    IO  Run Ctxt/s  IRQ/s Fork Exec Exit  Watts    dram   dram   dram  pkg-0  pkg-1  pkg-2
10:19:42  54.5   0.0   0.4  45.1   0.0   34   2366   4871    0    0    0 195.27   12.06  11.97  11.96  67.83  64.17  63.26
10:19:43  53.9   0.0   0.2  45.9   0.0   17    758   4665    0    0    0 194.84   11.98  11.97  11.98  67.42  63.82  63.60
10:19:44  54.2   0.0   0.3  45.4   0.0   17   1699   4855    2    0    2 195.23   12.01  11.97  11.89  67.74  63.75  63.75
10:19:45  54.3   0.0   0.4  45.2   0.0   19   2358   4788    0    0    0 195.41   12.03  12.04  11.99  67.53  63.92  63.95
10:19:46  54.8   0.0   0.6  44.6   0.0   19   2397   4807    0    0    0 194.77   11.96  12.00  12.04  67.48  63.87  63.42
10:19:47  54.7   0.0   0.6  44.7   0.0   17   2535   4861    0    0    0 194.85   11.97  11.96  11.97  67.30  63.96  63.59
10:19:48  55.0   0.0   0.8  44.2   0.0   17   2710   5043    2    2    2 195.50   11.89  11.98  12.02  67.66  63.94  63.90
10:19:49  53.9   0.0   0.3  45.8   0.0   17    926   4667    0    0    0 195.38   11.97  12.00  12.06  67.85  63.80  63.73
10:19:50  53.6   0.0   0.1  46.3   0.0   17    484   4637    0    0    0 195.09   11.95  12.03  11.95  67.51  63.99  63.58
10:19:51  53.9   0.0   0.1  45.9   0.0   17    887   4697    0    0    0 195.51   11.91  12.05  11.91  67.83  64.09  63.59
10:19:52  53.9   0.0   0.1  46.0   0.0   17    826   4640    0    0    0 194.41   11.89  12.03  12.01  67.39  64.03  63.00
10:19:53  53.6   0.0   0.1  46.3   0.0   17    469   4619    0    0    0 194.49   11.97  12.00  12.01  67.29  63.96  63.25
10:19:54  53.9   0.0   0.2  45.9   0.0   17    888   4723    0    0    0 195.11   11.94  12.00  12.00  67.31  64.09  63.71
10:19:55  53.9   0.0   0.2  45.9   0.0   17    877   4686    0    0    0 195.07   12.01  12.03  12.00  67.51  63.92  63.64
10:19:56  53.9   0.0   0.2  45.9   0.0   18   1247   4677    0    0    0 194.92   11.94  12.00  11.95  67.41  63.96  63.56
10:19:57  56.8   0.0   1.7  41.4   0.0   17   6363   5249    0    0    0 196.50   12.02  12.04  11.98  68.47  64.03  64.01
10:19:58  54.5   0.0   0.4  45.1   0.0   17   2074   4749    0    0    0 195.46   11.98  12.06  11.97  67.63  64.14  63.70
10:19:59  54.3   0.0   0.5  45.3   0.0   17   1668   4849    3    2    2 195.16   11.93  12.00  12.02  67.94  63.89  63.33
10:20:00  54.3   0.0   0.4  45.3   0.0   33   1711   4736    0    0    0 195.46   12.00  11.95  12.02  68.19  63.88  63.39
10:20:01  53.9   0.0   0.2  45.9   0.0   17    715   4651    0    0    0 195.33   11.95  12.01  11.97  67.93  63.81  63.58
10:20:02  53.9   0.0   0.2  46.0   0.0   17    896   4679    0    0    0 195.17   11.95  11.97  11.95  67.44  64.04  63.68
10:20:03  53.7   0.0   0.1  46.3   0.0   18    583   4619    0    0    0 195.13   11.99  12.00  12.03  67.60  63.94  63.59
  Time    User  Nice   Sys  Idle    IO  Run Ctxt/s  IRQ/s Fork Exec Exit  Watts    dram   dram   dram  pkg-0  pkg-1  pkg-2
10:20:04  53.9   0.0   0.2  45.9   0.0   17    848   4698    0    0    0 195.17   11.94  11.98  12.01  67.47  63.96  63.74
10:20:05  53.9   0.0   0.1  46.0   0.0   17    856   4658    0    0    0 195.16   11.99  12.00  11.97  67.45  64.05  63.67
10:20:06  53.6   0.0   0.1  46.3   0.0   17    484   4589    0    0    0 194.77   12.01  12.02  12.02  67.42  63.93  63.42
10:20:07  53.9   0.0   0.1  46.0   0.0   17    864   4628    0    0    0 195.19   12.02  11.94  12.02  67.63  64.09  63.47
10:20:08  55.1   0.0   0.5  44.4   0.0   18   3014   4819    0    0    0 196.34   12.03  11.99  12.01  68.44  64.15  63.75
10:20:09  54.7   0.0   0.6  44.7   0.0   17   2337   4713    0    0    0 196.40   11.91  12.03  11.97  68.82  63.98  63.60
10:20:10  54.9   0.0   0.6  44.5   0.0   17   2826   4901    0    0    0 195.76   12.03  12.01  11.97  67.83  64.11  63.82
10:20:11  54.9   0.0   0.6  44.4   0.0   17   2648   4930    0    0    0 194.85   11.91  11.98  12.00  67.36  63.98  63.51
10:20:12  54.9   0.0   0.5  44.6   0.0   17   2417   5000    2    2    2 195.90   11.98  11.99  11.96  67.66  64.29  63.95
10:20:13  53.6   0.0   0.2  46.2   0.0   17    534   4613    0    0    0 195.26   11.99  11.98  12.02  67.64  63.85  63.78
10:20:14  54.0   0.0   0.2  45.8   0.0   17    904   4711    0    0    0 195.09   11.96  11.94  11.97  67.36  64.03  63.70
10:20:15  54.8   0.0   0.7  44.5   0.0   18   2866   4930    0    0    0 195.50   11.99  11.95  12.01  67.46  63.94  64.10
10:20:16  55.0   0.0   0.9  44.1   0.0   17   2829   4840    0    0    0 196.10   11.98  12.02  11.99  67.89  64.06  64.15
10:20:17  53.6   0.0   0.1  46.3   0.0   17    472   4635    0    0    0 195.11   11.95  11.97  12.03  67.53  63.93  63.65
10:20:18  53.9   0.0   0.1  46.0   0.0   17    853   4637    0    0    0 195.31   12.02  12.00  11.97  67.60  64.10  63.60
10:20:19  54.9   0.0   0.4  44.7   0.0   17   2552   4739    0    0    0 195.78   12.01  12.00  12.01  67.74  64.43  63.61
10:20:20  54.3   0.0   0.3  45.4   0.0   17   1598   4668    0    0    0 195.22   11.97  12.00  12.03  67.52  64.10  63.59
10:20:21  54.5   0.0   0.3  45.1   0.0   18   1838   4691    0    0    0 195.60   12.00  11.99  12.02  67.72  64.21  63.67
10:20:22  54.5   0.0   0.3  45.2   0.0   17   1486   4768    2    2    2 195.94   12.03  11.96  12.00  68.40  64.14  63.41
10:20:23  53.7   0.0   0.1  46.2   0.0   17    539   4610    0    0    0 195.31   12.01  12.00  11.98  67.77  63.94  63.59
10:20:24  55.1   0.0   0.6  44.3   0.0   19   3174   4824    0    0    0 196.25   11.91  12.03  12.01  68.30  64.21  63.75
10:20:25  56.1   0.0   1.5  42.4   0.0   17   4700   5118    0    0    0 196.43   12.00  11.96  12.00  68.88  63.98  63.57
  Time    User  Nice   Sys  Idle    IO  Run Ctxt/s  IRQ/s Fork Exec Exit  Watts    dram   dram   dram  pkg-0  pkg-1  pkg-2
10:20:26  54.3   0.0   0.2  45.5   0.0   17   1615   4588    0    0    0 195.12   12.00  12.01  11.97  67.52  64.08  63.52
10:20:27  54.4   0.0   0.3  45.3   0.0   17   1522   4877    2    2    2 195.32   12.04  11.97  12.02  67.55  64.23  63.54
10:20:28  53.6   0.0   0.1  46.2   0.0   17    506   4531    0    0    0 195.06   11.97  11.98  11.94  67.59  63.92  63.55
10:20:29  53.9   0.0   0.2  45.9   0.0   17    929   4678    0    0    0 195.14   11.98  12.01  12.02  67.57  64.01  63.56
10:20:30  53.9   0.0   0.3  45.9   0.0   17    874   4523    0    0    0 194.67   11.99  11.90  12.02  67.43  64.09  63.15
10:20:31  53.6   0.0   0.2  46.2   0.0   17    524   4623    0    0    0 194.62   12.00  11.96  11.94  67.41  64.01  63.21
10:20:32  53.9   0.0   0.3  45.8   0.0   17    855   4487    0    0    0 194.73   12.01  12.02  12.00  67.42  64.12  63.19
10:20:33  53.9   0.0   0.3  45.9   0.0   17    859   4691    0    0    0 195.12   12.01  11.91  12.00  67.64  63.91  63.58
10:20:34  53.7   0.0   0.1  46.2   0.0   17    547   4544    0    0    0 194.94   11.91  12.01  12.01  67.62  63.85  63.46
10:20:35  53.9   0.0   0.2  45.9   0.0   17    940   4717    0    0    0 195.22   11.98  11.96  11.97  67.89  63.83  63.49
10:20:36  53.9   0.0   0.2  45.9   0.0   17    844   4496    0    0    0 194.89   11.95  12.02  12.03  67.75  63.77  63.37
10:20:37  53.6   0.0   0.1  46.3   0.0   17    473   4609    0    0    0 195.19   11.96  11.97  12.02  67.73  63.86  63.59
10:20:38  53.7   0.0   0.0  46.3   0.0   17    500   4439    0    0    0 195.15   11.98  12.00  11.96  67.54  63.87  63.75
10:20:39  53.3   0.0   0.0  46.7   0.0   17    122   4631    0    0    0 194.83   12.01  12.00  12.00  67.51  63.78  63.53
10:20:40  53.4   0.0   0.0  46.6   0.0   17     71   4413    0    0    0 194.57   11.95  12.06  11.98  67.51  63.86  63.20
10:20:41  53.4   0.0   0.0  46.6   0.0   17     89   4586    0    0    0 194.78   11.95  11.96  12.03  67.87  63.86  63.05
-------- ----- ----- ----- ----- ----- ---- ------ ------ ---- ---- ---- ------  ------ ------ ------ ------ ------ ------
 Average  54.2   0.0   0.3  45.5   0.0 17.7 1455.8 4715.4  0.2  0.2  0.2 195.26   11.98  11.99  11.99  67.69  63.99  63.58
  StdDev   0.6   0.0   0.3   0.9   0.0  3.0 1148.7  156.3  0.7  0.6  0.6   0.48    0.04   0.03   0.03   0.34   0.14   0.23
-------- ----- ----- ----- ----- ----- ---- ------ ------ ---- ---- ---- ------  ------ ------ ------ ------ ------ ------
 Minimum  53.3   0.0   0.0  41.4   0.0 17.0   71.0 4413.0  0.0  0.0  0.0 194.41   11.89  11.90  11.89  67.29  63.75  63.00
 Maximum  56.8   0.0   1.7  46.7   0.0 34.0 6363.0 5249.0  3.0  2.0  2.0 196.50   12.06  12.06  12.06  68.88  64.43  64.15
-------- ----- ----- ----- ----- ----- ---- ------ ------ ---- ---- ---- ------  ------ ------ ------ ------ ------ ------
Summary:
CPU: 195.26 Watts on average with standard deviation 0.48  
Note: power read from RAPL domains: dram, dram, dram, package-0, package-1, package-2.
These readings do not cover all the hardware in this device.

Histogram (of 60 power measurements)

  Range (Watts)   Count
194.410 - 194.619     3 ######
194.620 - 194.828     6 ############
194.829 - 195.037     7 ##############
195.038 - 195.247    20 ########################################
195.248 - 195.456     8 ################
195.457 - 195.666     6 ############
195.667 - 195.875     2 ####
195.876 - 196.084     2 ####
196.085 - 196.294     2 ####
196.295 - 196.503     4 ########

Histogram (of 60 CPU utilization measurements)

 Range (%CPU)   Count
53.333 - 53.856    15 ##############################
53.857 - 54.381    20 ########################################
54.382 - 54.905    11 ######################
54.906 - 55.429     5 ##########
55.430 - 55.953     7 ##############
55.954 - 56.477     0 
56.478 - 57.001     0 
57.002 - 57.526     0 
57.527 - 58.050     1 ##
58.051 - 58.574     1 ##
