Running for 60.0 seconds (60 samples at 1.0 second intervals).
Power measurements will start in 0 seconds time.

  Time    User  Nice   Sys  Idle    IO  Run Ctxt/s  IRQ/s Fork Exec Exit  Watts    dram   dram   dram  pkg-0  pkg-1  pkg-2
10:20:42 100.0   0.0   0.0   0.0   0.0   32    269   7941    0    0    0 198.30   12.03  11.97  12.01  68.97  65.56  63.77
10:20:43 100.0   0.0   0.0   0.0   0.0   31    134   7771    0    0    0 198.31   11.98  11.98  12.01  69.02  65.48  63.82
10:20:44 100.0   0.0   0.0   0.0   0.0   31    163   7944    0    0    0 198.22   11.94  11.95  12.02  68.95  65.53  63.73
10:20:45 100.0   0.0   0.0   0.0   0.0   31     82   7753    0    0    0 198.37   12.01  11.98  12.02  69.02  65.54  63.81
10:20:46 100.0   0.0   0.0   0.0   0.0   31    158   7899    0    0    0 198.28   11.98  11.97  12.03  69.01  65.47  63.80
10:20:47 100.0   0.0   0.0   0.0   0.0   31     77   7748    0    0    0 198.21   11.92  11.97  12.00  68.95  65.52  63.74
10:20:48 100.0   0.0   0.0   0.0   0.0   31    110   7916    0    0    0 198.36   12.03  11.98  11.94  69.02  65.54  63.80
10:20:49 100.0   0.0   0.0   0.0   0.0   31     74   7738    0    0    0 198.30   12.00  12.04  12.01  69.02  65.47  63.81
10:20:50 100.0   0.0   0.0   0.0   0.0   31    144   7918    0    0    0 198.23   11.92  11.91  12.01  68.95  65.54  63.74
10:20:51 100.0   0.0   0.0   0.0   0.0   31    113   7787    0    0    0 198.36   11.95  12.00  11.92  69.02  65.54  63.80
10:20:52 100.0   0.0   0.0   0.0   0.0   31     80   7920    0    0    0 198.30   12.04  11.96  11.92  69.02  65.47  63.81
10:20:53 100.0   0.0   0.0   0.0   0.0   31     75   7736    0    0    0 198.31   11.97  12.00  12.02  68.95  65.54  63.82
10:20:54  99.9   0.0   0.1   0.0   0.0   31    431   8020    5    4    3 198.32   12.00  11.97  11.96  69.04  65.54  63.75
10:20:55 100.0   0.0   0.0   0.0   0.0   31    114   7783    0    0    0 198.29   12.01  12.00  12.01  69.01  65.47  63.81
10:20:56 100.0   0.0   0.0   0.0   0.0   31     96   7902    0    0    0 198.29   12.00  11.98  11.95  68.95  65.53  63.80
10:20:57 100.0   0.0   0.0   0.0   0.0   31     70   7742    0    0    0 198.31   11.98  11.96  11.97  69.02  65.54  63.75
10:20:58 100.0   0.0   0.0   0.0   0.0   31    142   7911    0    0    0 198.36   12.06  11.97  12.01  69.02  65.54  63.80
10:20:59 100.0   0.0   0.0   0.0   0.0   31     84   7775    0    0    0 198.23   11.94  12.01  11.94  68.96  65.47  63.80
10:21:00  98.9   0.0   0.0   1.1   0.0   31    911   8185    0    0    0 198.64   12.00  12.00  11.99  69.28  65.53  63.83
10:21:01 100.0   0.0   0.0   0.0   0.0   31    106   7751    0    0    0 198.33   12.00  11.98  12.00  69.03  65.55  63.75
10:21:02 100.0   0.0   0.0   0.0   0.0   31    142   7919    0    0    0 198.26   11.96  12.03  12.00  68.98  65.47  63.81
10:21:03 100.0   0.0   0.0   0.0   0.0   31     73   7730    0    0    0 198.37   11.96  11.95  11.97  69.03  65.54  63.80
  Time    User  Nice   Sys  Idle    IO  Run Ctxt/s  IRQ/s Fork Exec Exit  Watts    dram   dram   dram  pkg-0  pkg-1  pkg-2
10:21:04 100.0   0.0   0.0   0.0   0.0   31    139   7939    0    0    0 198.32   12.00  12.02  12.01  69.03  65.54  63.75
10:21:05 100.0   0.0   0.0   0.0   0.0   31    189   7795    0    0    2 198.45   11.97  11.96  12.00  69.16  65.46  63.83
10:21:06 100.0   0.0   0.0   0.0   0.0   31    150   7898    0    0    0 198.39   12.00  11.95  12.01  69.03  65.55  63.81
10:21:07 100.0   0.0   0.0   0.0   0.0   47    265   7815    0    0    0 198.33   11.95  12.03  11.94  69.05  65.53  63.75
10:21:08  99.4   0.0   0.1   0.5   0.0   31   1497   8082    0    0    0 198.82   12.06  12.01  11.99  69.19  65.52  64.11
10:21:09  99.8   0.0   0.0   0.2   0.0   31   1100   7861    0    0    0 198.67   11.99  11.98  11.99  69.17  65.68  63.83
10:21:10  99.5   0.0   0.0   0.5   0.0   31    893   8011    1    0    1 198.57   12.04  12.02  11.99  69.11  65.73  63.73
10:21:11 100.0   0.0   0.0   0.0   0.0   31    716   7749    0    0    0 198.54   11.98  11.99  11.95  69.25  65.48  63.81
10:21:12  99.9   0.0   0.1   0.0   0.0   31   1158   8063    0    0    0 198.83   11.95  11.99  12.05  69.34  65.55  63.93
10:21:13  98.5   0.0   0.1   1.4   0.0   31   2038   7995    1    1    1 198.78   12.02  11.98  11.96  69.01  65.55  64.22
10:21:14  99.5   0.0   0.1   0.4   0.0   31    809   7989    0    0    0 198.50   12.01  11.95  12.01  68.99  65.75  63.76
10:21:15 100.0   0.0   0.0   0.0   0.0   31    744   7832    0    0    0 198.51   11.95  12.01  12.01  69.04  65.66  63.81
10:21:16 100.0   0.0   0.0   0.0   0.0   31   1339   8020    0    0    0 198.57   12.01  12.01  12.00  69.01  65.82  63.74
10:21:17  98.9   0.0   0.2   0.9   0.0   32   2690   8073    0    0    0 199.04   12.01  11.95  12.03  69.53  65.69  63.82
10:21:18  99.5   0.0   0.1   0.4   0.0   31   2029   8146   16    0   16 198.63   12.01  11.97  12.00  69.17  65.48  63.99
10:21:19  99.4   0.0   0.1   0.5   0.0   31   1861   8030    1    1    0 198.90   11.98  11.97  12.01  69.11  65.53  64.26
10:21:20  99.8   0.0   0.1   0.1   0.0   31    708   7999    0    0    0 198.55   11.95  11.97  12.04  69.23  65.56  63.76
10:21:21 100.0   0.0   0.0   0.0   0.0   32    880   7958    0    0    0 198.57   12.00  12.01  11.96  69.20  65.50  63.86
10:21:22  98.9   0.0   0.2   0.9   0.0   33   2613   8414    0    0    0 199.00   12.01  12.02  12.01  69.57  65.52  63.91
10:21:23 100.0   0.0   0.0   0.0   0.0   32    411   8008    0    0    0 198.37   11.91  12.01  11.91  69.03  65.54  63.80
10:21:24  98.8   0.0   0.1   1.1   0.0   31   1943   8179    0    0    0 198.70   11.98  12.00  12.00  69.02  65.52  64.15
10:21:25  99.9   0.0   0.1   0.0   0.0   33    933   8080    0    0    0 198.47   11.97  12.01  11.97  69.04  65.48  63.95
  Time    User  Nice   Sys  Idle    IO  Run Ctxt/s  IRQ/s Fork Exec Exit  Watts    dram   dram   dram  pkg-0  pkg-1  pkg-2
10:21:26  99.9   0.0   0.1   0.0   0.0   32    953   8200    0    0    0 198.51   11.94  11.99  11.98  69.19  65.56  63.76
10:21:27 100.0   0.0   0.0   0.0   0.0   32    250   8014    0    0    0 198.22   11.96  12.02  11.99  68.95  65.46  63.80
10:21:28  98.7   0.0   0.1   1.2   0.0   31   1975   8175    0    0    0 198.80   11.99  11.97  12.03  69.21  65.56  64.03
10:21:29  99.3   0.0   0.0   0.7   0.0   31    411   7806    0    0    0 198.44   11.98  11.99  12.01  69.18  65.50  63.77
10:21:30 100.0   0.0   0.0   0.0   0.0   31    810   7986    0    0    0 198.50   11.97  11.96  11.99  69.23  65.46  63.81
10:21:31  99.9   0.0   0.1   0.0   0.0   32    737   7828    0    0    0 198.61   12.07  11.97  11.97  69.30  65.54  63.78
10:21:32  99.9   0.0   0.1   0.0   0.0   31    546   8000    0    0    0 198.51   12.01  12.03  12.04  69.14  65.51  63.85
10:21:33  99.4   0.0   0.1   0.6   0.0   31   1546   7967    0    0    0 198.47   11.99  12.00  12.01  69.11  65.61  63.75
10:21:34  99.9   0.0   0.1   0.0   0.0   31    785   8012    0    0    0 198.53   12.03  11.97  11.97  69.09  65.65  63.80
10:21:35  99.3   0.0   0.1   0.7   0.0   31   1288   7953    0    0    1 198.73   12.04  12.01  12.00  69.09  65.83  63.81
10:21:36  99.9   0.0   0.1   0.0   0.0   31    649   7978    0    0    0 198.47   12.00  11.98  11.98  69.00  65.74  63.74
10:21:37  99.4   0.0   0.0   0.6   0.0   31    382   7827    0    0    0 198.35   11.98  11.97  12.02  69.04  65.50  63.80
10:21:38  99.0   0.0   0.1   0.9   0.0   32   3380   8248    0    0    0 198.96   12.04  11.94  12.04  69.33  65.80  63.82
10:21:39  99.6   0.0   0.1   0.4   0.0   31   2072   8024    0    0    0 198.90   12.03  11.99  12.07  69.66  65.47  63.76
10:21:40  99.3   0.0   0.1   0.6   0.0   31   1555   8031    1    0    1 198.76   12.02  12.00  11.95  69.13  65.82  63.81
10:21:41  99.0   0.0   0.1   1.0   0.0   47   1608   7964    0    0    0 198.73   12.03  12.03  12.00  69.17  65.65  63.91
-------- ----- ----- ----- ----- ----- ---- ------ ------ ---- ---- ---- ------  ------ ------ ------ ------ ------ ------
 Average  99.7   0.0   0.0   0.2   0.0 31.7  795.0 7945.6  0.4  0.1  0.4 198.50   11.99  11.99  11.99  69.11  65.56  63.83
  StdDev   0.4   0.0   0.0   0.4   0.0  2.9  785.6  145.3  2.1  0.5  2.1   0.22    0.04   0.03   0.03   0.15   0.10   0.11
-------- ----- ----- ----- ----- ----- ---- ------ ------ ---- ---- ---- ------  ------ ------ ------ ------ ------ ------
 Minimum  98.5   0.0   0.0   0.0   0.0 31.0   70.0 7730.0  0.0  0.0  0.0 198.21   11.91  11.91  11.91  68.95  65.46  63.73
 Maximum 100.0   0.0   0.2   1.4   0.0 47.0 3380.0 8414.0 16.0  4.0 16.0 199.04   12.07  12.04  12.07  69.66  65.83  64.26
-------- ----- ----- ----- ----- ----- ---- ------ ------ ---- ---- ---- ------  ------ ------ ------ ------ ------ ------
Summary:
CPU: 198.50 Watts on average with standard deviation 0.22  
Note: power read from RAPL domains: dram, dram, dram, package-0, package-1, package-2.
These readings do not cover all the hardware in this device.

Histogram (of 60 power measurements)

  Range (Watts)   Count
198.212 - 198.294     9 #####################
198.295 - 198.376    17 ########################################
198.377 - 198.459     3 #######
198.460 - 198.542    10 #######################
198.543 - 198.624     5 ###########
198.625 - 198.707     4 #########
198.708 - 198.790     4 #########
198.791 - 198.872     3 #######
198.873 - 198.955     2 ####
198.956 - 199.038     3 #######

Histogram (of 60 CPU utilization measurements)

  Range (%CPU)    Count
 98.599 -  98.738     1 #
 98.739 -  98.878     2 ##
 98.879 -  99.018     1 #
 99.019 -  99.158     4 ####
 99.159 -  99.299     0 
 99.300 -  99.439     5 #####
 99.440 -  99.579     3 ###
 99.580 -  99.719     3 ###
 99.720 -  99.859     1 #
 99.860 -  99.999    40 ########################################
