fnl@fnl-one:~/nfv/v5.3$ powerstat -RDH
Running for 60.0 seconds (60 samples at 1.0 second intervals).
Power measurements will start in 0 seconds time.

  Time    User  Nice   Sys  Idle    IO  Run Ctxt/s  IRQ/s  Watts    dram   dram   dram   dram  pkg-0  pkg-1  pkg-2  pkg-3
21:19:28   1.1   0.0   1.5  97.4   0.0    3 529441  95042 259.04   12.03  11.91  11.93  11.43  69.40  63.83  62.07  63.75
21:19:29   1.8   0.0   1.7  96.5   0.0    3 530045  95025 259.64   12.05  12.03  11.98  11.37  70.00  63.78  62.06  63.80
21:19:30   1.0   0.0   1.7  97.4   0.0    3 528126  94862 258.95   12.01  11.97  11.93  11.31  69.40  63.81  62.00  63.74
21:19:31   1.1   0.0   1.5  97.4   0.0    3 528422  94954 259.02   12.01  11.96  11.84  11.43  69.34  63.81  62.06  63.80
21:19:32   1.3   0.0   1.8  96.9   0.0    6 528529  94940 259.13   12.00  11.95  11.83  11.32  69.50  63.77  62.07  63.79
21:19:33   1.0   0.0   1.4  97.5   0.0    1 528984  96379 258.92   12.00  11.95  11.86  11.32  69.37  63.82  62.00  63.73
21:19:34   0.9   0.0   1.6  97.5   0.0    3 525398 104402 258.97   11.96  12.01  11.95  11.58  69.17  63.81  62.15  63.85
21:19:35   1.0   0.0   1.7  97.3   0.0    3 528261 111732 259.05   11.99  11.95  11.90  11.66  69.44  63.77  62.08  63.75
21:19:36   1.6   0.0   1.8  96.6   0.0    3 528679 111218 259.63   12.04  11.96  11.98  11.50  69.98  63.84  62.00  63.80
21:19:37   0.9   0.0   1.5  97.6   0.0    2 527687  96599 258.89   11.97  11.95  12.00  11.41  69.27  63.82  62.07  63.73
21:19:38   1.1   0.0   1.6  97.4   0.0    1 528127  94777 259.09   12.00  11.94  12.00  11.54  69.45  63.76  62.08  63.80
21:19:39   1.1   0.0   1.6  97.3   0.0    3 528659  95022 259.06   11.96  11.95  11.94  11.47  69.42  63.84  62.00  63.80
21:19:40   1.1   0.0   1.5  97.5   0.0    3 528586  94919 259.19   11.96  11.97  11.89  11.66  69.58  63.82  62.06  63.73
21:19:41   1.0   0.0   1.7  97.3   0.0    2 529102  94898 259.03   12.00  11.85  11.88  11.65  69.39  63.76  62.07  63.81
21:19:42   1.4   0.0   1.8  96.8   0.0    3 529908  95045 259.57   11.95  11.96  11.87  11.69  69.78  63.83  62.16  63.79
21:19:43   1.3   0.0   1.6  97.1   0.0    5 528603  94852 259.18   11.98  12.00  11.65  11.53  69.54  63.83  62.00  63.80
21:19:44   1.1   0.0   1.6  97.3   0.0    4 528575  94949 258.95   12.01  11.92  11.87  11.59  69.39  63.77  62.06  63.73
21:19:45   1.0   0.0   1.5  97.6   0.0    2 528689  94891 259.02   11.99  11.96  11.72  11.50  69.30  63.84  62.07  63.80
21:19:46   1.3   0.0   2.3  96.4   0.0    2 518389  93607 259.17   12.04  11.93  11.82  11.50  69.18  63.79  62.45  63.76
21:19:47   1.2   0.0   2.1  96.6   0.0    2 520382  93875 259.04   12.03  12.01  11.92  11.56  69.09  63.82  62.33  63.80
21:19:48   1.1   0.0   2.1  96.9   0.0    5 520786  94016 259.09   12.03  12.01  11.90  11.83  69.11  63.81  62.36  63.80
21:19:49   3.1   0.0   3.3  93.6   0.0    5 500513  90766 260.64   12.11  12.01  11.71  11.85  69.80  63.83  63.29  63.73
  Time    User  Nice   Sys  Idle    IO  Run Ctxt/s  IRQ/s  Watts    dram   dram   dram   dram  pkg-0  pkg-1  pkg-2  pkg-3
21:19:50   1.0   0.0   1.6  97.5   0.0    2 527349  94769 258.95   12.01  11.98  11.84  11.74  69.30  63.79  62.03  63.83
21:19:51   1.1   0.0   1.7  97.3   0.0    3 528569  94743 259.03   12.00  11.94  11.68  11.50  69.48  63.75  62.06  63.74
21:19:52   1.0   0.0   1.5  97.5   0.0    2 528572  94840 259.13   11.95  12.03  11.88  11.47  69.41  63.83  62.09  63.80
21:19:53   1.1   0.0   1.9  97.0   0.0    3 520234  93538 259.01   12.05  11.98  11.89  11.53  69.08  63.78  62.41  63.74
21:19:54   1.4   0.0   2.0  96.7   0.0    3 517975  93397 259.12   11.99  12.05  11.94  11.47  69.02  63.85  62.51  63.75
21:19:55   1.4   0.0   2.2  96.4   0.0    2 516597  93219 259.26   12.09  11.93  11.93  11.52  69.01  63.77  62.64  63.83
21:19:56   2.0   0.0   2.4  95.6   0.0    2 509138  92532 259.70   12.04  11.95  11.94  11.60  69.17  63.75  63.05  63.73
21:19:57   1.2   0.0   1.9  96.9   0.0    3 518376  93347 259.17   11.97  12.00  11.82  11.69  69.01  63.82  62.53  63.81
21:19:58   1.2   0.0   1.9  97.0   0.0    2 521646  93939 259.02   11.97  12.05  11.95  11.55  69.10  63.83  62.30  63.79
21:19:59   1.0   0.0   1.7  97.3   0.0    3 524999  94187 258.92   12.04  12.00  11.92  11.57  69.19  63.76  62.23  63.74
21:20:00   1.4   0.0   1.9  96.7   0.0   23 518710  93299 259.27   12.07  12.02  11.88  11.57  69.07  63.83  62.57  63.80
21:20:01   1.1   0.0   1.8  97.1   0.0    4 517193  93312 258.99   11.96  11.97  11.93  11.54  69.03  63.79  62.40  63.77
21:20:02   2.6   0.0   2.9  94.6   0.0    5 496877  90490 260.12   12.01  11.95  11.90  11.48  69.03  63.80  63.60  63.69
21:20:03   1.1   0.0   1.9  97.0   0.0    1 517334  93077 259.15   12.02  12.00  11.84  11.48  69.05  63.83  62.47  63.79
21:20:04   1.6   0.0   2.4  96.0   0.0    4 510744  92692 259.42   12.00  11.94  11.97  11.49  69.01  63.79  62.87  63.75
21:20:05   1.3   0.0   1.9  96.8   0.0    3 517244  93145 259.13   12.02  11.98  11.96  11.39  69.10  63.81  62.45  63.77
21:20:06   0.9   0.0   2.0  97.1   0.0    2 519458  93476 259.11   12.00  11.93  11.97  11.39  69.12  63.79  62.46  63.75
21:20:07   1.0   0.0   1.8  97.1   0.0    4 520115  93628 258.99   11.97  12.02  11.87  11.48  69.03  63.80  62.38  63.78
21:20:08   1.2   0.0   2.0  96.8   0.0    6 517994  93486 259.22   11.95  12.05  11.83  11.52  68.98  63.84  62.59  63.80
21:20:09   1.4   0.0   2.1  96.5   0.0    2 516473  93183 259.26   12.00  12.03  11.90  11.41  69.07  63.78  62.59  63.82
21:20:10   1.1   0.0   1.9  97.0   0.0    3 520014  93733 258.98   12.03  11.98  11.98  11.37  69.02  63.83  62.40  63.72
21:20:11   1.5   0.0   2.1  96.4   0.0    7 512774  92668 259.49   11.97  12.03  11.95  11.43  69.07  63.86  62.72  63.83
  Time    User  Nice   Sys  Idle    IO  Run Ctxt/s  IRQ/s  Watts    dram   dram   dram   dram  pkg-0  pkg-1  pkg-2  pkg-3
21:20:12   1.2   0.0   1.9  96.9   0.1    2 520013  93862 258.99   12.05  11.93  11.86  11.49  69.05  63.80  62.37  63.77
21:20:13   1.1   0.0   2.1  96.7   0.0    2 517918  93394 259.15   11.96  12.03  11.76  11.67  69.06  63.81  62.50  63.79
21:20:14   1.1   0.0   1.7  97.3   0.0    2 520033  93742 258.91   11.91  11.99  11.84  11.54  68.98  63.79  62.40  63.73
21:20:15   2.0   0.0   2.8  95.3   0.0    5 503894  91712 260.05   12.05  11.97  11.87  11.62  69.26  63.81  63.18  63.79
21:20:16   1.9   0.0   2.5  95.7   0.0    5 505643  92061 259.86   11.96  11.98  11.65  11.47  69.13  63.81  63.16  63.76
21:20:17   1.0   0.0   1.7  97.3   0.0    7 519970  96670 259.02   12.03  11.97  11.93  11.86  69.01  63.81  62.41  63.79
21:20:18   1.4   0.0   1.9  96.6   0.0    2 514111 103899 259.19   11.99  11.98  11.92  11.82  68.98  63.83  62.60  63.78
21:20:19   1.6   0.0   2.0  96.5   0.0    4 512838 103496 259.50   12.06  12.00  11.95  11.78  69.07  63.82  62.81  63.80
21:20:20   1.1   0.0   1.9  97.0   0.0    4 519538  95447 259.00   12.00  12.01  11.88  11.87  69.05  63.82  62.41  63.72
21:20:21   1.2   0.0   1.8  97.0   0.0    2 520496  93624 258.89   12.02  12.00  11.73  11.60  68.99  63.76  62.33  63.80
21:20:22   1.8   0.0   2.5  95.8   0.0    5 510659  92610 259.58   12.04  11.96  11.71  11.53  69.06  63.81  62.91  63.80
21:20:23   1.0   0.0   1.8  97.1   0.0    2 520417  93762 259.02   12.01  11.92  11.80  11.56  69.04  63.81  62.40  63.78
21:20:24   1.1   0.0   1.9  96.9   0.0    2 518323  93466 259.13   12.06  11.98  11.76  11.58  69.03  63.83  62.50  63.77
21:20:25   0.9   0.0   1.9  97.2   0.0    2 521002  93808 258.88   12.03  12.00  11.88  11.44  68.99  63.78  62.37  63.74
21:20:26   1.4   0.0   2.3  96.3   0.0    4 515714  93316 259.28   12.00  12.00  11.47  11.68  69.08  63.81  62.62  63.77
21:20:27   1.2   0.0   2.1  96.7   0.0    2 518307  93425 259.20   12.03  11.94  11.44  11.57  69.11  63.84  62.51  63.73
-------- ----- ----- ----- ----- ----- ---- ------ ------ ------  ------ ------ ------ ------ ------ ------ ------ ------
 Average   1.3   0.0   1.9  96.8   0.0  3.5 520519.2 94996.1 259.21   12.01  11.98  11.86  11.55  69.22  63.81  62.41  63.77
  StdDev   0.4   0.0   0.4   0.7   0.0  2.9 7577.7 3936.1   0.33    0.04   0.04   0.11   0.13   0.25   0.03   0.35   0.03
-------- ----- ----- ----- ----- ----- ---- ------ ------ ------  ------ ------ ------ ------ ------ ------ ------ ------
 Minimum   0.9   0.0   1.4  93.6   0.0  1.0 496877.0 90490.0 258.88   11.91  11.85  11.44  11.31  68.98  63.75  62.00  63.69
 Maximum   3.1   0.0   3.3  97.6   0.1 23.0 530045.0 111732.0 260.64   12.11  12.05  12.00  11.87  70.00  63.86  63.60  63.85
-------- ----- ----- ----- ----- ----- ---- ------ ------ ------  ------ ------ ------ ------ ------ ------ ------ ------
Summary:
CPU: 259.21 Watts on average with standard deviation 0.33  
Note: power read from RAPL domains: dram, dram, dram, dram, package-0, package-1, package-2, package-3.
These readings do not cover all the hardware in this device.

Histogram (of 60 power measurements)

  Range (Watts)   Count
258.879 - 259.054    26 ########################################
259.055 - 259.231    18 ###########################
259.232 - 259.407     4 ######
259.408 - 259.583     5 #######
259.584 - 259.760     3 ####
259.761 - 259.936     1 #
259.937 - 260.112     1 #
260.113 - 260.289     1 #
260.290 - 260.465     0 
260.466 - 260.641     1 #

Histogram (of 60 CPU utilization measurements)

Range (%CPU)  Count
2.390 - 2.785    20 ########################################
2.786 - 3.182    17 ##################################
3.183 - 3.579    14 ############################
3.580 - 3.976     2 ####
3.977 - 4.372     4 ########
4.373 - 4.769     1 ##
4.770 - 5.166     0 
5.167 - 5.562     1 ##
5.563 - 5.959     0 
5.960 - 6.356     1 ##

