fnl@fnl-one:~/nfv/v5.3$ powerstat -RDH
Running for 60.0 seconds (60 samples at 1.0 second intervals).
Power measurements will start in 0 seconds time.

  Time    User  Nice   Sys  Idle    IO  Run Ctxt/s  IRQ/s  Watts    dram   dram   dram   dram  pkg-0  pkg-1  pkg-2  pkg-3
21:59:30   6.7   0.0  10.0  83.4   0.0    2 433571  92712 207.01   12.03  11.98  11.92  11.42  62.54  48.13  48.07  48.26
21:59:31   9.5   0.0  13.8  76.6   0.1    3 368052  83265 207.28   12.01  11.99  11.95  11.63  62.77  48.12  48.03  48.37
21:59:32   6.4   0.0  10.2  83.4   0.0    7 432453  92134 206.62   11.93  11.99  11.85  11.61  62.33  48.05  48.07  48.17
21:59:33   7.7   0.0  10.1  82.2   0.0    5 408222  88901 207.22   11.98  12.01  11.83  11.43  62.74  48.11  48.07  48.30
21:59:34  13.4   0.0  17.6  69.0   0.0   24 294416  75991 207.67   12.09  11.91  11.95  11.51  63.09  48.14  48.07  48.37
21:59:35   8.9   0.0  12.9  78.2   0.0    3 384568  87250 207.45   12.01  11.93  12.00  11.67  62.87  48.05  48.03  48.51
21:59:36   7.9   0.0  10.6  81.2   0.2    2 408123  89703 207.09   12.01  12.02  11.98  11.53  62.75  48.09  48.07  48.18
21:59:37  11.0   0.0  15.0  74.0   0.0    3 322731  77544 207.47   12.01  11.98  11.98  11.50  62.85  48.09  48.07  48.45
21:59:38   7.6   0.0  12.6  79.8   0.0    2 389109  87101 207.27   12.06  12.02  11.91  11.57  62.76  48.10  48.02  48.39
21:59:39   6.2   0.0   9.0  84.8   0.0    4 452162  93708 206.85   11.97  11.97  11.85  11.50  62.37  48.07  48.07  48.35
21:59:40  11.1   0.0  13.7  75.1   0.0    3 340439  80149 207.60   12.03  12.01  11.84  11.52  62.82  48.15  48.07  48.55
21:59:41  10.7   0.0  13.5  75.9   0.0    4 347442  82264 207.58   12.09  11.98  11.93  11.61  62.80  48.05  48.07  48.66
21:59:42  14.1   0.0  18.2  67.6   0.1   22 277197  75226 207.61   12.06  11.96  11.64  11.69  63.01  48.14  48.07  48.40
21:59:43  13.2   0.0  16.1  70.7   0.0   14 311160  77354 207.84   12.02  11.95  11.76  11.45  63.19  48.06  48.03  48.57
21:59:44   9.0   0.0  13.3  77.7   0.0    1 379712  85687 208.26   11.99  11.96  11.83  11.48  63.09  48.09  48.07  49.00
21:59:45   9.4   0.0  13.4  77.2   0.0    3 366998  84754 208.06   11.99  11.97  11.59  11.46  63.41  48.04  48.07  48.54
21:59:46   7.6   0.0  11.0  81.4   0.0    8 414819  91770 207.63   12.01  11.97  11.68  11.54  63.36  48.12  48.02  48.13
21:59:47   8.0   0.0  12.2  79.8   0.0    3 389231  87951 208.17   12.04  12.00  11.67  11.43  63.24  48.12  48.08  48.73
21:59:48   6.7   0.0  11.8  81.5   0.1    2 411454  90561 207.72   11.96  12.00  11.55  11.40  63.09  48.07  48.07  48.50
21:59:49  10.7   0.0  13.9  75.4   0.0   15 352499  84085 207.64   12.05  11.97  11.84  11.43  63.24  48.10  48.07  48.23
21:59:50  11.1   0.0  14.4  74.5   0.0    3 335269  78922 208.36   12.02  11.91  11.92  11.34  63.58  48.08  48.03  48.67
21:59:51   9.1   0.0  11.7  79.2   0.0    1 389381  87554 207.86   12.02  11.97  11.75  11.56  63.23  48.08  48.07  48.47
  Time    User  Nice   Sys  Idle    IO  Run Ctxt/s  IRQ/s  Watts    dram   dram   dram   dram  pkg-0  pkg-1  pkg-2  pkg-3
21:59:52  10.5   0.0  13.6  75.9   0.0   14 353159  83085 207.79   12.02  11.96  11.65  11.56  63.23  48.04  48.07  48.44
21:59:53   9.8   0.0  13.3  77.0   0.0    2 357299  82005 207.86   12.03  11.96  11.79  11.47  63.11  48.10  48.02  48.62
21:59:54   8.1   0.0  11.8  79.9   0.1    1 388359  87590 207.19   12.02  11.96  11.74  11.61  62.80  48.08  48.07  48.25
21:59:55   9.5   0.0  12.6  78.0   0.0   18 381958  85986 207.46   12.01  11.96  11.83  11.56  62.86  48.11  48.07  48.42
21:59:56   8.2   0.0  11.6  80.2   0.0    1 394403  88268 207.25   12.04  11.97  11.80  11.61  62.80  48.13  48.07  48.25
21:59:57   9.7   0.0  14.4  75.9   0.0   21 348029  82970 207.48   11.98  12.02  11.90  11.78  62.99  48.09  48.02  48.37
21:59:58  11.8   0.0  16.5  71.7   0.0   22 315624  76250 207.44   11.98  11.97  11.79  11.61  63.01  48.09  48.06  48.28
21:59:59  10.6   0.0  13.7  75.7   0.0   21 352462  83147 207.47   12.04  11.97  11.70  11.53  62.80  48.07  48.08  48.52
22:00:00  10.4   0.0  13.3  76.3   0.0   18 356980  85119 207.23   12.05  11.98  11.54  11.51  62.76  48.09  48.07  48.31
22:00:01  10.2   0.0  14.3  75.4   0.1   22 354375  82796 207.76   11.97  12.06  11.64  11.66  63.14  48.10  48.02  48.51
22:00:02   8.3   0.0  10.5  81.3   0.0    9 417274  92037 207.35   12.03  11.91  11.83  11.59  62.74  48.13  48.07  48.42
22:00:03   6.6   0.0  10.4  83.0   0.0    1 433747  94489 207.10   11.95  12.00  11.94  11.61  62.56  48.21  48.07  48.26
22:00:04   9.4   0.0  12.4  78.2   0.0   21 380679  85873 207.62   12.04  12.01  11.93  11.50  62.76  48.32  48.07  48.47
22:00:05   8.5   0.0  11.2  80.4   0.0    3 397236  89049 207.59   11.93  12.01  11.83  11.37  63.25  48.10  48.02  48.23
22:00:06   9.8   0.0  12.9  77.3   0.0    8 370457  85877 207.61   12.03  12.04  11.98  11.42  63.27  48.07  48.03  48.24
22:00:07  11.8   0.0  15.2  72.8   0.1   21 331263  80669 208.14   12.03  11.96  11.91  11.39  63.29  48.14  48.09  48.63
22:00:08   8.4   0.0  11.5  80.1   0.0    5 394779  88916 207.51   11.98  12.02  11.84  11.40  62.70  48.10  48.07  48.64
22:00:09   8.4   0.0  11.9  79.7   0.0    3 388289  87120 207.50   11.98  11.97  11.89  11.47  63.11  48.06  48.02  48.30
22:00:10  11.1   0.0  16.2  72.7   0.0    1 328281  81056 207.64   12.01  11.96  11.99  11.38  63.20  48.11  48.06  48.26
22:00:11   6.8   0.0   9.7  83.5   0.0    2 433043  94051 207.24   11.89  11.97  12.00  11.46  62.90  48.11  48.08  48.15
22:00:12   7.6   0.0  11.4  80.8   0.2    2 410984  90722 207.00   12.06  11.96  11.97  11.56  62.69  48.04  48.02  48.25
22:00:13  13.3   0.0  16.5  70.1   0.0    3 301311  75102 207.42   12.04  12.01  12.00  11.72  62.96  48.11  48.07  48.28
  Time    User  Nice   Sys  Idle    IO  Run Ctxt/s  IRQ/s  Watts    dram   dram   dram   dram  pkg-0  pkg-1  pkg-2  pkg-3
22:00:14  11.7   0.0  15.2  73.1   0.0   10 331966  80734 207.75   12.00  11.97  11.96  11.74  63.17  48.07  48.06  48.44
22:00:15  10.7   0.0  14.2  75.1   0.0    1 340697  81716 207.48   12.04  12.00  11.97  11.52  62.90  48.05  48.08  48.44
22:00:16  12.0   0.0  16.0  72.0   0.0   17 311429  76977 207.70   12.04  11.97  11.83  11.74  63.19  48.08  48.02  48.40
22:00:17   8.4   0.0  12.9  78.6   0.1    2 382241  87845 207.81   12.03  11.97  11.95  11.58  62.95  48.08  48.07  48.71
22:00:18   7.3   0.0  10.6  82.1   0.0    2 410997  90617 207.23   11.97  11.92  11.98  11.55  62.59  48.10  48.06  48.47
22:00:19   7.8   0.0  11.3  80.8   0.0    7 407884  89434 207.97   11.98  11.97  11.97  11.57  63.12  48.05  48.07  48.74
22:00:20   6.7   0.0   9.1  84.2   0.0    4 429838  91521 207.95   11.87  12.02  11.95  11.71  63.28  48.10  48.02  48.55
22:00:21  10.1   0.0  12.9  77.0   0.0    1 370608  85263 207.73   12.01  11.97  11.96  11.68  62.97  48.12  48.06  48.57
22:00:22  10.6   0.0  14.7  74.6   0.1    2 343421  80865 207.77   12.04  11.96  11.96  11.73  63.18  48.07  48.07  48.44
22:00:23   9.1   0.0  13.2  77.7   0.0    6 365116  83479 207.48   11.99  11.96  12.00  11.74  62.90  48.08  48.05  48.45
22:00:24   9.1   0.0  13.4  77.5   0.0    1 367257  84824 207.35   12.02  12.02  11.95  11.84  62.85  48.10  48.04  48.37
22:00:25  11.6   0.0  15.0  73.4   0.0    3 320947  78534 207.83   11.99  12.04  11.94  11.85  63.55  48.07  48.07  48.15
22:00:26   9.3   0.0  13.1  77.6   0.1    8 371407  86305 207.60   12.01  12.03  12.02  11.81  63.15  48.08  48.01  48.35
22:00:27   7.1   0.0  10.0  82.9   0.0    3 433233  99202 207.21   11.98  11.99  11.92  11.83  62.90  48.09  48.07  48.14
22:00:28  11.3   0.0  15.8  72.9   0.0    4 323560  82111 207.47   11.93  11.95  11.95  11.72  63.03  48.11  48.06  48.27
22:00:29   9.3   0.0  12.7  78.1   0.0   11 361689  86554 207.64   11.96  11.96  11.85  11.63  63.27  48.08  48.03  48.26
-------- ----- ----- ----- ----- ----- ---- ------ ------ ------  ------ ------ ------ ------ ------ ------ ------ ------
 Average   9.4   0.0  13.0  77.5   0.0  7.2 371188.2 85379.1 207.55   12.01  11.98  11.87  11.57  62.98  48.10  48.06  48.41
  StdDev   1.9   0.0   2.1   4.0   0.0  7.2 39779.9 5314.1   0.33    0.04   0.03   0.12   0.13   0.26   0.04   0.02   0.18
-------- ----- ----- ----- ----- ----- ---- ------ ------ ------  ------ ------ ------ ------ ------ ------ ------ ------
 Minimum   6.2   0.0   9.0  67.6   0.0  1.0 277197.0 75102.0 206.62   11.87  11.91  11.54  11.34  62.33  48.04  48.01  48.13
 Maximum  14.1   0.0  18.2  84.8   0.2 24.0 452162.0 99202.0 208.36   12.09  12.06  12.02  11.85  63.58  48.32  48.09  49.00
-------- ----- ----- ----- ----- ----- ---- ------ ------ ------  ------ ------ ------ ------ ------ ------ ------ ------
Summary:
CPU: 207.55 Watts on average with standard deviation 0.33  
Note: power read from RAPL domains: dram, dram, dram, dram, package-0, package-1, package-2, package-3.
These readings do not cover all the hardware in this device.

Histogram (of 60 power measurements)

  Range (Watts)   Count
206.617 - 206.790     1 ###
206.791 - 206.964     1 ###
206.965 - 207.138     4 ############
207.139 - 207.313     9 ###########################
207.314 - 207.487    12 ####################################
207.488 - 207.661    13 ########################################
207.662 - 207.836    10 ##############################
207.837 - 208.010     5 ###############
208.011 - 208.184     3 #########
208.185 - 208.359     2 ######

Histogram (of 60 CPU utilization measurements)

 Range (%CPU)   Count
15.163 - 16.889     5 ################
16.890 - 18.615     5 ################
18.616 - 20.341    12 ########################################
20.342 - 22.068     6 ####################
22.069 - 23.794    10 #################################
23.795 - 25.520    10 #################################
25.521 - 27.246     5 ################
27.247 - 28.973     3 ##########
28.974 - 30.699     2 ######
30.700 - 32.425     2 ######
