Running for 60.0 seconds (60 samples at 1.0 second intervals).
Power measurements will start in 0 seconds time.

  Time    User  Nice   Sys  Idle    IO  Run Ctxt/s  IRQ/s Fork Exec Exit  Watts    dram   dram  pkg-0  pkg-1
10:21:48   1.3   0.0   0.4  98.3   0.0    1    988    505    0    0    0 130.09   11.95  11.93  67.30  62.79
10:21:49   1.8   0.0   0.4  97.7   0.0    1   1711    525    0    0    0 129.92   11.94  11.94  67.36  62.56
10:21:50   1.4   0.0   0.6  98.0   0.0    1   1823    519    0    0    3 129.86   11.99  12.01  67.36  62.50
10:21:51   0.4   0.0   0.3  99.4   0.0    1    619    408    0    0    0 130.09   12.03  11.99  67.32  62.77
10:21:52   1.0   0.0   0.2  98.6   0.2    1   1002    409    0    0    0 130.32   11.90  12.00  67.48  62.84
10:21:53   0.7   0.0   0.3  99.1   0.0    1   1020    410    0    0    0 129.73   11.91  12.02  67.52  62.21
10:21:54   0.6   0.0   0.2  99.2   0.0    1    690    420    0    0    0 129.39   12.03  12.02  67.34  62.04
10:21:55   2.2   0.0   0.8  97.0   0.0    1   2194    608    0    0    1 129.92   11.96  12.05  67.60  62.31
10:21:56   1.2   0.0   0.4  98.4   0.0    2   1607    468    0    0    0 129.79   12.04  11.96  67.44  62.35
10:21:57   1.5   0.0   0.8  97.7   0.0    1   1849    927    0    0    0 129.74   12.02  12.00  67.36  62.37
10:21:58   2.4   0.0   0.9  96.7   0.0    1   2901    630    2    0    2 130.07   12.03  12.06  67.51  62.55
10:21:59   1.9   0.0   0.4  97.7   0.0    1   2419    557    0    0    0 130.10   11.97  11.99  67.24  62.87
10:22:00   2.9   0.0   0.9  96.0   0.2    1   3439    693    2    0    2 130.35   11.99  12.01  67.44  62.91
10:22:01   2.8   0.0   1.0  96.3   0.0    1   3663    731    0    0    0 130.20   11.97  12.06  67.85  62.35
10:22:02   1.6   0.0   0.4  98.0   0.0    1   2013    588    4    0    4 129.76   12.02  12.00  67.37  62.39
10:22:03   4.2   0.0   0.9  94.9   0.0    3   4836    840    4    0    4 130.30   12.04  11.99  67.24  63.06
10:22:04   3.1   0.0   1.1  95.9   0.0    1   2922    702    3    1    3 130.23   11.99  11.92  67.51  62.72
10:22:05   0.7   0.0   0.3  99.0   0.0    1   1004    442    0    0    0 129.61   11.95  12.01  67.50  62.10
10:22:06   0.5   0.0   0.2  99.3   0.0    1    636    393    0    0    0 129.56   12.02  12.00  67.32  62.24
10:22:07   1.1   0.0   0.2  98.8   0.0    1    965    433    0    0    0 129.52   12.02  11.96  67.23  62.29
10:22:08   1.7   0.0   0.5  97.7   0.1    1   2387    500    0    0    0 129.98   11.91  11.97  67.29  62.69
10:22:09   2.6   0.0   0.8  96.6   0.0    2   4012    639    0    0    0 130.21   12.00  11.99  67.34  62.86
  Time    User  Nice   Sys  Idle    IO  Run Ctxt/s  IRQ/s Fork Exec Exit  Watts    dram   dram  pkg-0  pkg-1
10:22:10   1.6   0.0   0.5  97.9   0.0    1   1695    503    0    0    0 129.85   11.96  11.92  67.23  62.61
10:22:11   2.7   0.0   0.5  96.7   0.0    3   2897    617    0    0    0 130.21   12.07  11.97  67.29  62.92
10:22:12   2.7   0.0   0.7  96.6   0.0    1   2744    620    1    1    0 130.21   12.07  11.99  67.39  62.82
10:22:13   2.1   0.0   0.5  97.4   0.0    1   1664    543    0    0    0 130.51   11.99  12.04  67.25  63.26
10:22:14   1.5   0.0   0.5  98.0   0.0    1   1613    493    1    0    0 130.40   11.94  11.97  67.29  63.10
10:22:15   1.7   0.0   0.3  98.0   0.0    1   1240    501    0    0    0 130.11   12.02  12.02  67.29  62.82
10:22:16   1.9   0.0   0.5  97.7   0.0    2   1955    545    1    0    1 130.01   12.04  11.99  67.29  62.72
10:22:17   1.3   0.0   0.3  98.4   0.0    1   1014    448    0    0    0 130.05   11.99  12.01  67.21  62.84
10:22:18   0.7   0.0   0.2  99.1   0.0    1   1040    400    0    0    0 130.18   11.95  11.97  67.28  62.90
10:22:19   1.0   0.0   0.3  98.7   0.0    2   1011    518    0    0    0 129.71   12.04  12.01  67.39  62.32
10:22:20   0.6   0.0   0.2  99.0   0.2    1    515    374    0    0    0 129.76   12.04  12.01  67.19  62.57
10:22:21   0.6   0.0   0.3  99.1   0.0    1   1066    430    0    0    0 129.76   12.02  12.05  67.28  62.47
10:22:22   0.8   0.0   0.1  99.1   0.0    2    996    403    0    0    0 130.05   12.00  12.01  67.28  62.77
10:22:23   0.6   0.0   0.1  99.2   0.0    1    599    421    0    0    0 129.45   12.03  11.97  67.21  62.24
10:22:24   0.9   0.0   0.3  98.9   0.0    1   1034    404    0    0    0 129.64   11.99  11.97  67.28  62.36
10:22:25   0.9   0.0   0.1  99.0   0.0    3    940    409    0    0    0 129.84   12.02  12.02  67.28  62.56
10:22:26   0.6   0.0   0.2  99.2   0.0    1    599    377    0    0    0 129.73   11.94  12.02  67.28  62.45
10:22:27   0.8   0.0   0.3  98.9   0.0    1   1057    407    0    0    0 130.20   12.01  11.99  67.21  62.99
10:22:28   0.0   0.0   0.0  99.9   0.1    1     60    319    0    0    0 129.65   11.97  12.00  67.28  62.36
10:22:29   0.0   0.0   0.0 100.0   0.0    1     66    360    0    0    0 129.76   11.98  12.00  67.28  62.49
10:22:30   0.0   0.0   0.0 100.0   0.0    1     74    326    0    0    0 130.17   12.01  11.91  67.21  62.96
10:22:31   0.0   0.0   0.0 100.0   0.0    1     75    338    0    0    0 129.84   11.92  11.97  67.27  62.57
  Time    User  Nice   Sys  Idle    IO  Run Ctxt/s  IRQ/s Fork Exec Exit  Watts    dram   dram  pkg-0  pkg-1
10:22:32   0.0   0.0   0.0 100.0   0.0    1     52    311    0    0    0 130.17   11.91  11.96  67.28  62.89
10:22:33   0.0   0.0   0.0 100.0   0.0    1     60    333    0    0    0 129.89   11.92  11.96  67.21  62.69
10:22:34   0.0   0.0   0.1 100.0   0.0    1     86    345    0    0    0 129.58   11.97  12.00  67.28  62.31
10:22:35   0.0   0.0   0.0 100.0   0.0    1     76    348    0    0    0 129.94   12.00  11.94  67.27  62.66
10:22:36   0.0   0.0   0.0 100.0   0.0    1     51    311    0    0    0 129.35   11.96  11.95  67.27  62.08
10:22:37   0.0   0.0   0.0 100.0   0.0    1     68    329    0    0    0 129.36   11.91  12.04  67.21  62.15
10:22:38   0.0   0.0   0.0 100.0   0.0    1     74    345    0    0    0 129.32   11.96  11.92  67.28  62.04
10:22:39   0.0   0.0   0.0 100.0   0.0    1     76    339    0    0    0 129.38   11.98  12.03  67.28  62.10
10:22:40   0.0   0.0   0.0 100.0   0.0    1     50    314    0    0    0 129.49   11.96  11.96  67.21  62.28
10:22:41   0.0   0.0   0.0 100.0   0.0    1     58    330    0    0    0 129.87   12.00  11.88  67.28  62.60
10:22:42   0.0   0.0   0.0 100.0   0.0    1     72    323    0    0    0 130.57   11.96  11.97  67.28  63.29
10:22:43   0.0   0.0   0.0 100.0   0.0    1     84    342    0    0    0 130.41   12.01  11.90  67.22  63.19
10:22:44   0.0   0.0   0.1 100.0   0.0    1     62    326    0    0    0 130.33   11.92  12.04  67.28  63.05
10:22:45   0.0   0.0   0.0 100.0   0.0    1     65    341    0    0    0 130.24   11.92  11.89  67.27  62.97
10:22:46   0.0   0.0   0.1 100.0   0.0    1     72    344    0    0    0 130.37   11.97  12.03  67.28  63.09
10:22:47   0.0   0.0   0.0 100.0   0.0    1     72    337    0    0    0 129.57   11.91  11.98  67.21  62.37
-------- ----- ----- ----- ----- ----- ---- ------ ------ ---- ---- ---- ------  ------ ------ ------ ------
 Average   1.0   0.0   0.3  98.7   0.0  1.2 1162.2  457.0  0.3  0.0  0.3 129.93   11.98  11.99  67.32  62.61
  StdDev   1.0   0.0   0.3   1.3   0.0  0.5 1143.5  136.2  0.9  0.2  0.9   0.32    0.04   0.04   0.11   0.33
-------- ----- ----- ----- ----- ----- ---- ------ ------ ---- ---- ---- ------  ------ ------ ------ ------
 Minimum   0.0   0.0   0.0  94.9   0.0  1.0   50.0  311.0  0.0  0.0  0.0 129.32   11.90  11.88  67.19  62.04
 Maximum   4.2   0.0   1.1 100.0   0.2  3.0 4836.0  927.0  4.0  1.0  4.0 130.57   12.07  12.06  67.85  63.29
-------- ----- ----- ----- ----- ----- ---- ------ ------ ---- ---- ---- ------  ------ ------ ------ ------
Summary:
CPU: 129.93 Watts on average with standard deviation 0.32  
Note: power read from RAPL domains: dram, dram, package-0, package-1.
These readings do not cover all the hardware in this device.

Histogram (of 60 power measurements)

  Range (Watts)   Count
129.317 - 129.441     5 ######################
129.442 - 129.567     4 #################
129.568 - 129.692     5 ######################
129.693 - 129.817     9 ########################################
129.818 - 129.943     9 ########################################
129.944 - 130.068     5 ######################
130.069 - 130.193     7 ###############################
130.194 - 130.319     8 ###################################
130.320 - 130.444     6 ##########################
130.445 - 130.569     2 ########

Histogram (of 60 CPU utilization measurements)

Range (%CPU)  Count
0.000 - 0.510    20 ########################################
0.511 - 1.021    11 ######################
1.022 - 1.532     6 ############
1.533 - 2.043     6 ############
2.044 - 2.554     7 ##############
2.555 - 3.065     2 ####
3.066 - 3.576     4 ########
3.577 - 4.087     2 ####
4.088 - 4.598     1 ##
4.599 - 5.109     1 ##
