Running for 60.0 seconds (60 samples at 1.0 second intervals).
Power measurements will start in 0 seconds time.

  Time    User  Nice   Sys  Idle    IO  Run Ctxt/s  IRQ/s Fork Exec Exit  Watts    dram   dram  pkg-0  pkg-1
10:22:48  55.0   0.0   0.0  44.9   0.0   12    164   3309    0    0    0 132.11   11.99  12.02  68.27  63.85
10:22:49  55.0   0.0   0.0  45.0   0.0   12    110   3265    0    0    0 131.25   11.97  11.97  67.45  63.79
10:22:50  55.0   0.0   0.0  45.0   0.0   12    138   3268    0    0    0 131.22   11.92  11.94  67.38  63.83
10:22:51  55.0   0.0   0.0  45.0   0.0   12    112   3266    0    0    0 131.17   11.86  12.00  67.36  63.81
10:22:52  55.0   0.0   0.0  45.0   0.0   12     78   3276    0    0    0 131.04   11.98  11.98  67.28  63.76
10:22:53  55.0   0.0   0.0  44.9   0.1   12     94   3258    0    0    0 131.09   12.02  12.01  67.28  63.81
10:22:54  55.0   0.0   0.1  45.0   0.0   12    156   3304    0    0    0 131.13   12.02  12.02  67.30  63.83
10:22:55  55.0   0.0   0.0  45.0   0.0   12     70   3200    0    0    0 131.05   11.97  12.03  67.21  63.83
10:22:56  55.0   0.0   0.0  45.0   0.0   12     74   3245    0    0    0 131.05   11.96  11.96  67.28  63.77
10:22:57  55.0   0.0   0.0  45.0   0.0   12     75   3251    0    0    0 131.13   11.96  12.02  67.28  63.84
10:22:58  55.0   0.0   0.0  45.0   0.0   12    119   3255    0    0    0 131.04   11.95  11.98  67.21  63.83
10:22:59  55.0   0.0   0.0  45.0   0.0   12     68   3237    0    0    0 131.05   11.97  12.00  67.28  63.77
10:23:00  56.0   0.0   0.2  43.8   0.0   12    967   3351    0    0    0 131.36   11.94  12.00  67.54  63.82
10:23:01  55.0   0.0   0.1  44.8   0.1   12    113   3282    0    0    0 131.16   11.98  11.98  67.31  63.85
10:23:02  55.0   0.0   0.0  45.0   0.0   12    114   3258    0    0    0 130.98   11.97  11.92  67.22  63.76
10:23:03  55.0   0.0   0.0  45.0   0.0   12     87   3264    0    0    0 131.12   11.95  11.98  67.28  63.84
10:23:04  55.0   0.0   0.1  45.0   0.0   12    101   3251    0    0    0 131.12   11.98  12.01  67.29  63.83
10:23:05  55.4   0.0   0.1  44.5   0.0   13   1128   3376    2    2    1 131.27   11.91  11.94  67.42  63.85
10:23:06  61.0   0.0   0.9  38.1   0.0   13   1992   4316   15    7   15 131.66   11.92  12.01  67.77  63.89
10:23:07  62.6   0.0   1.9  35.5   0.0   13   6723   4125    1    0    0 132.72   11.99  12.05  68.72  64.00
10:23:08  58.0   0.0   0.9  41.1   0.0   12   3327   3767    8    0    8 131.98   12.01  11.97  68.13  63.85
10:23:09  57.0   0.0   0.4  42.5   0.1   12   1727   3585    9    1    8 131.62   11.96  11.97  67.79  63.83
  Time    User  Nice   Sys  Idle    IO  Run Ctxt/s  IRQ/s Fork Exec Exit  Watts    dram   dram  pkg-0  pkg-1
10:23:10  55.8   0.0   0.3  43.9   0.0   12    971   3356    0    0    0 131.27   11.98  11.96  67.51  63.76
10:23:11  55.6   0.0   0.1  44.2   0.0   13    854   3309    0    0    0 131.56   11.99  12.03  67.62  63.94
10:23:12  55.7   0.0   0.3  43.9   0.1   12    527   3287    0    0    0 131.10   11.98  11.96  67.36  63.75
10:23:13  55.9   0.0   0.3  43.8   0.0   12    956   3340    0    0    0 131.36   12.01  11.96  67.54  63.82
10:23:14  61.1   0.0   2.6  36.4   0.0   12   6522   3917    0    0    0 132.80   12.06  12.02  68.80  64.00
10:23:15  57.6   0.0   0.8  41.7   0.0   14   2197   3501    0    0    0 131.85   12.00  12.00  67.63  64.22
10:23:16  57.6   0.0   0.8  41.6   0.0   12   2195   3493    0    0    0 131.86   11.97  11.98  67.52  64.34
10:23:17  55.8   0.0   0.3  44.0   0.0   13    816   3320    0    0    0 131.35   11.95  11.99  67.53  63.82
10:23:18  55.5   0.0   0.1  44.4   0.0   12    542   3357    0    0    0 131.21   11.97  11.97  67.38  63.83
10:23:19  55.9   0.0   0.2  43.9   0.0   12    923   3322    0    0    0 131.35   12.01  12.00  67.37  63.98
10:23:20  55.8   0.0   0.2  44.0   0.0   12    852   3275    0    0    0 131.38   11.97  11.98  67.51  63.88
10:23:21  55.5   0.0   0.2  44.4   0.0   12    527   3311    0    0    0 131.20   11.90  11.99  67.39  63.82
10:23:22  55.9   0.0   0.2  43.9   0.0   12    870   3336    0    0    0 131.38   12.01  12.04  67.54  63.84
10:23:23  55.8   0.0   0.2  44.0   0.0   12    881   3363    0    0    1 131.42   11.99  11.99  67.54  63.88
10:23:24  55.5   0.0   0.3  44.2   0.0   12    475   3354    0    0    0 131.24   11.98  12.01  67.33  63.92
10:23:25  55.8   0.0   0.5  43.7   0.0   12    867   3370    0    0    0 131.34   12.04  11.96  67.34  64.00
10:23:26  55.8   0.0   0.3  43.8   0.1   14    915   3298    0    0    0 131.38   12.00  12.01  67.35  64.03
10:23:27  55.1   0.0   0.1  44.8   0.0   12     84   3246    0    0    0 131.16   12.00  12.06  67.22  63.94
10:23:28  55.0   0.0   0.0  45.0   0.0   12     72   3224    0    0    0 131.06   11.93  11.97  67.28  63.78
10:23:29  55.0   0.0   0.0  45.0   0.0   12     85   3256    0    0    0 131.12   11.98  11.98  67.29  63.83
10:23:30  55.0   0.0   0.0  45.0   0.0   12    108   3299    0    0    0 131.15   11.85  12.02  67.28  63.86
10:23:31  55.0   0.0   0.0  45.0   0.0   12     74   3274    0    0    0 131.11   11.97  12.01  67.21  63.90
  Time    User  Nice   Sys  Idle    IO  Run Ctxt/s  IRQ/s Fork Exec Exit  Watts    dram   dram  pkg-0  pkg-1
10:23:32  55.0   0.0   0.0  45.0   0.0   12     62   3281    0    0    0 131.07   11.96  12.00  67.28  63.79
10:23:33  55.0   0.0   0.0  45.0   0.0   12     68   3282    0    0    0 131.15   11.91  12.00  67.28  63.87
10:23:34  55.0   0.0   0.1  44.9   0.0   12    157   3326    0    0    0 131.05   11.97  11.97  67.23  63.82
10:23:35  55.0   0.0   0.0  45.0   0.0   12     74   3311    0    0    0 131.06   12.02  12.00  67.29  63.77
10:23:36  55.0   0.0   0.0  45.0   0.0   12     64   3296    0    0    0 131.13   11.97  12.01  67.29  63.85
10:23:37  55.0   0.0   0.0  45.0   0.0   12     66   3296    0    0    0 131.13   11.98  12.02  67.28  63.85
10:23:38  55.0   0.0   0.0  45.0   0.0   12    113   3311    0    0    0 130.97   11.95  12.00  67.21  63.76
10:23:39  55.0   0.0   0.0  45.0   0.0   12     74   3320    0    0    0 131.11   12.00  12.00  67.29  63.83
10:23:40  55.0   0.0   0.0  45.0   0.0   12    106   3346    0    0    1 131.12   11.90  12.00  67.28  63.84
10:23:41  55.0   0.0   0.0  45.0   0.0   12     68   3325    0    0    0 131.05   11.98  12.01  67.22  63.83
10:23:42  57.0   0.0   0.7  42.3   0.0   13   2395   3542    0    0    1 131.64   11.97  11.99  67.47  64.17
10:23:43  60.0   0.0   2.3  37.8   0.0   12   5066   3831    0    0    0 132.80   12.01  12.03  68.38  64.42
10:23:44  55.4   0.0   0.2  44.4   0.0   12    456   3399    0    0    0 131.24   12.02  11.98  67.29  63.96
10:23:45  55.8   0.0   0.2  44.0   0.0   12    835   3377    0    0    0 131.47   12.00  12.02  67.41  64.06
10:23:46  55.8   0.0   0.2  43.9   0.1   12    844   3365    0    0    0 131.40   11.97  11.97  67.28  64.12
10:23:47  55.4   0.0   0.1  44.5   0.0   12    440   3335    0    0    0 131.23   11.97  12.03  67.28  63.95
-------- ----- ----- ----- ----- ----- ---- ------ ------ ---- ---- ---- ------  ------ ------ ------ ------
 Average  55.9   0.0   0.3  43.9   0.0 12.2  845.6 3374.3  0.6  0.2  0.6 131.34   11.97  11.99  67.46  63.89
  StdDev   1.6   0.0   0.5   2.1   0.0  0.5 1397.9  207.4  2.4  0.9  2.4   0.41    0.04   0.03   0.34   0.13
-------- ----- ----- ----- ----- ----- ---- ------ ------ ---- ---- ---- ------  ------ ------ ------ ------
 Minimum  55.0   0.0   0.0  35.5   0.0 12.0   62.0 3200.0  0.0  0.0  0.0 130.97   11.85  11.92  67.21  63.75
 Maximum  62.6   0.0   2.6  45.0   0.1 14.0 6723.0 4316.0 15.0  7.0 15.0 132.80   12.06  12.06  68.80  64.42
-------- ----- ----- ----- ----- ----- ---- ------ ------ ---- ---- ---- ------  ------ ------ ------ ------
Summary:
CPU: 131.34 Watts on average with standard deviation 0.41  
Note: power read from RAPL domains: dram, dram, package-0, package-1.
These readings do not cover all the hardware in this device.

Histogram (of 60 power measurements)

  Range (Watts)   Count
130.971 - 131.153    26 ########################################
131.154 - 131.336    12 ##################
131.337 - 131.519    11 ################
131.520 - 131.702     4 ######
131.703 - 131.885     2 ###
131.886 - 132.067     1 #
132.068 - 132.250     1 #
132.251 - 132.433     0 
132.434 - 132.616     0 
132.617 - 132.799     3 ####

Histogram (of 60 CPU utilization measurements)

 Range (%CPU)   Count
55.000 - 55.953    38 ########################################
55.954 - 56.908    13 #############
56.909 - 57.862     2 ##
57.863 - 58.816     2 ##
58.817 - 59.771     1 #
59.772 - 60.725     0 
60.726 - 61.680     0 
61.681 - 62.634     2 ##
62.635 - 63.588     0 
63.589 - 64.543     2 ##
