Running for 60.0 seconds (60 samples at 1.0 second intervals).
Power measurements will start in 0 seconds time.

  Time    User  Nice   Sys  Idle    IO  Run Ctxt/s  IRQ/s Fork Exec Exit  Watts    dram   dram  pkg-0  pkg-1
10:23:49  99.7   0.0   0.2   0.1   0.0   22    649   5396    0    0    0 134.62   11.96  11.97  68.96  65.65
10:23:50  99.9   0.0   0.1   0.0   0.0   21    754   5377    1    0    0 134.73   12.01  12.04  69.01  65.72
10:23:51 100.0   0.0   0.1   0.0   0.0   21    766   5289    0    0    0 134.70   12.01  12.00  69.01  65.69
10:23:52  99.7   0.0   0.1   0.1   0.0   21    496   5393    0    0    0 134.52   11.94  11.95  68.96  65.56
10:23:53  99.5   0.0   0.1   0.4   0.0   21    744   5302    0    0    0 134.70   11.96  11.95  69.01  65.69
10:23:54  99.9   0.0   0.1   0.0   0.0   22    616   5358    0    0    0 134.70   12.05  11.92  69.02  65.68
10:23:55  99.9   0.0   0.1   0.0   0.0   21    383   5282    0    0    0 134.55   12.05  12.01  68.96  65.59
10:23:56 100.0   0.0   0.0   0.0   0.0   21     80   5370    0    0    0 134.58   12.02  12.02  69.03  65.55
10:23:57 100.0   0.0   0.0   0.0   0.0   21     72   5251    0    0    0 134.43   11.96  11.95  68.95  65.48
10:23:58 100.0   0.0   0.0   0.0   0.0   21     73   5354    0    0    0 134.56   12.03  12.01  69.02  65.54
10:23:59 100.0   0.0   0.0   0.0   0.0   21    112   5260    0    0    0 134.56   12.06  12.01  69.01  65.54
10:24:00 100.0   0.0   0.0   0.0   0.0   21     74   5306    0    0    0 134.42   11.94  12.00  68.95  65.47
10:24:01 100.0   0.0   0.1   0.0   0.0   21    810   5428    0    0    0 134.74   12.04  11.96  69.01  65.73
10:24:02 100.0   0.0   0.0   0.0   0.0   21    100   5286    0    0    0 134.44   12.01  11.97  69.04  65.40
10:24:03 100.0   0.0   0.0   0.0   0.0   21    119   5332    0    0    0 134.42   12.00  11.97  68.95  65.47
10:24:04 100.0   0.0   0.0   0.0   0.0   21     78   5284    0    0    0 134.53   11.95  12.01  69.02  65.51
10:24:05 100.0   0.0   0.0   0.0   0.0   21    118   5340    0    0    1 134.56   12.02  12.03  69.02  65.53
10:24:06 100.0   0.0   0.0   0.0   0.0   21     78   5303    0    0    0 134.25   12.02  11.96  68.95  65.30
10:24:07 100.0   0.0   0.0   0.0   0.0   21    110   5316    0    0    0 134.39   11.95  12.00  69.02  65.37
10:24:08 100.0   0.0   0.0   0.0   0.0   21     70   5312    0    0    0 133.97   12.00  11.97  69.02  64.96
10:24:09 100.0   0.0   0.0   0.0   0.0   21     74   5322    0    0    0 132.78   11.97  12.03  68.96  63.82
10:24:10 100.0   0.0   0.0   0.0   0.0   21     66   5289    0    0    0 132.78   11.98  11.92  69.02  63.76
  Time    User  Nice   Sys  Idle    IO  Run Ctxt/s  IRQ/s Fork Exec Exit  Watts    dram   dram  pkg-0  pkg-1
10:24:11 100.0   0.0   0.0   0.0   0.0   21    114   5331    0    0    0 132.86   12.04  11.96  69.01  63.85
10:24:12 100.0   0.0   0.0   0.0   0.0   21     77   5280    0    0    0 132.77   11.98  12.00  68.95  63.82
10:24:13 100.0   0.0   0.0   0.0   0.0   21     70   5333    0    0    0 132.77   11.90  11.94  69.02  63.75
10:24:14 100.0   0.0   0.1   0.0   0.0   21     79   5282    0    0    0 132.86   12.04  12.04  69.02  63.84
10:24:15 100.0   0.0   0.0   0.0   0.0   21    134   5335    0    0    0 133.45   11.96  11.97  68.95  64.49
10:24:16 100.0   0.0   0.0   0.0   0.0   21     70   5305    0    0    0 133.73   11.92  12.00  69.02  64.71
10:24:17 100.0   0.0   0.0   0.0   0.0   21     83   5337    0    0    0 134.54   11.96  12.02  69.02  65.52
10:24:18 100.0   0.0   0.0   0.0   0.0   21     64   5290    0    0    0 134.48   11.96  11.96  68.95  65.53
10:24:19 100.0   0.0   0.0   0.0   0.0   21    111   5323    0    0    0 134.49   11.96  12.02  69.02  65.47
10:24:20 100.0   0.0   0.0   0.0   0.0   21     82   5286    0    0    0 134.56   12.00  12.04  69.02  65.54
10:24:21 100.0   0.0   0.0   0.0   0.0   21     82   5333    0    0    0 134.49   12.01  12.01  68.96  65.53
10:24:22 100.0   0.0   0.0   0.0   0.0   21    120   5283    0    0    0 134.49   12.01  12.01  69.01  65.47
10:24:23 100.0   0.0   0.0   0.0   0.0   21    120   5334    0    0    0 134.53   11.97  11.98  69.02  65.50
10:24:24 100.0   0.0   0.1   0.0   0.0   21     72   5283    0    0    0 134.48   12.00  11.97  68.95  65.53
10:24:25 100.0   0.0   0.0   0.0   0.0   21     94   5360    0    0    0 134.50   11.98  12.00  69.02  65.48
10:24:26 100.0   0.0   0.0   0.0   0.0   21     73   5302    0    0    0 134.56   11.95  11.96  69.02  65.54
10:24:27 100.0   0.0   0.0   0.0   0.0   21    122   5317    0    0    0 134.48   11.98  12.01  68.95  65.53
10:24:28 100.0   0.0   0.0   0.0   0.0   21     66   5292    0    0    0 134.49   12.03  12.00  69.02  65.47
10:24:29 100.0   0.0   0.0   0.0   0.0   21     72   5324    0    0    0 134.56   12.02  11.96  69.02  65.54
10:24:30 100.0   0.0   0.0   0.0   0.0   21     69   5281    0    0    0 134.50   12.00  12.03  68.95  65.55
10:24:31 100.0   0.0   0.0   0.0   0.0   21    113   5337    0    0    0 134.49   11.95  11.98  69.02  65.47
10:24:32 100.0   0.0   0.0   0.0   0.0   21     70   5280    0    0    0 134.55   11.96  11.96  69.01  65.54
  Time    User  Nice   Sys  Idle    IO  Run Ctxt/s  IRQ/s Fork Exec Exit  Watts    dram   dram  pkg-0  pkg-1
10:24:33 100.0   0.0   0.0   0.0   0.0   21     74   5353    0    0    0 134.48   11.96  11.97  68.95  65.54
10:24:34 100.0   0.0   0.0   0.0   0.0   21     81   5282    0    0    0 134.49   12.01  11.95  69.01  65.47
10:24:35 100.0   0.0   0.0   0.0   0.0   21    136   5339    0    0    0 134.56   12.05  11.95  69.02  65.54
10:24:36 100.0   0.0   0.0   0.0   0.0   21     64   5300    0    0    0 134.48   11.98  12.03  68.95  65.53
10:24:37 100.0   0.0   0.0   0.0   0.0   21     68   5314    0    0    0 134.54   12.03  12.00  69.02  65.52
10:24:38 100.0   0.0   0.0   0.0   0.0   21     74   5291    0    0    0 134.50   11.97  12.02  69.02  65.47
10:24:39 100.0   0.0   0.0   0.0   0.0   21    116   5326    0    0    0 134.48   11.97  12.02  68.95  65.54
10:24:40 100.0   0.0   0.0   0.0   0.0   21     66   5285    0    0    0 134.56   12.00  11.91  69.02  65.54
10:24:41 100.0   0.0   0.0   0.0   0.0   21     74   5356    0    0    0 134.46   11.97  12.02  69.02  65.44
10:24:42 100.0   0.0   0.0   0.0   0.0   21     64   5277    0    0    0 134.56   11.98  11.98  69.02  65.54
10:24:43 100.0   0.0   0.0   0.0   0.0   21    122   5335    0    0    0 134.48   12.01  12.02  68.95  65.54
10:24:44 100.0   0.0   0.1   0.0   0.0   21     78   5288    0    0    0 134.49   12.02  11.98  69.02  65.47
10:24:45 100.0   0.0   0.0   0.0   0.0   21    407   5408    5    4    3 134.58   12.00  11.95  69.04  65.54
10:24:46 100.0   0.0   0.0   0.0   0.0   21     94   5304    0    0    0 134.47   12.00  11.98  68.95  65.52
10:24:47 100.0   0.0   0.0   0.0   0.0   21    122   5315    0    0    0 134.48   11.97  11.98  69.02  65.47
10:24:48 100.0   0.0   0.0   0.0   0.0   21     77   5292    0    0    0 134.54   12.00  11.95  69.02  65.52
-------- ----- ----- ----- ----- ----- ---- ------ ------ ---- ---- ---- ------  ------ ------ ------ ------
 Average 100.0   0.0   0.0   0.0   0.0 21.0  168.6 5317.4  0.1  0.1  0.1 134.31   11.99  11.99  69.00  65.31
  StdDev   0.1   0.0   0.0   0.1   0.0  0.2  201.6   36.6  0.7  0.5  0.4   0.54    0.03   0.03   0.03   0.54
-------- ----- ----- ----- ----- ----- ---- ------ ------ ---- ---- ---- ------  ------ ------ ------ ------
 Minimum  99.5   0.0   0.0   0.0   0.0 21.0   64.0 5251.0  0.0  0.0  0.0 132.77   11.90  11.91  68.95  63.75
 Maximum 100.0   0.0   0.2   0.4   0.0 22.0  810.0 5428.0  5.0  4.0  3.0 134.74   12.06  12.04  69.04  65.73
-------- ----- ----- ----- ----- ----- ---- ------ ------ ---- ---- ---- ------  ------ ------ ------ ------
Summary:
CPU: 134.31 Watts on average with standard deviation 0.54  
Note: power read from RAPL domains: dram, dram, package-0, package-1.
These readings do not cover all the hardware in this device.

Histogram (of 60 power measurements)

  Range (Watts)   Count
132.770 - 132.966     6 ########
132.967 - 133.163     0 
133.164 - 133.359     0 
133.360 - 133.556     1 #
133.557 - 133.753     1 #
133.754 - 133.949     0 
133.950 - 134.146     1 #
134.147 - 134.343     1 #
134.344 - 134.539    30 ########################################
134.540 - 134.736    20 ##########################

Histogram (of 60 CPU utilization measurements)

  Range (%CPU)    Count
 99.600 -  99.639     1 
 99.640 -  99.679     0 
 99.680 -  99.719     0 
 99.720 -  99.759     0 
 99.760 -  99.799     0 
 99.800 -  99.839     0 
 99.840 -  99.879     1 
 99.880 -  99.919     1 
 99.920 -  99.959     0 
 99.960 -  99.999    57 ########################################
