fnl@fnl-one:~/nfv/v5.3$ powerstat -RDH
Running for 60.0 seconds (60 samples at 1.0 second intervals).
Power measurements will start in 0 seconds time.

  Time    User  Nice   Sys  Idle    IO  Run Ctxt/s  IRQ/s  Watts    dram   dram   dram   dram  pkg-0  pkg-1  pkg-2  pkg-3
22:35:25   5.0   0.0   7.9  87.1   0.0   11 1502897  98777 264.74   11.94  11.93  11.39  11.32  69.69  65.61  62.80  66.64
22:35:26   5.7   0.0   8.2  86.1   0.0    9 1524220 100074 265.09   12.07  11.89  11.43  11.28  70.08  65.55  62.90  66.56
22:35:27   5.5   0.0   8.2  86.3   0.0   20 1521366  99930 265.13   12.04  11.98  11.37  11.45  70.01  65.67  62.87  66.58
22:35:28   5.7   0.0   7.9  86.3   0.0    6 1506368  99682 265.02   11.94  11.99  11.45  11.41  69.93  65.58  62.97  66.55
22:35:29   6.1   0.0   8.0  85.9   0.0   14 1518514  98928 265.20   12.04  11.98  11.54  11.37  70.33  65.55  62.99  66.33
22:35:30   5.5   0.0   7.5  87.0   0.0    6 1535838  99628 265.15   12.06  11.94  11.41  11.46  70.08  65.55  62.87  66.64
22:35:31   5.7   0.0   7.8  86.5   0.0   10 1509853 101600 265.05   12.10  11.98  11.41  11.44  70.05  65.59  62.80  66.62
22:35:32   5.7   0.0   8.3  86.0   0.0    9 1509583  99859 265.18   12.00  11.91  11.39  11.43  70.13  65.60  62.95  66.50
22:35:33   4.9   0.0   8.2  87.0   0.0   11 1528023 101414 265.16   12.03  11.99  11.36  11.50  69.92  65.51  62.90  66.84
22:35:34   5.3   0.0   8.1  86.6   0.0   14 1524412 100560 265.45   12.00  11.95  11.49  11.44  70.23  65.59  62.90  66.73
22:35:35   5.6   0.0   7.8  86.6   0.0   12 1510126 100517 265.46   11.98  11.98  11.49  11.53  70.21  65.60  62.94  66.71
22:35:36   4.8   0.0   8.2  87.0   0.0   13 1514374 100424 265.10   12.03  11.96  11.29  11.51  69.82  65.58  62.98  66.72
22:35:37   5.4   0.0   8.3  86.3   0.0   12 1509580 116216 265.56   12.04  11.91  11.31  11.50  70.16  65.59  62.98  66.82
22:35:38   5.9   0.0   8.0  86.1   0.0   10 1508948 157105 265.49   12.02  12.00  11.40  11.59  70.26  65.56  62.94  66.73
22:35:39   5.0   0.0   8.3  86.7   0.0   14 1500000 175653 264.97   12.00  11.87  11.36  11.42  69.74  65.50  63.11  66.63
22:35:40   5.6   0.0   8.0  86.4   0.0   12 1511608 145024 265.42   12.08  11.81  11.41  11.38  70.18  65.56  63.01  66.66
22:35:41   5.6   0.0   8.0  86.3   0.0   12 1508644  99758 265.45   11.98  11.81  11.46  11.28  70.36  65.59  63.16  66.34
22:35:42   5.9   0.0   8.1  86.0   0.0   11 1482872  99208 265.06   12.08  11.88  11.32  11.38  70.31  65.58  63.68  65.49
22:35:43   6.3   0.0  10.0  83.7   0.0   11 1340356  94141 265.53   12.10  11.91  11.40  11.39  70.50  65.83  63.38  65.82
22:35:44   5.7   0.0   8.2  86.0   0.0   14 1540003 100957 265.83   12.05  11.85  11.33  11.36  70.62  65.57  63.09  66.56
22:35:45   6.1   0.0   7.9  86.0   0.0   17 1544915 101380 266.01   12.05  11.97  11.33  11.44  70.72  65.61  63.08  66.60
22:35:46   6.3   0.0   8.4  85.3   0.0   10 1510999  98807 265.95   12.05  11.95  11.35  11.44  70.74  65.61  63.20  66.39
  Time    User  Nice   Sys  Idle    IO  Run Ctxt/s  IRQ/s  Watts    dram   dram   dram   dram  pkg-0  pkg-1  pkg-2  pkg-3
22:35:47   6.5   0.0   8.9  84.6   0.0   14 1476687  98364 266.04   12.03  11.98  11.41  11.34  70.72  65.60  63.11  66.61
22:35:48   6.2   0.0   8.1  85.8   0.0   14 1522901  99536 265.79   12.04  11.95  11.29  11.46  70.59  65.53  63.14  66.54
22:35:49   6.4   0.0   8.2  85.5   0.0   11 1542595  98704 266.17   12.08  11.96  11.33  11.50  70.73  65.62  63.23  66.60
22:35:50   6.1   0.0   8.0  85.8   0.0   13 1502127  98938 265.79   12.04  11.97  11.37  11.55  70.75  65.51  63.21  66.30
22:35:51   5.8   0.0   8.6  85.6   0.0   15 1531167  98194 265.95   12.01  11.96  11.34  11.45  70.57  65.59  63.17  66.62
22:35:52   6.4   0.0   8.2  85.5   0.0   15 1513541  99177 265.95   12.01  11.92  11.40  11.40  70.88  65.54  63.07  66.47
22:35:53   6.1   0.0   8.5  85.3   0.0   11 1532914 100422 266.01   12.05  11.80  11.33  11.41  70.80  65.65  63.04  66.52
22:35:54   6.0   0.0   8.4  85.6   0.0    3 1530232 100040 265.94   11.98  11.98  11.33  11.42  70.67  65.49  63.10  66.67
22:35:55   6.6   0.0  10.0  83.5   0.0   15 1504197  98275 265.80   12.12  11.93  11.41  11.73  70.09  65.57  63.67  66.47
22:35:56   5.8   0.0   8.1  86.1   0.0   15 1509815  98330 265.64   12.00  11.97  11.41  11.71  70.57  65.53  63.16  66.38
22:35:57   6.6   0.0   8.0  85.4   0.0   15 1510888  99161 266.02   12.05  12.02  11.43  11.48  70.81  65.57  63.21  66.42
22:35:58   6.1   0.0   8.2  85.7   0.0    9 1525252  99571 265.94   12.10  11.97  11.40  11.58  70.81  65.59  63.24  66.30
22:35:59   6.0   0.0   8.1  85.8   0.0   14 1505772 100276 265.87   12.05  12.00  11.42  11.61  70.53  65.56  63.25  66.53
22:36:00   6.6   0.0   9.2  84.1   0.0   18 1521649  99870 266.03   12.11  11.99  11.34  11.60  70.57  65.60  63.36  66.49
22:36:01   6.8   0.0   9.9  83.3   0.0    8 1438641  96616 265.87   12.05  11.99  11.33  11.62  70.32  65.81  63.26  66.48
22:36:02   5.3   0.0   8.0  86.7   0.0   14 1504914  99096 266.14   12.04  11.96  11.32  11.49  70.13  65.61  63.08  67.33
22:36:03   6.0   0.0   8.0  86.0   0.0   16 1521683  98793 266.91   12.00  11.91  11.37  11.73  70.68  65.60  63.35  67.28
22:36:04   6.2   0.0   8.2  85.6   0.0   21 1526248  98848 266.70   12.12  12.01  11.33  11.76  70.75  65.59  63.09  67.27
22:36:05   5.6   0.0   8.1  86.3   0.0    8 1512882 100425 266.36   11.96  11.98  11.32  11.70  70.34  65.59  63.13  67.30
22:36:06   6.0   0.0   7.8  86.2   0.0   11 1529521  99734 266.42   12.05  11.90  11.36  11.60  70.53  65.52  63.13  67.24
22:36:07   6.2   0.0   8.4  85.4   0.0   19 1528190 101016 266.97   12.01  11.92  11.32  11.52  70.72  65.67  63.26  67.32
22:36:08   5.6   0.0   7.9  86.6   0.0    6 1500018  99838 266.41   12.01  11.99  11.39  11.49  70.47  65.53  63.17  67.24
  Time    User  Nice   Sys  Idle    IO  Run Ctxt/s  IRQ/s  Watts    dram   dram   dram   dram  pkg-0  pkg-1  pkg-2  pkg-3
22:36:09   7.6   0.0  13.0  79.5   0.0   18 1404770  93035 266.28   12.13  11.96  11.38  11.60  69.11  65.67  64.13  67.36
22:36:10   8.1   0.0  13.4  78.5   0.0   19 1486636  95480 266.52   12.13  11.93  11.43  11.73  69.07  65.56  64.59  67.30
22:36:11   7.8   0.0  12.8  79.4   0.0   13 1487311  94730 266.28   12.07  11.87  11.42  11.56  69.10  65.59  64.28  67.32
22:36:12   7.7   0.0  12.8  79.5   0.0   20 1330523  89048 265.67   12.09  11.97  11.65  11.67  69.28  65.60  63.76  67.03
22:36:13   6.2   0.0   9.5  84.4   0.0   17 1447959  96041 266.20   11.96  11.98  11.57  11.56  70.44  65.57  62.92  67.27
22:36:14   6.5   0.0   8.1  85.4   0.0   13 1520035  98747 266.57   12.05  11.97  11.53  11.69  70.79  65.59  62.87  67.32
22:36:15   6.5   0.0   8.2  85.4   0.0   15 1496659  98362 266.56   11.94  12.01  11.49  11.55  70.87  65.51  62.96  67.21
22:36:16   6.5   0.0   9.6  83.9   0.0    8 1496069  96302 266.39   12.05  12.00  11.40  11.65  70.29  65.58  63.20  67.31
22:36:17   7.9   0.0  12.8  79.3   0.0   29 1479421  95510 266.24   12.07  11.94  11.37  11.58  69.66  65.59  63.65  67.34
22:36:18   6.6   0.0   9.2  84.2   0.0   21 1519944  98903 266.83   12.07  11.98  11.37  11.54  70.95  65.84  62.71  67.32
22:36:19   6.1   0.0   8.4  85.5   0.0   11 1499243  99136 266.66   12.00  11.90  11.39  11.58  70.68  66.13  62.55  67.30
22:36:20   6.4   0.0   8.2  85.4   0.0   12 1508136 105339 266.71   12.05  12.05  11.48  11.58  70.85  66.08  62.51  67.28
22:36:21   6.0   0.0   8.1  86.0   0.0    9 1511636 129559 266.73   12.01  11.99  11.56  11.40  70.78  65.93  62.68  67.33
22:36:22   6.6   0.0   7.9  85.5   0.0   13 1504865 158905 266.51   12.03  11.98  11.58  11.66  70.61  66.02  62.63  67.25
22:36:23   6.1   0.0   8.0  85.9   0.0   13 1509109 158756 266.66   12.04  11.98  11.67  11.58  70.69  65.98  62.67  67.32
22:36:24   5.7   0.0   7.9  86.4   0.0   19 1519342  98680 266.37   12.03  11.97  11.63  11.48  70.59  65.51  62.95  67.32
-------- ----- ----- ----- ----- ----- ---- ------ ------ ------  ------ ------ ------ ------ ------ ------ ------ ------
 Average   6.1   0.0   8.7  85.2   0.0 13.2 1502949.9 104656.6 265.91   12.04  11.95  11.41  11.51  70.35  65.63  63.13  66.81
  StdDev   0.7   0.0   1.4   2.0   0.0  4.4 38931.2 17393.6   0.57    0.05   0.05   0.09   0.12   0.46   0.14   0.38   0.43
-------- ----- ----- ----- ----- ----- ---- ------ ------ ------  ------ ------ ------ ------ ------ ------ ------ ------
 Minimum   4.8   0.0   7.5  78.5   0.0  3.0 1330523.0 89048.0 264.74   11.94  11.80  11.29  11.28  69.07  65.49  62.51  65.49
 Maximum   8.1   0.0  13.4  87.1   0.0 29.0 1544915.0 175653.0 266.97   12.13  12.05  11.67  11.76  70.95  66.13  64.59  67.36
-------- ----- ----- ----- ----- ----- ---- ------ ------ ------  ------ ------ ------ ------ ------ ------ ------ ------
Summary:
CPU: 265.91 Watts on average with standard deviation 0.57  
Note: power read from RAPL domains: dram, dram, dram, dram, package-0, package-1, package-2, package-3.
These readings do not cover all the hardware in this device.

Histogram (of 60 power measurements)

  Range (Watts)   Count
264.737 - 264.959     1 ###
264.960 - 265.182     9 ##############################
265.183 - 265.406     2 ######
265.407 - 265.629     7 #######################
265.630 - 265.852     6 ####################
265.853 - 266.075    12 ########################################
266.076 - 266.299     6 ####################
266.300 - 266.522     7 #######################
266.523 - 266.745     7 #######################
266.746 - 266.969     3 ##########

Histogram (of 60 CPU utilization measurements)

 Range (%CPU)   Count
12.906 - 13.763    17 #########################
13.764 - 14.621    27 ########################################
14.622 - 15.480     4 #####
15.481 - 16.338     5 #######
16.339 - 17.196     2 ##
17.197 - 18.054     0 
18.055 - 18.913     0 
18.914 - 19.771     0 
19.772 - 20.629     3 ####
20.630 - 21.487     2 ##

