fnl@fnl-one:~/nfv/v5.3$ powerstat -RDH
Running for 60.0 seconds (60 samples at 1.0 second intervals).
Power measurements will start in 0 seconds time.

  Time    User  Nice   Sys  Idle    IO  Run Ctxt/s  IRQ/s  Watts    dram   dram   dram   dram  pkg-0  pkg-1  pkg-2  pkg-3
22:54:22  14.7   0.0  29.5  55.8   0.0   15 517606 103983 224.13   12.11  11.95  11.38  11.92  71.50  54.78  48.09  49.76
22:54:23  14.6   0.0  30.3  55.2   0.0   13 536556  98389 224.14   12.22  12.01  11.44  11.76  71.54  54.81  48.10  49.70
22:54:24  14.8   0.0  29.3  55.9   0.0   11 553838 105790 224.15   12.10  11.97  11.34  11.67  71.56  54.81  48.05  49.72
22:54:25  14.7   0.0  27.6  57.7   0.0   20 551043 112668 223.94   12.17  11.95  11.37  11.80  71.51  54.67  48.09  49.65
22:54:26  31.4   0.0  68.6   0.0   0.0   20 518995  96039 224.33   12.16  11.99  11.38  11.77  71.44  55.09  48.09  49.71
22:54:27  13.7   0.0  26.1  60.2   0.0   13 661471 113271 225.41   12.17  11.98  11.49  11.63  71.52  56.09  48.10  49.70
22:54:28  13.1   0.0  24.8  62.1   0.0   16 686791 120225 226.21   12.13  11.95  11.47  11.94  71.44  56.89  48.05  49.83
22:54:29  13.9   0.0  26.9  59.2   0.0   12 589811  98086 225.76   12.16  11.95  11.52  11.84  71.48  56.43  48.09  49.77
22:54:30   0.0   0.0   0.1  99.9   0.0   19 598494 106140 226.72   12.24  12.03  11.59  11.68  71.83  56.59  48.28  50.02
22:54:31  14.5   0.0  27.0  58.4   0.0   16 559166 118851 223.77   12.14  11.88  11.31  11.75  71.30  54.93  47.91  49.63
22:54:32  14.5   0.0  28.8  56.7   0.0   14 564158 110248 224.27   12.15  11.87  11.48  11.79  71.52  54.93  48.06  49.76
22:54:33  14.9   0.0  29.7  55.4   0.0   16 549536 108139 224.13   12.21  12.00  11.48  11.74  71.62  54.57  48.11  49.83
22:54:34  14.4   0.0  28.9  56.7   0.1   30 561891 114379 224.46   12.17  12.00  11.44  11.83  71.57  55.01  48.08  49.81
22:54:35  14.6   0.0  27.6  57.8   0.0   21 599075 115986 224.48   12.16  12.01  11.41  11.68  71.60  55.02  48.07  49.80
22:54:36  15.0   0.0  28.2  56.7   0.0   19 579190 117490 224.64   12.08  11.93  11.47  11.66  71.68  55.08  48.10  49.77
22:54:37  14.5   0.0  29.2  56.3   0.0   14 523759 103253 224.31   12.15  11.96  11.58  11.51  71.59  54.82  48.07  49.84
22:54:38  13.9   0.0  29.5  56.6   0.0   16 552697 107457 224.29   12.14  11.99  11.52  11.49  71.56  54.90  48.06  49.77
22:54:39  34.6   0.0  65.4   0.0   0.0   16 497188  94767 224.97   12.21  12.02  11.51  11.75  71.58  55.52  48.08  49.80
22:54:40  12.5   0.0  25.4  62.1   0.0   17 635808 119882 225.76   12.09  11.97  11.40  11.59  71.53  56.29  48.10  49.83
22:54:41  13.5   0.0  25.1  61.4   0.0   16 599764 111355 225.56   12.16  12.03  11.35  11.66  71.59  56.04  48.10  49.84
22:54:42  13.5   0.0  26.9  59.7   0.0   14 556513 102024 248.13   13.41  13.22  12.54  12.80  78.72  61.60  52.98  54.83
22:54:43   0.0   0.0   0.1  99.9   0.0   13 463827  93643 201.92   10.95  10.80  10.24  10.59  64.34  49.60  43.19  44.79
  Time    User  Nice   Sys  Idle    IO  Run Ctxt/s  IRQ/s  Watts    dram   dram   dram   dram  pkg-0  pkg-1  pkg-2  pkg-3
22:54:44  15.1   0.0  27.9  57.0   0.0   11 546294 113960 224.86   12.14  12.01  11.40  11.74  71.63  55.32  48.09  49.82
22:54:45  13.8   0.0  29.8  56.4   0.0   18 568082 110851 224.76   12.18  12.00  11.36  11.86  71.62  55.17  48.12  49.86
22:54:46  14.5   0.0  28.5  57.1   0.0   17 564111 107183 224.13   12.19  11.98  11.38  11.87  71.55  54.80  48.02  49.76
22:54:47  14.9   0.0  27.0  58.1   0.0   31 623000 122708 224.12   12.12  12.00  11.51  11.91  71.51  54.68  48.10  49.83
22:54:48  15.3   0.0  28.8  55.9   0.0   15 540332 106925 224.59   12.17  12.02  11.39  11.92  71.68  55.04  48.07  49.80
22:54:49  14.3   0.0  28.8  56.9   0.0   16 610629 119362 225.35   12.10  11.97  11.45  11.68  71.73  55.54  48.17  49.91
22:54:50  15.0   0.0  28.7  56.0   0.3   16 563069 108050 224.39   12.13  11.94  11.52  11.49  71.48  55.18  48.00  49.73
22:54:51  14.7   0.0  28.6  56.7   0.0   34 550926 110675 224.49   12.14  12.02  11.54  11.38  71.61  54.97  48.11  49.80
22:54:52  14.2   0.0  28.6  57.2   0.0   18 529897 110217 224.57   12.12  11.98  11.43  11.48  71.52  55.15  48.06  49.84
22:54:53  14.5   0.0  27.8  57.7   0.0   11 557876 117212 224.81   12.15  11.89  11.39  11.71  71.59  55.36  48.07  49.80
22:54:54  14.4   0.0  28.3  57.3   0.0   22 546043 112153 224.78   12.18  11.96  11.41  11.80  71.61  55.25  48.09  49.83
22:54:55  34.5   0.0  65.5   0.0   0.0   17 578048 111100 225.82   12.06  11.95  11.44  11.79  71.82  55.84  48.21  49.95
22:54:56  13.8   0.0  26.6  59.6   0.0   18 550917  93889 225.52   12.22  12.04  11.54  11.61  71.72  56.02  48.05  49.74
22:54:57  12.9   0.0  25.7  61.4   0.0   13 619017 108147 225.32   12.11  11.96  11.57  11.60  71.47  56.09  48.01  49.75
22:54:58  13.7   0.0  25.6  60.7   0.0   25 626435 105258 225.81   12.13  12.03  11.59  11.74  71.59  56.33  48.07  49.81
22:54:59  13.3   0.0  27.9  58.8   0.0   16 543370  91040 225.43   12.11  12.05  11.59  11.64  71.34  56.18  48.08  49.82
22:55:00  13.8   0.0  26.1  60.0   0.0   27 596388 109506 225.50   12.12  12.05  11.50  11.64  71.48  56.12  48.08  49.81
22:55:01  13.2   0.0  26.1  60.7   0.0   24 603928 120873 225.71   12.11  11.98  11.66  11.62  71.94  55.87  48.04  49.85
22:55:02  14.6   0.0  28.2  57.2   0.0   16 426282  87154 225.31   12.15  11.96  11.61  11.63  71.79  55.63  48.08  49.82
22:55:03  13.9   0.0  26.6  59.5   0.0   28 508020  95515 225.56   12.12  11.94  11.50  11.58  71.90  55.76  48.10  49.80
22:55:04  14.1   0.0  26.2  59.7   0.0   19 457760  89076 225.43   12.12  12.00  11.65  11.51  71.79  55.76  48.04  49.83
22:55:05  12.9   0.0  27.4  59.6   0.0   21 525239  96065 225.61   12.17  12.01  11.47  11.59  71.77  55.73  48.12  49.99
  Time    User  Nice   Sys  Idle    IO  Run Ctxt/s  IRQ/s  Watts    dram   dram   dram   dram  pkg-0  pkg-1  pkg-2  pkg-3
22:55:06  13.6   0.0  27.1  59.3   0.0   20 581233 111080 225.42   12.19  11.96  11.41  11.53  71.85  55.91  48.04  49.62
22:55:07  14.0   0.0  27.2  58.8   0.0   15 474418  89585 225.36   12.18  12.02  11.41  11.47  71.77  55.73  48.10  49.76
22:55:08  14.0   0.0  26.0  59.9   0.1   17 523633  93184 225.52   12.18  12.04  11.38  11.36  71.79  55.82  48.09  49.82
22:55:09  13.0   0.0  25.6  61.4   0.0   17 746350 121127 226.27   12.07  12.00  11.38  11.32  71.79  56.58  48.08  49.82
22:55:10  13.3   0.0  27.2  59.5   0.0   15 593469 101107 225.68   12.14  11.94  11.45  11.31  71.72  56.11  48.06  49.79
22:55:11  13.7   0.0  27.5  58.8   0.0   16 529084  86740 225.34   12.18  12.00  11.41  11.43  71.62  55.84  48.08  49.81
22:55:12   0.1   0.0   0.1  99.8   0.0   20 658985 109632 241.71   12.95  12.88  12.21  12.21  76.91  59.96  51.49  53.35
22:55:13   0.1   0.0   0.1  99.8   0.0   13 563834 100887 209.13   11.33  11.14  10.64  10.71  66.84  51.10  44.79  46.41
22:55:14  14.6   0.0  30.2  55.2   0.0   16 550661  94317 223.94   12.17  11.99  11.41  11.60  71.57  54.53  48.04  49.80
22:55:15  14.3   0.0  30.8  54.9   0.0   16 541732  96014 223.89   12.13  12.02  11.43  11.67  71.58  54.52  48.02  49.76
22:55:16  14.2   0.0  28.3  57.5   0.0   17 603514 110208 224.38   12.10  12.03  11.46  11.55  71.62  54.90  48.07  49.80
22:55:17  14.8   0.0  29.4  55.8   0.0    9 536478  95321 224.63   12.17  12.06  11.51  11.45  71.71  55.03  48.09  49.79
22:55:18  14.5   0.0  28.2  57.3   0.0   18 580180 103198 224.86   12.15  12.03  11.48  11.36  71.61  55.31  48.10  49.84
22:55:19  14.7   0.0  29.3  56.0   0.0   13 568639  99381 224.71   12.16  12.02  11.45  11.39  71.69  55.14  48.05  49.84
22:55:20  31.9   0.0  68.1   0.0   0.0   17 494343  85742 225.09   12.15  12.04  11.48  11.37  71.60  55.60  48.08  49.81
22:55:21  13.5   0.0  26.8  59.7   0.0   15 624779 107387 225.63   12.12  12.03  11.41  11.44  71.63  56.13  48.09  49.78
-------- ----- ----- ----- ----- ----- ---- ------ ------ ------  ------ ------ ------ ------ ------ ------ ------ ------
 Average  14.4   0.0  28.5  57.0   0.0 17.5 564402.9 105398.2 224.98   12.15  11.99  11.46  11.63  71.62  55.47  48.08  49.80
  StdDev   6.1   0.0  12.4  18.5   0.0  4.9 54112.3 9756.6   5.21    0.27   0.28   0.27   0.29   1.61   1.48   1.08   1.12
-------- ----- ----- ----- ----- ----- ---- ------ ------ ------  ------ ------ ------ ------ ------ ------ ------ ------
 Minimum   0.0   0.0   0.1   0.0   0.0  9.0 426282.0 85742.0 201.92   10.95  10.80  10.24  10.59  64.34  49.60  43.19  44.79
 Maximum  34.6   0.0  68.6  99.9   0.3 34.0 746350.0 122708.0 248.13   13.41  13.22  12.54  12.80  78.72  61.60  52.98  54.83
-------- ----- ----- ----- ----- ----- ---- ------ ------ ------  ------ ------ ------ ------ ------ ------ ------ ------
Summary:
CPU: 224.98 Watts on average with standard deviation 5.21  
Note: power read from RAPL domains: dram, dram, dram, dram, package-0, package-1, package-2, package-3.
These readings do not cover all the hardware in this device.

Histogram (of 60 power measurements)

  Range (Watts)   Count
201.918 - 206.538     1 #
206.539 - 211.160     1 #
211.161 - 215.781     0 
215.782 - 220.403     0 
220.404 - 225.025    30 ########################################
225.026 - 229.646    26 ##################################
229.647 - 234.268     0 
234.269 - 238.889     0 
238.890 - 243.511     1 #
243.512 - 248.132     1 #

Histogram (of 60 CPU utilization measurements)

  Range (%CPU)    Count
  0.104 -  10.093     4 ###
 10.094 -  20.082     0 
 20.083 -  30.072     0 
 30.073 -  40.062     9 ########
 40.063 -  50.051    43 ########################################
 50.052 -  60.041     0 
 60.042 -  70.030     0 
 70.031 -  80.020     0 
 80.021 -  90.010     0 
 90.011 -  99.999     4 ###

