fnl@fnl-one:~$ powerstat -RDH
Running for 60.0 seconds (60 samples at 1.0 second intervals).
Power measurements will start in 0 seconds time.

  Time    User  Nice   Sys  Idle    IO  Run Ctxt/s  IRQ/s  Watts    dram   dram   dram   dram  pkg-0  pkg-1  pkg-2  pkg-3
21:33:44   9.1   0.0  17.6  73.4   0.0   20 2480498  54396 280.64   11.90  13.07  12.84  11.80  72.02  71.37  69.72  67.52
21:33:45   9.9   0.0  17.4  72.7   0.0   26 2627066  54230 281.13   12.00  13.22  12.70  11.64  71.66  71.73  70.19  67.55
21:33:46   9.5   0.0  17.4  73.2   0.0   21 3186190  57645 281.79   11.98  12.90  12.52  11.73  69.85  71.54  70.82  69.58
21:33:47  10.2   0.0  17.2  72.6   0.0   20 2308734  47354 280.04   12.09  12.48  12.42  11.79  71.38  70.98  69.54  68.14
21:33:48   9.6   0.0  18.2  72.2   0.0   20 2660386  42851 280.97   11.96  12.49  12.44  11.78  72.04  70.60  70.84  67.50
21:33:49   9.6   0.0  16.9  73.5   0.0   29 2082487  48670 280.27   12.02  12.84  12.51  11.90  72.07  70.77  69.70  67.73
21:33:50   9.7   0.0  16.9  73.4   0.0   27 2021843  49843 279.39   12.06  12.65  12.32  11.75  71.35  70.79  69.60  67.65
21:33:51   9.8   0.0  18.1  72.1   0.0   22 2557705  46944 281.31   12.00  12.82  12.53  11.67  71.50  72.48  69.65  67.68
21:33:52   9.8   0.0  17.7  72.5   0.0   19 2531230  45704 281.34   12.06  12.91  12.48  12.07  71.01  72.29  69.44  68.59
21:33:53   9.6   0.0  16.7  73.7   0.0   37 2346629  50626 280.85   12.02  12.81  12.76  11.95  71.65  71.70  69.62  67.87
21:33:54   9.0   0.0  15.9  75.1   0.0   36 2044724  47855 279.56   11.92  12.55  12.70  11.73  71.63  70.44  69.41  68.07
21:33:55   9.2   0.0  15.6  75.1   0.0   23 2121848  45696 279.46   11.98  12.23  12.70  12.01  71.69  70.04  69.83  67.90
21:33:56   9.5   0.0  16.3  74.2   0.0   25 2144456  46205 279.65   11.96  12.35  12.86  11.90  71.54  70.08  70.10  67.93
21:33:57   9.0   0.0  15.5  75.6   0.0   21 2091303  44629 279.57   11.97  12.34  12.83  11.74  71.60  70.68  69.84  67.45
21:33:58   8.7   0.0  15.4  75.9   0.0   20 2081236  45058 279.60   11.98  12.37  12.64  11.63  71.41  70.95  69.90  67.34
21:33:59   9.3   0.0  15.2  75.5   0.0   22 2093938  43016 279.77   11.92  12.27  12.62  11.68  71.41  71.13  69.95  67.28
21:34:00   8.5   0.0  14.8  76.7   0.0   19 1973906  41433 279.07   11.93  12.36  12.62  11.70  71.35  70.68  69.83  67.21
21:34:01   9.2   0.0  14.9  75.9   0.0   17 1799188  40275 278.55   11.97  12.51  12.46  11.54  71.72  70.26  69.45  67.12
21:34:02   9.1   0.0  16.2  74.7   0.0   27 1762296  44788 278.17   12.03  12.39  12.16  11.61  70.35  71.16  68.69  67.98
21:34:03   9.5   0.0  17.6  72.9   0.0   27 1956349  47037 279.42   12.03  12.61  12.96  11.75  70.26  71.57  69.68  67.91
21:34:04  10.0   0.0  18.5  71.5   0.0   22 2412760  54563 281.54   12.02  12.88  13.25  11.76  71.16  72.18  70.28  67.92
21:34:05  10.2   0.0  17.7  72.1   0.0   28 2327953  53495 281.77   12.03  12.79  13.33  11.78  70.65  72.27  70.41  68.45
  Time    User  Nice   Sys  Idle    IO  Run Ctxt/s  IRQ/s  Watts    dram   dram   dram   dram  pkg-0  pkg-1  pkg-2  pkg-3
21:34:06   9.9   0.0  18.6  71.5   0.0   25 2278348  52626 280.52   12.01  12.85  13.27  11.81  70.46  71.70  70.23  68.13
21:34:07  10.3   0.0  19.4  70.3   0.0   24 2830060  60833 282.56   12.02  12.93  12.55  12.54  71.02  72.20  69.12  70.22
21:34:08  10.4   0.0  18.2  71.4   0.0   29 2755897  54875 282.43   11.96  12.91  12.61  12.58  71.47  71.82  68.55  70.59
21:34:09  10.3   0.0  18.3  71.4   0.0   24 2689108  55081 282.10   12.01  12.96  12.76  12.37  71.39  72.14  68.99  69.58
21:34:10  10.3   0.0  18.3  71.4   0.0   20 2708185  53283 282.63   12.03  13.00  12.88  12.16  71.34  72.31  69.46  69.52
21:34:11   8.8   0.0  17.4  73.8   0.0   27 2423707  49253 280.51   12.04  12.79  12.83  12.05  71.41  71.37  69.78  67.94
21:34:12   9.9   0.0  17.8  72.2   0.0   24 2106687  43997 279.80   12.17  12.47  12.50  11.90  71.86  70.61  69.66  67.66
21:34:13   9.7   0.0  18.7  71.7   0.0   42 3159930  43688 282.92   12.08  12.60  12.62  11.86  72.57  71.35  71.87  67.13
21:34:14   9.9   0.0  18.1  72.0   0.0   16 3337303  44555 283.21   11.99  12.71  13.14  11.74  72.53  70.92  72.86  66.91
21:34:15  10.1   0.0  18.5  71.4   0.0   13 3250228  43274 282.58   12.00  12.49  13.16  11.86  71.56  71.61  72.49  66.91
21:34:16  10.2   0.0  18.8  71.1   0.0   26 3015098  46169 281.06   11.95  12.60  12.83  11.79  71.69  71.52  72.32  65.53
21:34:17  10.1   0.0  19.0  70.9   0.0   24 3039154  55210 281.58   11.97  12.79  12.87  11.69  71.68  71.59  72.61  65.70
21:34:18  10.2   0.0  17.9  71.9   0.0   22 2912070  46481 282.16   11.94  12.58  13.19  11.78  71.16  71.60  72.80  66.61
21:34:19  10.2   0.0  18.4  71.3   0.0   24 2929674  51686 282.11   12.06  12.64  12.49  11.73  70.31  71.25  72.88  67.67
21:34:20  10.4   0.0  18.8  70.7   0.0   19 2559069  38007 281.55   12.04  12.29  12.19  11.87  70.62  71.27  71.76  67.90
21:34:21  10.0   0.0  18.0  72.0   0.0   20 2573774  45533 282.09   11.94  12.55  12.37  11.78  70.58  71.41  72.53  67.57
21:34:22  10.1   0.0  19.8  70.1   0.0   24 3160946  54937 282.82   12.01  12.64  12.92  12.03  70.87  71.89  72.26  67.80
21:34:23  10.5   0.0  19.7  69.8   0.0   28 3176940  52915 282.78   12.00  12.52  12.45  12.23  71.90  71.68  71.56  67.64
21:34:24   9.8   0.0  17.6  72.6   0.0   25 2715126  96148 280.34   11.93  12.41  12.43  12.07  71.55  71.60  68.84  68.36
21:34:25  10.4   0.0  21.1  68.5   0.0   23 2701807  50632 283.12   12.03  12.82  13.28  11.87  72.46  71.63  70.99  68.04
21:34:26   9.7   0.0  19.3  71.0   0.0   25 3063483  49374 282.30   12.06  12.75  12.64  11.81  71.76  71.57  71.54  67.42
21:34:27  10.5   0.0  18.1  71.4   0.0   24 2886556  47258 283.00   11.93  12.67  13.06  11.76  72.48  71.36  71.51  67.65
  Time    User  Nice   Sys  Idle    IO  Run Ctxt/s  IRQ/s  Watts    dram   dram   dram   dram  pkg-0  pkg-1  pkg-2  pkg-3
21:34:28  10.3   0.0  18.1  71.6   0.0   26 2478496  43512 281.55   12.05  12.49  12.66  11.72  72.58  71.28  70.15  67.54
21:34:29   9.4   0.0  18.1  72.5   0.0   21 2721881  53492 280.99   11.99  12.38  12.56  11.94  72.46  71.16  69.68  67.69
21:34:30   9.5   0.0  17.0  73.5   0.0   27 2767084  45045 281.48   12.03  12.25  12.49  11.66  72.47  71.70  69.47  67.84
21:34:31   9.7   0.0  18.3  72.1   0.0   24 2434991  38121 279.88   11.98  12.36  12.52  11.76  72.06  71.39  70.05  66.39
21:34:32   9.5   0.0  19.1  71.4   0.0   19 3187950  43451 282.57   11.97  12.63  12.70  11.68  72.09  71.82  71.53  67.13
21:34:33   9.3   0.0  19.2  71.5   0.0   21 3087147  48415 282.68   11.92  12.76  12.88  11.75  71.81  71.82  71.29  67.76
21:34:34  10.0   0.0  17.3  72.7   0.0   23 2569101  59155 281.41   11.91  12.68  13.05  11.91  71.38  71.44  70.81  67.78
21:34:35  10.2   0.0  19.9  69.9   0.0   46 3130208  50423 283.15   11.93  12.89  13.08  12.04  70.97  71.76  72.24  68.18
21:34:36  10.6   0.0  19.2  70.2   0.0   26 3078111  46687 282.70   12.02  12.78  13.03  12.02  71.05  71.99  71.67  68.00
21:34:37   9.3   0.0  18.4  72.3   0.0   19 2723180  46338 282.35   11.98  12.65  13.14  11.87  71.34  71.74  71.10  68.16
21:34:38   9.8   0.0  17.9  72.3   0.0   27 2742951  44455 281.23   11.96  12.31  12.85  11.81  71.41  72.04  70.00  67.78
21:34:39   9.4   0.0  17.7  72.9   0.0   24 2486697  38087 281.82   11.98  12.34  13.14  11.97  71.17  72.17  70.50  67.98
21:34:40  11.0   0.0  20.0  69.0   0.0   25 2513299  45014 281.68   12.00  12.64  12.47  11.90  71.41  71.37  69.90  68.99
21:34:41  11.5   0.0  21.0  67.5   0.0   20 2456366  45739 281.54   12.06  12.70  12.03  11.96  71.31  71.10  69.89  69.25
21:34:42  10.0   0.0  17.9  72.1   0.0   22 2508858  47897 281.33   12.01  12.84  12.82  11.76  71.81  70.94  70.91  67.66
21:34:43   9.0   0.0  16.7  74.2   0.0   28 2193416  54211 280.11   11.97  12.89  12.70  11.83  71.69  70.72  69.74  67.95
-------- ----- ----- ----- ----- ----- ---- ------ ------ ------  ------ ------ ------ ------ ------ ------ ------ ------
 Average   9.8   0.0  17.9  72.3   0.0 24.2 2582760.2 48969.5 281.24   12.00  12.64  12.73  11.86  71.48  71.41  70.50  67.85
  StdDev   0.6   0.0   1.4   1.8   0.0  5.5 400290.7 7995.5   1.27    0.05   0.23   0.29   0.20   0.60   0.56   1.16   0.88
-------- ----- ----- ----- ----- ----- ---- ------ ------ ------  ------ ------ ------ ------ ------ ------ ------ ------
 Minimum   8.5   0.0  14.8  67.5   0.0 13.0 1762296.0 38007.0 278.17   11.90  12.23  12.03  11.54  69.85  70.04  68.55  65.53
 Maximum  11.5   0.0  21.1  76.7   0.0 46.0 3337303.0 96148.0 283.21   12.17  13.22  13.33  12.58  72.58  72.48  72.88  70.59
-------- ----- ----- ----- ----- ----- ---- ------ ------ ------  ------ ------ ------ ------ ------ ------ ------ ------
Summary:
CPU: 281.24 Watts on average with standard deviation 1.27  
Note: power read from RAPL domains: dram, dram, dram, dram, package-0, package-1, package-2, package-3.
These readings do not cover all the hardware in this device.

Histogram (of 60 power measurements)

  Range (Watts)   Count
278.168 - 278.672     2 ######
278.673 - 279.176     1 ###
279.177 - 279.680     7 #######################
279.681 - 280.185     5 ################
280.186 - 280.689     5 ################
280.690 - 281.194     5 ################
281.195 - 281.698    12 ########################################
281.699 - 282.203     7 #######################
282.204 - 282.707     9 ##############################
282.708 - 283.212     7 #######################

Histogram (of 60 CPU utilization measurements)

 Range (%CPU)   Count
23.289 - 24.209     3 #######
24.210 - 25.129     4 ##########
25.130 - 26.050     3 #######
26.051 - 26.970     7 #################
26.971 - 27.891    15 #####################################
27.892 - 28.811    16 ########################################
28.812 - 29.732     4 ##########
29.733 - 30.652     5 ############
30.653 - 31.572     2 #####
31.573 - 32.493     1 ##

