fnl@fnl-one:~$ powerstat -RDH
Running for 60.0 seconds (60 samples at 1.0 second intervals).
Power measurements will start in 0 seconds time.

  Time    User  Nice   Sys  Idle    IO  Run Ctxt/s  IRQ/s  Watts    dram   dram   dram   dram  pkg-0  pkg-1  pkg-2  pkg-3
21:40:08  15.6   0.0  29.2  55.2   0.0   25 1905213 103577 251.71   12.51  12.09  12.13  11.66  72.73  61.72  62.43  54.83
21:40:09  16.0   0.0  30.0  53.9   0.0   35 2017301  85421 252.48   12.59  12.06  12.20  11.67  72.79  62.12  62.59  54.99
21:40:10  13.3   0.0  25.0  61.7   0.0   35 2472084  59626 254.34   12.79  12.04  12.45  11.65  73.12  62.23  63.58  55.41
21:40:11  17.3   0.0  32.0  50.7   0.0   30 2538087  56724 253.18   12.82  12.10  12.49  11.59  73.50  61.24  63.14  55.30
21:40:12  16.5   0.0  30.5  53.0   0.0   17 1954276  46887 250.65   12.52  12.02  12.23  11.59  72.72  60.24  62.62  55.07
21:40:13  15.7   0.0  30.7  53.6   0.0   33 1940071  47970 250.39   12.49  12.01  12.30  11.61  72.72  60.41  62.25  55.02
21:40:14  17.0   0.0  31.8  51.2   0.0   27 2169000  55762 252.02   12.59  12.12  12.18  11.63  73.21  60.98  62.34  55.48
21:40:15  16.5   0.0  30.7  52.8   0.0   31 1872582  47965 250.21   12.56  12.03  12.20  11.67  72.68  60.28  62.14  55.10
21:40:16  16.0   0.0  30.3  53.7   0.0   28 1724542  43637 249.12   12.48  12.03  12.18  11.70  72.48  60.07  61.91  54.65
21:40:17  15.4   0.0  30.3  54.3   0.0   20 1680892  46699 248.79   12.43  12.04  12.19  11.57  72.50  60.07  61.72  54.50
21:40:18  18.8   0.0  32.4  48.7   0.0   31 2225068  61239 252.21   12.81  12.07  12.23  11.63  73.32  61.40  62.43  55.06
21:40:19  15.7   0.0  29.7  54.5   0.0   26 1736602  46218 249.24   12.41  12.03  12.15  11.58  72.48  60.24  61.92  54.59
21:40:20  15.6   0.0  29.9  54.4   0.0   17 1751304  44423 249.17   12.43  12.06  12.20  11.60  72.48  60.31  61.77  54.62
21:40:21  16.0   0.0  30.3  53.8   0.0   30 1803905  50791 249.22   12.45  12.05  12.20  11.64  72.74  60.00  61.91  54.57
21:40:22  15.8   0.0  30.6  53.6   0.0   24 1948136  50797 249.76   12.55  12.09  12.23  11.51  72.68  60.28  62.13  54.68
21:40:23  15.2   0.0  30.6  54.2   0.0   37 1766904  44805 249.07   12.41  12.08  12.16  11.55  72.38  60.18  61.88  54.63
21:40:24  15.2   0.0  30.6  54.1   0.0   35 1800917  44707 249.46   12.45  12.05  12.18  11.60  72.60  60.04  61.94  54.88
21:40:25  12.4   0.0  23.6  64.0   0.0   32 1673993  50717 248.78   12.44  12.07  12.08  11.63  72.44  59.96  61.45  54.94
21:40:26  16.0   0.0  31.4  52.7   0.0   19 1876424  61900 248.07   12.40  12.04  12.13  11.52  72.47  60.31  60.37  54.92
21:40:27  15.7   0.0  31.7  52.6   0.0   16 1685003  52894 247.25   12.42  12.03  12.14  11.60  72.43  60.05  60.09  54.67
21:40:28  32.8   0.0  67.2   0.0   0.0   22 1653920  53413 248.89   12.43  12.11  12.36  11.80  72.51  61.41  60.24  54.73
21:40:29  15.2   0.0  30.5  54.3   0.0   19 1535667  54196 248.80   12.42  12.12  12.45  11.84  72.42  61.87  60.14  54.38
  Time    User  Nice   Sys  Idle    IO  Run Ctxt/s  IRQ/s  Watts    dram   dram   dram   dram  pkg-0  pkg-1  pkg-2  pkg-3
21:40:30  16.1   0.0  30.2  53.7   0.0   23 1670164  56438 249.50   12.62  12.12  12.53  11.93  72.57  62.09  60.28  54.55
21:40:31  11.2   0.0  23.2  65.7   0.0   31 1612440  58825 259.66   13.13  12.59  13.02  12.46  75.66  64.40  62.67  56.93
21:40:32  15.8   0.0  31.2  52.9   0.0   25 1489019  61499 236.78   11.91  11.56  11.84  11.34  69.27  59.40  56.03  52.08
21:40:33  16.4   0.0  31.1  52.5   0.0   27 1526672  64296 247.23   12.49  12.02  12.47  11.79  72.31  61.90  58.61  54.41
21:40:34  15.7   0.0  32.3  52.0   0.0   35 1432473  59756 247.01   12.46  12.12  12.47  11.74  72.35  61.87  58.53  54.25
21:40:35  33.5   0.0  66.5   0.0   0.0   29 1423309  60450 247.40   12.52  12.07  12.40  11.85  72.36  62.15  58.52  54.38
21:40:36  14.3   0.0  31.0  54.7   0.0   30 1608602  66272 249.33   12.46  12.10  12.54  11.74  72.60  63.28  58.95  54.50
21:40:37  18.5   0.0  33.7  47.8   0.0   35 1916325  88495 251.61   12.62  12.15  12.72  12.07  72.78  64.43  59.43  54.97
21:40:38  18.2   0.0  33.7  48.2   0.0   34 1924628  80582 251.82   12.79  12.09  12.69  12.05  73.04  64.38  59.48  54.92
21:40:39  16.5   0.0  32.3  51.1   0.0   24 1797096  74769 250.51   12.56  12.08  12.58  12.06  72.64  64.11  58.98  54.79
21:40:40  10.1   0.0  19.5  70.4   0.0   27 1668368  69867 265.32   13.27  12.86  13.40  12.54  77.08  68.03  62.44  57.77
21:40:41  17.9   0.0  32.7  49.4   0.0   32 1552286  75898 233.66   11.87  11.44  11.79  11.02  68.31  60.50  55.38  49.46
21:40:42  33.9   0.0  66.1   0.0   0.0   32 1491006  70535 251.45   12.64  12.34  12.54  11.89  73.42  65.30  59.38  53.35
21:40:43  35.7   0.0  64.3   0.0   0.0   26 1548577  73626 247.57   12.51  12.09  12.37  11.65  71.87  65.25  58.18  52.27
21:40:44  16.9   0.0  32.3  50.7   0.2   35 1471471  73686 250.42   12.56  12.18  12.47  11.75  72.66  66.01  58.89  52.86
21:40:45  17.1   0.0  32.7  50.2   0.0   33 1500863  71346 249.93   12.53  12.25  12.40  11.78  72.70  65.63  58.79  52.82
21:40:46  17.1   0.0  31.6  51.2   0.0   23 1487678  72650 249.66   12.55  12.28  12.34  11.66  72.62  65.63  58.83  52.58
21:40:47  17.7   0.0  31.7  50.6   0.0   35 1480773  68485 250.13   12.60  12.26  12.37  11.79  72.68  65.71  58.94  52.80
21:40:48  16.9   0.0  32.0  51.1   0.0   33 1495354  72338 249.97   12.58  12.24  12.37  11.78  72.72  65.70  58.81  52.73
21:40:49  16.6   0.0  33.2  50.1   0.0   28 1529217  70736 250.59   12.66  12.16  12.49  11.88  72.86  65.88  59.08  52.77
21:40:50  17.4   0.0  31.8  50.8   0.0   33 1515180  70412 250.09   12.57  12.17  12.41  11.73  72.60  65.89  58.94  52.66
21:40:51  18.7   0.0  32.1  49.2   0.0   23 1689761  80206 251.46   12.68  12.29  12.57  11.90  72.89  66.37  59.22  52.97
  Time    User  Nice   Sys  Idle    IO  Run Ctxt/s  IRQ/s  Watts    dram   dram   dram   dram  pkg-0  pkg-1  pkg-2  pkg-3
21:40:52  16.9   0.0  31.5  51.6   0.0   28 1511770  87215 250.11   12.47  12.26  12.47  11.81  72.71  65.77  58.80  52.83
21:40:53  18.8   0.0  32.4  48.9   0.0   25 1710209  82170 251.79   12.59  12.15  12.73  11.85  73.26  66.20  59.29  53.04
21:40:54  18.2   0.0  31.7  50.0   0.1   28 1638880  77013 251.36   12.63  12.11  12.60  11.77  73.17  65.94  59.14  53.11
21:40:55  17.7   0.0  32.3  50.0   0.0   19 1533851  71778 249.92   12.56  12.11  12.50  11.76  72.84  65.77  58.81  52.50
21:40:56  16.7   0.0  30.3  53.0   0.0   33 1490176  65725 249.54   12.51  12.16  12.38  11.81  72.70  65.41  58.76  52.68
21:40:57  34.3   0.0  65.7   0.0   0.0   19 1393994  67618 250.38   12.42  12.19  12.43  11.74  72.63  66.69  58.54  52.52
21:40:58  16.1   0.0  28.9  54.9   0.0   31 1524661  78579 252.08   12.55  12.17  12.55  11.82  72.64  67.87  58.91  52.66
21:40:59  15.1   0.0  28.5  56.3   0.0   33 1358575  68355 251.02   12.54  12.02  12.47  11.81  72.38  67.33  58.69  52.62
21:41:00  15.7   0.0  29.5  54.8   0.0   20 1402581  67641 251.71   12.61  12.18  12.45  11.88  72.55  67.53  58.80  52.82
21:41:01   0.5   0.0   1.0  98.5   0.1   33 1434601  70488 250.97   12.56  12.23  12.49  11.85  72.69  66.89  58.73  52.65
21:41:02  16.9   0.0  30.5  52.6   0.0   26 1377318  70129 249.90   12.42  12.17  12.42  11.77  72.53  65.84  58.90  52.64
21:41:03  16.7   0.0  31.1  52.2   0.0   33 1510765  69308 250.62   12.53  12.19  12.54  11.85  72.75  66.09  58.91  52.86
21:41:04   1.0   0.0   1.9  97.0   0.1   46 1445557  71698 267.20   13.31  12.99  13.30  12.62  77.71  70.07  62.99  56.44
21:41:05  34.8   0.0  65.2   0.0   0.0   32 1358157  63821 232.08   11.59  11.30  11.60  10.95  67.50  61.41  54.13  49.03
21:41:06  16.2   0.0  30.8  53.0   0.0   37 1449337  67049 250.04   12.51  12.17  12.47  11.79  72.79  65.99  58.40  52.86
21:41:07   7.9   0.0  15.7  76.4   0.0   34 1339623  68298 249.24   12.33  12.21  12.26  11.76  72.62  66.36  57.45  52.80
-------- ----- ----- ----- ----- ----- ---- ------ ------ ------  ------ ------ ------ ------ ------ ------ ------ ------
 Average  17.3   0.0  32.9  49.8   0.0 28.6 1667386.8 64973.7 250.03   12.53  12.12  12.39  11.75  72.68  63.51  59.98  53.87
  StdDev   6.5   0.0  12.5  19.0   0.0  6.1 255908.7 12637.6   5.02    0.25   0.24   0.29   0.26   1.39   2.79   1.98   1.50
-------- ----- ----- ----- ----- ----- ---- ------ ------ ------  ------ ------ ------ ------ ------ ------ ------ ------
 Minimum   0.5   0.0   1.0   0.0   0.0 16.0 1339623.0 43637.0 232.08   11.59  11.30  11.60  10.95  67.50  59.40  54.13  49.03
 Maximum  35.7   0.0  67.2  98.5   0.2 46.0 2538087.0 103577.0 267.20   13.31  12.99  13.40  12.62  77.71  70.07  63.58  57.77
-------- ----- ----- ----- ----- ----- ---- ------ ------ ------  ------ ------ ------ ------ ------ ------ ------ ------
Summary:
CPU: 250.03 Watts on average with standard deviation 5.02  
Note: power read from RAPL domains: dram, dram, dram, dram, package-0, package-1, package-2, package-3.
These readings do not cover all the hardware in this device.

Histogram (of 60 power measurements)

  Range (Watts)   Count
232.080 - 235.591     2 ##
235.592 - 239.104     1 #
239.105 - 242.616     0 
242.617 - 246.129     0 
246.130 - 249.641    20 #########################
249.642 - 253.154    32 ########################################
253.155 - 256.666     2 ##
256.667 - 260.179     1 #
260.180 - 263.691     0 
263.692 - 267.204     2 ##

Histogram (of 60 CPU utilization measurements)

  Range (%CPU)    Count
  1.541 -  11.386     2 #
 11.387 -  21.232     0 
 21.233 -  31.078     2 #
 31.079 -  40.924     3 ##
 40.925 -  50.770    42 ########################################
 50.771 -  60.616     5 ####
 60.617 -  70.461     0 
 70.462 -  80.307     0 
 80.308 -  90.153     0 
 90.154 -  99.999     6 #####
