Running for 60.0 seconds (60 samples at 1.0 second intervals).
Power measurements will start in 0 seconds time.

  Time    User  Nice   Sys  Idle    IO  Run Ctxt/s  IRQ/s  Watts    dram   dram   dram   dram  pkg-0  pkg-1  pkg-2  pkg-3
16:41:39   0.3   0.0   0.0  99.6   0.0    2   1154    889 159.62   11.72  11.96  12.01  11.64  41.23  39.25  41.00  38.14
16:41:40   0.2   0.0   0.1  99.7   0.0    1    850    576 159.83   11.73  11.98  11.90  11.63  41.08  39.27  40.91  38.57
16:41:41   0.2   0.0   0.1  99.7   0.0    1    713    733 159.42   11.68  12.00  12.00  11.41  40.84  39.27  40.98  38.32
16:41:42   0.0   0.0   0.0 100.0   0.0    1    174    324 159.81   11.72  11.99  12.00  11.39  40.59  39.24  41.00  38.99
16:41:43   0.2   0.0   0.1  99.7   0.0    1    692    677 159.69   11.68  11.92  12.01  11.51  40.45  39.27  41.03  38.93
16:41:44   0.2   0.0   0.1  99.7   0.0    1    724    464 159.76   11.81  12.03  12.00  11.39  40.47  39.27  41.03  38.99
16:41:45   0.0   0.0   0.1  99.9   0.0    2    211    632 159.47   11.87  12.02  11.96  11.53  40.54  39.29  41.03  38.62
16:41:46   0.2   0.0   0.1  99.7   0.0    1    592    457 159.79   11.88  12.02  12.04  11.47  40.50  39.24  41.00  39.05
16:41:47   0.0   0.0   0.1  99.9   0.0    2    229    584 160.16   11.91  12.02  11.96  11.52  40.82  39.27  41.03  39.03
16:41:48   0.2   0.0   0.0  99.7   0.0    1    641    442 159.62   11.86  11.96  12.00  11.55  40.27  39.28  41.00  39.07
16:41:49   0.2   0.0   0.1  99.7   0.0    1    705    690 159.90   11.80  11.95  11.98  11.56  40.78  39.27  40.96  38.89
16:41:50   0.0   0.0   0.0 100.0   0.0    1    112    274 159.95   11.75  12.03  11.96  11.50  40.78  39.25  41.04  38.89
16:41:51   0.2   0.0   0.1  99.7   0.0    1    606    602 160.45   11.49  11.94  11.96  11.58  41.01  39.27  41.03  39.14
16:41:52   0.2   0.0   0.1  99.7   0.0    1    689    498 160.27   11.55  11.97  11.97  11.57  41.01  39.28  40.99  38.98
16:41:53   0.0   0.0   0.0 100.0   0.0    1    186    605 160.15   11.71  12.01  12.00  11.49  40.99  39.23  40.91  39.01
16:41:54   0.3   0.0   0.1  99.6   0.0    1    569    449 160.56   11.76  12.03  12.00  11.45  40.99  39.29  41.04  39.25
16:41:55   0.1   0.0   0.1  99.8   0.0    2    579    612 161.42   11.77  12.00  11.96  11.60  41.16  39.49  41.01  39.76
16:41:56   0.0   0.0   0.0 100.0   0.0    1    221    368 164.92   11.80  11.96  12.01  11.42  41.76  40.36  41.00  41.80
16:41:57   0.2   0.0   0.1  99.7   0.0    1    655    683 165.66   11.80  12.04  12.06  11.43  41.98  40.25  41.49  41.95
16:41:58   0.0   0.0   0.0  99.9   0.0    2    175    285 161.73   11.62  12.00  12.00  11.36  40.78  39.62  41.00  40.33
16:41:59   0.2   0.0   0.0  99.8   0.0    1    533    572 160.44   11.82  11.95  12.02  11.37  40.94  39.23  41.04  39.23
16:42:00   0.2   0.0   0.1  99.7   0.0    1    633    419 164.24   11.77  12.00  12.02  11.42  41.87  40.09  41.22  41.07
  Time    User  Nice   Sys  Idle    IO  Run Ctxt/s  IRQ/s  Watts    dram   dram   dram   dram  pkg-0  pkg-1  pkg-2  pkg-3
16:42:01   0.2   0.0   0.1  99.7   0.0    1   1162    664 185.67   11.88  11.91  11.94  11.43  47.27  45.37  45.45  47.57
16:42:02   0.2   0.0   0.1  99.7   0.0    1    545    426 217.79   11.92  12.02  11.95  11.47  55.23  53.25  53.30  56.01
16:42:03   0.2   0.0   0.1  99.7   0.0    1    674   1348 175.12   11.87  12.03  12.01  11.48  44.53  42.76  43.28  44.55
16:42:04   0.0   0.0   0.0 100.0   0.0    1    212    352 167.99   11.63  11.99  12.02  11.62  42.80  41.08  41.30  42.80
16:42:05   0.2   0.0   0.1  99.7   0.0    2    700    614 168.35   11.73  12.01  12.03  11.77  42.87  41.08  41.61  42.80
16:42:06   0.2   0.0   0.1  99.7   0.0    1    617    396 168.45   11.79  12.02  11.94  11.68  42.77  41.12  41.72  42.84
16:42:07   0.0   0.0   0.0 100.0   0.0    1    124    478 167.99   11.74  12.00  12.01  11.51  42.80  41.07  41.32  42.79
16:42:08   0.2   0.0   0.1  99.7   0.0    1    703    502 167.69   11.55  11.97  11.99  11.76  42.81  41.08  41.01  42.79
16:42:09   0.1   0.0   0.1  99.8   0.0    1    631    599 168.73   11.73  11.98  11.95  11.59  42.81  41.01  42.09  42.82
16:42:10   0.0   0.0   0.0 100.0   0.0    1    117    308 169.37   11.50  11.95  11.99  11.43  42.75  41.19  42.63  42.80
16:42:11   0.2   0.0   0.1  99.7   0.0    1    583    624 167.99   11.87  11.97  11.99  11.43  42.81  41.10  41.25  42.83
16:42:12   0.0   0.0   0.1  99.9   0.0    2    293    458 167.89   11.89  11.94  11.99  11.43  42.80  41.07  41.26  42.75
16:42:13   0.2   0.0   0.0  99.8   0.0    1    601    569 167.76   11.86  12.04  11.96  11.63  42.77  41.04  41.14  42.80
16:42:14   0.2   0.0   0.1  99.7   0.0    1    602    404 168.31   11.79  12.06  12.00  11.52  42.80  41.06  41.63  42.82
16:42:15   0.0   0.0   0.0 100.0   0.0    2    179    477 168.38   11.87  12.04  12.04  11.53  42.74  41.07  41.79  42.78
16:42:16   0.2   0.0   0.1  99.7   0.0    1    668    534 168.14   11.77  12.04  12.00  11.34  42.81  41.06  41.24  43.03
16:42:17   0.2   0.0   0.1  99.7   0.0    1    638    613 167.87   11.90  12.01  12.01  11.33  42.77  41.11  41.14  42.84
16:42:18   0.0   0.0   0.0 100.0   0.0    1    104    328 169.09   11.88  11.93  11.99  11.45  42.78  41.10  42.39  42.81
16:42:19   0.1   0.0   0.1  99.8   0.0    1    593    613 169.30   11.94  11.96  12.03  11.45  42.81  41.06  42.03  43.41
16:42:20   0.1   0.0   0.1  99.8   0.0    1    631    487 169.67   11.88  12.03  12.04  11.38  42.77  41.36  41.65  43.89
16:42:21   0.0   0.0   0.0 100.0   0.0    1    176    528 167.79   11.86  11.94  11.95  11.34  42.80  41.12  41.08  42.79
16:42:22   0.2   0.0   0.1  99.7   0.0    1    643    417 168.27   11.69  12.00  11.98  11.38  42.84  41.04  41.51  42.88
  Time    User  Nice   Sys  Idle    IO  Run Ctxt/s  IRQ/s  Watts    dram   dram   dram   dram  pkg-0  pkg-1  pkg-2  pkg-3
16:42:23   0.0   0.0   0.1  99.9   0.0    2    265    510 168.42   11.73  12.00  11.96  11.34  42.75  41.04  41.83  42.79
16:42:24   0.2   0.0   0.1  99.8   0.0    1    532    464 168.07   11.84  11.99  12.00  11.37  42.82  41.12  41.34  42.79
16:42:25   0.2   0.0   0.1  99.7   0.0    2    641    610 168.21   11.78  11.95  11.97  11.37  42.87  41.11  41.32  42.91
16:42:26   0.0   0.0   0.0 100.0   0.0    1    110    316 169.41   11.90  12.02  12.02  11.45  42.75  41.15  42.70  42.82
16:42:27   0.2   0.0   0.1  99.7   0.0    1    544    633 168.96   11.85  12.02  11.99  11.48  42.82  41.06  41.72  43.37
16:42:28   0.2   0.0   0.1  99.7   0.0    1    693    503 168.26   11.84  11.97  11.96  11.45  42.82  41.02  41.43  42.98
16:42:29   0.0   0.0   0.0 100.0   0.0    1    176    535 167.65   11.64  12.02  11.96  11.40  42.76  41.05  41.04  42.80
16:42:30   0.3   0.0   0.1  99.7   0.0    1    566    395 167.84   11.72  12.01  12.04  11.47  42.81  41.08  41.10  42.84
16:42:31   0.2   0.0   0.1  99.7   0.0    1    587    547 168.29   11.72  12.01  11.98  11.36  42.81  41.06  41.40  43.03
16:42:32   0.0   0.0   0.0 100.0   0.0    1    211    430 168.29   11.74  12.00  12.02  11.44  42.81  41.02  41.20  43.26
16:42:33   0.2   0.0   0.1  99.7   0.0    1    678    634 174.28   11.70  12.04  11.95  11.30  44.06  42.36  42.34  45.51
16:42:34   0.2   0.0   0.1  99.7   0.0    3    609    417 211.67   11.49  11.97  11.92  11.38  53.46  51.68  51.68  54.85
16:42:35   0.0   0.0   0.1  99.9   0.0    2    146    568 169.07   11.81  12.02  11.99  11.41  42.80  41.28  41.15  43.84
16:42:36   0.3   0.0   0.1  99.6   0.0    1    694    527 168.89   11.71  12.02  11.99  11.40  42.77  41.14  41.40  43.58
16:42:37   0.0   0.0   0.0  99.9   0.0    2    226    548 168.25   11.91  12.00  11.99  11.40  42.79  41.05  41.04  43.37
16:42:38   0.2   0.0   0.1  99.8   0.0    1    553    383 168.03   11.99  11.96  12.03  11.38  42.82  41.03  41.01  43.16
-------- ----- ----- ----- ----- ----- ---- ------ ------ ------  ------ ------ ------ ------ ------ ------ ------ ------
 Average   0.1   0.0   0.1  99.8   0.0  1.2  501.2  526.6 167.63   11.77  11.99  11.99  11.47  42.63  40.98  41.80  42.22
  StdDev   0.1   0.0   0.0   0.1   0.0  0.5  251.1  161.5  10.01    0.11   0.04   0.03   0.10   2.49   2.40   2.11   3.21
-------- ----- ----- ----- ----- ----- ---- ------ ------ ------  ------ ------ ------ ------ ------ ------ ------ ------
 Minimum   0.0   0.0   0.0  99.6   0.0  1.0  104.0  274.0 159.42   11.49  11.91  11.90  11.30  40.27  39.23  40.91  38.14
 Maximum   0.3   0.0   0.1 100.0   0.0  3.0 1162.0 1348.0 217.79   11.99  12.06  12.06  11.77  55.23  53.25  53.30  56.01
-------- ----- ----- ----- ----- ----- ---- ------ ------ ------  ------ ------ ------ ------ ------ ------ ------ ------
Summary:
CPU: 167.63 Watts on average with standard deviation 10.01 
Note: power read from RAPL domains: dram, dram, dram, dram, package-0, package-1, package-2, package-3.
These readings do not cover all the hardware in this device.

Histogram (of 60 power measurements)

  Range (Watts)   Count
159.418 - 165.255    21 ########################
165.256 - 171.092    34 ########################################
171.093 - 176.930     2 ##
176.931 - 182.767     0 
182.768 - 188.605     1 #
188.606 - 194.442     0 
194.443 - 200.280     0 
200.281 - 206.117     0 
206.118 - 211.955     1 #
211.956 - 217.793     1 #

Histogram (of 60 CPU utilization measurements)

Range (%CPU)  Count
0.000 - 0.037    12 ##########################
0.038 - 0.074     4 ########
0.075 - 0.112     3 ######
0.113 - 0.149     1 ##
0.150 - 0.187     0 
0.188 - 0.224     6 #############
0.225 - 0.262     3 ######
0.263 - 0.299    18 ########################################
0.300 - 0.337     8 #################
0.338 - 0.374     5 ###########
