Running for 60.0 seconds (60 samples at 1.0 second intervals).
Power measurements will start in 0 seconds time.

  Time    User  Nice   Sys  Idle    IO  Run Ctxt/s  IRQ/s  Watts    dram   dram   dram   dram  pkg-0  pkg-1  pkg-2  pkg-3
16:42:39  50.3   0.0   0.1  49.6   0.0   41   2215  11404 193.64   12.03  11.96  12.00  11.34  48.78  48.47  47.75  48.64
16:42:40  50.2   0.0   0.1  49.7   0.0   42   1705  10732 220.64   11.95  11.94  11.96  11.37  56.28  55.67  54.21  54.47
16:42:41  50.1   0.0   0.0  49.9   0.0   41   1310  10819 217.60   11.95  12.04  12.03  11.28  54.20  56.19  53.53  53.68
16:42:42  50.2   0.0   0.1  49.7   0.0   41   1597  10655 199.60   11.94  12.01  12.05  11.41  48.96  51.00  49.81  49.82
16:42:43  50.0   0.0   0.0  49.9   0.0   42   1240  10896 196.80   11.97  11.96  12.07  11.32  48.07  49.94  49.02  49.77
16:42:44  50.2   0.0   0.1  49.7   0.0   41   1754  10725 195.84   11.97  12.01  11.99  11.36  48.22  49.77  48.03  49.82
16:42:45  50.2   0.0   0.2  49.6   0.0   41   1728  10998 226.39   11.93  11.99  11.99  11.39  56.60  56.69  55.04  58.05
16:42:46  50.0   0.0   0.0  50.0   0.0   41   1103  10539 241.84   12.03  11.94  12.04  11.33  59.47  60.32  60.06  62.00
16:42:47  50.2   0.0   0.1  49.7   0.0   41   1700  10932 222.20   12.01  11.97  12.03  11.35  53.27  55.89  55.87  57.16
16:42:48  50.2   0.0   0.1  49.7   0.0   41   1695  10728 194.38   11.97  12.01  12.05  11.41  44.69  49.82  49.82  50.04
16:42:49  50.0   0.0   0.0  50.0   0.0   41   1199  10821 209.59   12.03  12.02  12.04  11.33  48.70  53.36  53.34  54.19
16:42:50  50.2   0.0   0.1  49.7   0.0   41   1509  10662 224.98   11.99  11.95  12.06  11.41  53.16  57.08  57.04  57.69
16:42:51  50.2   0.0   0.1  49.7   0.0   42   1604  10974 191.90   12.00  11.96  12.04  11.45  44.55  49.82  49.82  47.69
16:42:52  50.1   0.0   0.0  49.9   0.0   41   1265  10620 190.38   11.99  11.95  12.04  11.40  44.41  49.83  49.81  46.33
16:42:53  50.2   0.0   0.1  49.6   0.0   41   1608  10910 190.23   11.97  11.98  11.95  11.37  44.46  49.77  49.76  46.24
16:42:54  50.1   0.0   0.0  49.9   0.0   42   1087  10525 189.90   11.99  11.98  11.95  11.38  44.41  49.81  49.76  45.91
16:42:55  50.2   0.0   0.1  49.7   0.0   41   1670  10934 188.86   12.00  11.99  11.93  11.50  44.17  49.83  49.79  45.07
16:42:56  50.3   0.0   0.1  49.6   0.0   41   1678  10721 189.40   11.96  11.96  12.01  11.32  44.45  49.82  49.73  45.40
16:42:57  50.0   0.0   0.0  50.0   0.0   41   1204  10813 188.47   12.02  12.02  12.04  11.39  44.31  49.78  49.82  44.56
16:42:58  50.3   0.0   0.1  49.7   0.0   41   1542  10660 188.83   12.02  12.01  12.16  11.40  44.44  49.83  49.81  44.75
16:42:59  50.3   0.0   0.1  49.6   0.0   41   1653  11007 190.10   12.00  11.92  12.17  11.55  44.24  49.82  49.82  46.21
16:43:00  50.2   0.0   0.0  49.8   0.0   42   1830  10668 190.22   11.98  12.05  12.11  11.47  44.42  49.78  49.77  46.25
  Time    User  Nice   Sys  Idle    IO  Run Ctxt/s  IRQ/s  Watts    dram   dram   dram   dram  pkg-0  pkg-1  pkg-2  pkg-3
16:43:01  50.4   0.0   0.1  49.5   0.0   41   1951  10976 191.08   11.99  11.96  12.11  11.42  44.36  49.82  49.78  47.12
16:43:02  50.2   0.0   0.1  49.7   0.0   43   1453  10621 198.10   12.02  12.00  12.06  11.44  45.92  51.19  51.10  49.87
16:43:03  50.1   0.0   0.1  49.8   0.0   41   1302  10848 205.10   12.00  11.95  12.09  11.52  48.46  52.72  52.60  51.33
16:43:04  50.2   0.0   0.1  49.6   0.0   41   1724  10730 193.94   11.94  12.01  12.04  11.46  46.22  49.83  49.78  48.12
16:43:05  50.1   0.0   0.0  49.9   0.0   41   1204  10832 194.06   11.97  12.03  11.99  11.56  46.38  49.83  49.79  48.07
16:43:06  50.3   0.0   0.1  49.6   0.0   41   1501  10631 195.14   12.01  12.00  11.99  11.62  47.55  49.79  49.76  48.03
16:43:07  50.2   0.0   0.1  49.7   0.0   41   1650  10893 195.50   12.01  12.02  11.93  11.53  47.79  49.83  49.79  48.09
16:43:08  50.0   0.0   0.0  50.0   0.0   41   1227  10678 195.16   12.03  11.92  11.99  11.62  47.44  49.83  49.82  48.07
16:43:09  50.2   0.0   0.1  49.7   0.0   41   1724  10920 194.65   11.98  12.00  12.14  11.50  47.10  49.77  49.75  48.03
16:43:10  50.2   0.0   0.1  49.7   0.0   41   1515  10650 195.17   11.96  12.01  12.01  11.46  47.47  49.82  49.78  48.09
16:43:11  50.0   0.0   0.0  50.0   0.0   41   1179  10806 195.29   12.00  11.97  11.94  11.41  47.58  49.83  49.81  48.07
16:43:12  50.2   0.0   0.1  49.7   0.0   41   1697  10731 195.42   11.98  12.01  12.09  11.44  47.79  49.77  49.77  48.09
16:43:13  50.2   0.0   0.1  49.7   0.0   42   1635  10892 195.60   11.99  12.02  12.00  11.52  47.89  49.82  49.82  48.07
16:43:14  50.1   0.0   0.0  49.9   0.0   41   1092  10524 195.68   11.87  11.91  12.05  11.51  48.02  49.83  49.76  48.07
16:43:15  50.3   0.0   0.1  49.6   0.0   41   1740  10966 195.58   11.95  11.96  12.02  11.38  47.92  49.77  49.71  48.18
16:43:16  50.0   0.0   0.1  49.9   0.0   42   1251  10723 195.41   11.96  11.87  12.09  11.40  47.89  49.82  49.74  47.95
16:43:17  50.2   0.0   0.1  49.7   0.0   41   1585  10950 195.43   11.97  11.98  12.20  11.56  47.96  49.82  49.74  47.90
16:43:18  50.2   0.0   0.1  49.7   0.0   41   1553  10687 195.22   11.95  11.96  12.08  11.46  48.01  49.77  49.42  48.03
16:43:19  50.0   0.0   0.0  50.0   0.0   41   1176  10815 195.45   11.86  11.96  12.31  11.38  47.74  49.83  49.82  48.07
16:43:20  50.2   0.0   0.1  49.7   0.0   41   1684  10718 195.57   11.88  11.98  12.19  11.41  47.93  49.82  49.77  48.04
16:43:21  50.3   0.0   0.1  49.7   0.0   41   1640  10889 218.87   11.94  11.99  12.23  11.42  53.52  55.30  55.24  54.81
16:43:22  50.0   0.0   0.0  50.0   0.0   41   1073  10524 197.82   12.03  12.01  12.13  11.37  47.84  50.59  50.49  48.91
  Time    User  Nice   Sys  Idle    IO  Run Ctxt/s  IRQ/s  Watts    dram   dram   dram   dram  pkg-0  pkg-1  pkg-2  pkg-3
16:43:23  50.2   0.0   0.1  49.7   0.0   41   1665  10908 195.50   11.97  12.01  12.04  11.35  47.49  49.82  49.70  48.48
16:43:24  50.2   0.0   0.1  49.7   0.0   42   1627  10777 207.00   12.02  12.00  12.11  11.38  50.42  52.45  52.31  51.82
16:43:25  50.1   0.0   0.0  49.9   0.0   41   1273  10850 194.87   12.03  11.91  12.24  11.39  47.91  49.78  49.06  48.12
16:43:26  50.2   0.0   0.1  49.7   0.0   41   1554  10655 195.14   12.07  12.00  12.22  11.31  47.82  49.82  49.42  48.08
16:43:27  50.0   0.0   0.0  50.0   0.0   43   1182  10800 196.81   12.00  12.07  12.01  11.37  47.73  49.82  49.74  49.52
16:43:28  50.2   0.0   0.2  49.7   0.0   41   1682  10704 197.13   11.91  12.00  12.14  11.38  47.82  49.78  49.67  49.86
16:43:29  50.2   0.0   0.1  49.7   0.0   41   1582  10900 197.14   11.93  12.01  12.13  11.39  47.92  49.82  49.66  49.74
16:43:30  50.0   0.0   0.0  50.0   0.0   41   1067  10538 197.12   11.83  11.92  12.08  11.36  47.76  49.83  49.70  49.82
16:43:31  50.2   0.0   0.1  49.7   0.0   41   1638  10882 211.08   11.95  11.98  12.31  11.36  51.11  53.14  52.90  53.94
16:43:32  50.2   0.0   0.1  49.6   0.0   41   1693  10807 197.10   11.97  11.98  12.00  11.30  47.53  49.82  49.67  50.08
16:43:33  50.0   0.0   0.0  50.0   0.0   41   1211  10806 208.90   11.96  12.03  12.04  11.35  50.60  52.69  52.38  53.23
16:43:34  50.2   0.0   0.1  49.7   0.0   41   1520  10643 228.64   11.93  12.01  12.24  11.34  55.37  57.32  57.16  58.79
16:43:35  50.2   0.0   0.1  49.7   0.0   42   1656  10938 196.99   11.91  11.91  12.18  11.35  47.71  49.81  49.64  49.83
16:43:36  50.1   0.0   0.0  49.9   0.0   41   1271  10611 196.66   11.93  12.01  12.07  11.35  47.31  49.82  49.72  49.80
16:43:37  50.2   0.0   0.1  49.7   0.0   41   1611  10896 196.98   11.95  12.01  12.12  11.42  47.59  49.82  49.56  50.01
16:43:38  50.0   0.0   0.0  50.0   0.0   41   1085  10530 196.95   11.83  11.97  12.07  11.29  47.67  49.78  49.68  49.82
-------- ----- ----- ----- ----- ----- ---- ------ ------ ------  ------ ------ ------ ------ ------ ------ ------ ------
 Average  50.2   0.0   0.1  49.8   0.0 41.2 1496.2 10783.2 199.75   11.97  11.98  12.07  11.41  48.21  51.03  50.77  49.73
  StdDev   0.1   0.0   0.0   0.1   0.0  0.5  251.4  157.8  11.27    0.05   0.04   0.09   0.08   3.27   2.49   2.37   3.57
-------- ----- ----- ----- ----- ----- ---- ------ ------ ------  ------ ------ ------ ------ ------ ------ ------ ------
 Minimum  50.0   0.0   0.0  49.5   0.0 41.0 1067.0 10524.0 188.47   11.83  11.87  11.93  11.28  44.17  48.47  47.75  44.56
 Maximum  50.4   0.0   0.2  50.0   0.0 43.0 2215.0 11404.0 241.84   12.07  12.07  12.31  11.62  59.47  60.32  60.06  62.00
-------- ----- ----- ----- ----- ----- ---- ------ ------ ------  ------ ------ ------ ------ ------ ------ ------ ------
Summary:
CPU: 199.75 Watts on average with standard deviation 11.27 
Note: power read from RAPL domains: dram, dram, dram, dram, package-0, package-1, package-2, package-3.
These readings do not cover all the hardware in this device.

Histogram (of 60 power measurements)

  Range (Watts)   Count
188.469 - 193.805    12 ##############
193.806 - 199.143    34 ########################################
199.144 - 204.480     1 #
204.481 - 209.818     4 ####
209.819 - 215.155     1 #
215.156 - 220.493     2 ##
220.494 - 225.830     3 ###
225.831 - 231.168     2 ##
231.169 - 236.505     0 
236.506 - 241.843     1 #

Histogram (of 60 CPU utilization measurements)

 Range (%CPU)   Count
50.025 - 50.070    15 #################################
50.071 - 50.117     4 ########
50.118 - 50.163     2 ####
50.164 - 50.209     0 
50.210 - 50.256     3 ######
50.257 - 50.302     8 #################
50.303 - 50.348    18 ########################################
50.349 - 50.395     8 #################
50.396 - 50.441     1 ##
50.442 - 50.487     1 ##
