Running for 60.0 seconds (60 samples at 1.0 second intervals).
Power measurements will start in 0 seconds time.

  Time    User  Nice   Sys  Idle    IO  Run Ctxt/s  IRQ/s  Watts    dram   dram   dram   dram  pkg-0  pkg-1  pkg-2  pkg-3
16:43:39 100.0   0.0   0.0   0.0   0.0   81   2188  20480 210.71   11.97  11.96  12.19  11.40  53.97  52.02  51.94  52.78
16:43:40  99.8   0.0   0.1   0.2   0.0   81   2859  20649 247.93   12.01  11.94  12.06  11.36  64.40  61.44  61.16  60.92
16:43:41  99.8   0.0   0.1   0.1   0.0   81   2496  20509 272.53   11.96  11.97  12.12  11.37  70.91  67.28  67.21  67.13
16:43:42  99.7   0.0   0.0   0.3   0.0   81   2207  20408 272.32   11.96  12.00  12.21  11.35  70.98  67.22  67.28  66.84
16:43:43  99.9   0.0   0.1   0.0   0.0   81   2501  20497 272.68   12.00  11.98  12.05  11.34  71.00  67.27  67.28  67.13
16:43:44  99.9   0.0   0.1   0.0   0.0   82   2579  20487 273.42   11.98  12.01  11.99  11.40  72.00  67.28  67.21  66.92
16:43:45  99.9   0.0   0.0   0.0   0.0   81   2237  20443 272.81   11.95  11.96  12.01  11.34  71.06  67.21  67.28  67.26
16:43:46  99.7   0.0   0.1   0.2   0.0   81   2591  20541 273.21   11.99  12.02  11.97  11.33  71.54  67.28  67.29  67.11
16:43:47 100.0   0.0   0.0   0.0   0.0   81   2075  20421 272.96   11.95  11.94  12.00  11.44  71.54  67.28  67.21  66.93
16:43:48  99.7   0.0   0.1   0.2   0.0   81   2732  20665 272.91   11.94  12.00  12.09  11.42  71.23  67.21  67.28  67.19
16:43:49  99.6   0.0   0.1   0.3   0.0   81   2461  20493 272.53   11.94  11.97  12.03  11.38  70.79  67.28  67.28  67.17
16:43:50 100.0   0.0   0.0   0.0   0.0   81   2180  20404 272.46   12.01  11.96  12.15  11.44  71.12  67.28  67.20  66.86
16:43:51  99.9   0.0   0.1   0.0   0.0   81   2499  20449 272.45   11.95  12.01  12.01  11.32  70.86  67.20  67.28  67.10
16:43:52  99.9   0.0   0.1   0.0   0.0   81   2703  20526 272.75   11.92  12.04  12.00  11.34  71.02  67.27  67.26  67.20
16:43:53  99.9   0.0   0.0   0.1   0.0   81   2047  20420 272.56   11.99  12.01  11.97  11.38  70.99  67.29  67.22  67.06
16:43:54  99.8   0.0   0.1   0.1   0.0   81   2589  20459 272.91   11.95  11.98  11.99  11.55  71.24  67.27  67.27  67.12
16:43:55  99.9   0.0   0.1   0.0   0.0   83   2217  20508 272.72   12.01  11.96  12.08  11.56  71.23  67.22  67.28  66.99
16:43:56  99.8   0.0   0.0   0.2   0.0   81   2590  20498 271.66   12.00  11.89  12.06  11.55  70.84  67.28  67.27  66.27
16:43:57  99.9   0.0   0.1   0.0   0.0   81   2417  20570 272.69   11.97  11.97  12.00  11.39  71.08  67.27  67.20  67.13
16:43:58 100.0   0.0   0.0   0.0   0.0   81   2175  20347 271.99   11.97  11.93  12.05  11.38  70.81  67.22  67.29  66.67
16:43:59  99.8   0.0   0.1   0.2   0.0   81   2424  20534 272.68   11.96  12.00  11.97  11.37  71.12  67.28  67.28  67.00
16:44:00  99.6   0.0   0.1   0.3   0.0   81   3376  20508 273.53   11.98  12.02  12.01  11.34  71.86  67.28  67.21  67.19
  Time    User  Nice   Sys  Idle    IO  Run Ctxt/s  IRQ/s  Watts    dram   dram   dram   dram  pkg-0  pkg-1  pkg-2  pkg-3
16:44:01 100.0   0.0   0.0   0.0   0.0   81   2064  20477 272.84   11.98  12.03  12.06  11.32  71.36  67.21  67.28  66.99
16:44:02  99.7   0.0   0.1   0.2   0.0   81   2588  20469 273.01   12.00  11.96  12.01  11.37  71.30  67.28  67.28  67.16
16:44:03  99.9   0.0   0.1   0.0   0.0   81   2584  20551 272.86   11.97  12.02  12.05  11.30  71.17  67.28  67.21  67.20
16:44:04 100.0   0.0   0.0   0.0   0.0   81   2292  20412 273.01   11.97  11.96  12.00  11.43  71.27  67.21  67.28  67.24
16:44:05  99.6   0.0   0.1   0.2   0.0   81   2501  20630 272.99   12.01  12.03  12.00  11.35  71.17  67.28  67.28  67.25
16:44:06  99.9   0.0   0.1   0.0   0.0   81   2219  20370 272.67   12.00  12.01  12.05  11.39  70.94  67.28  67.21  67.24
16:44:07  99.8   0.0   0.0   0.2   0.0   81   2392  20520 272.88   11.93  12.03  11.97  11.41  71.22  67.21  67.28  67.17
16:44:08  99.9   0.0   0.1   0.0   0.0   81   2692  20428 272.87   11.94  12.02  11.99  11.35  71.07  67.28  67.28  67.25
16:44:09 100.0   0.0   0.0   0.0   0.0   81   2028  20444 272.56   11.81  11.98  11.99  11.46  70.91  67.28  67.27  67.10
16:44:10  99.9   0.0   0.1   0.0   0.0   81   2563  20412 272.79   11.94  11.98  11.97  11.39  71.26  67.21  67.21  67.10
16:44:11  99.8   0.0   0.1   0.2   0.0   81   2488  20509 273.11   12.04  12.00  12.01  11.43  71.28  67.28  67.28  67.26
16:44:12 100.0   0.0   0.0   0.0   0.0   81   2289  20361 272.64   11.91  12.01  12.04  11.45  71.04  67.28  67.28  67.04
16:44:13  99.8   0.0   0.1   0.1   0.0   81   2437  20617 272.71   12.01  11.97  11.99  11.36  71.09  67.21  67.21  67.20
16:44:14  99.9   0.0   0.1   0.0   0.0   83   2494  20414 273.43   12.02  12.01  12.09  11.46  71.58  67.28  67.28  67.29
16:44:15  99.8   0.0   0.0   0.1   0.0   81   2226  20526 272.90   11.94  11.96  12.03  11.51  71.06  67.28  67.28  67.28
16:44:16  99.9   0.0   0.1   0.1   0.0   81   2723  20420 273.17   11.97  12.01  12.05  11.42  71.49  67.28  67.21  67.18
16:44:17 100.0   0.0   0.0   0.0   0.0   82   2047  20452 272.79   11.94  11.95  12.06  11.31  71.05  67.21  67.28  67.25
16:44:18  99.8   0.0   0.1   0.1   0.0   81   2619  20426 273.42   12.00  12.05  11.99  11.39  71.57  67.28  67.28  67.29
16:44:19  99.9   0.0   0.1   0.0   0.0   81   2516  20558 272.77   11.94  11.96  12.04  11.34  71.17  67.27  67.21  67.11
16:44:20 100.0   0.0   0.0   0.0   0.0   81   2287  20351 273.11   11.84  12.00  12.01  11.34  71.48  67.21  67.28  67.14
16:44:21  99.8   0.0   0.1   0.1   0.0   81   2450  20645 273.29   11.81  11.95  12.02  11.35  71.59  67.27  67.27  67.16
16:44:22  99.8   0.0   0.1   0.1   0.0   81   2619  20468 272.74   11.88  11.94  12.00  11.34  71.04  67.28  67.21  67.21
  Time    User  Nice   Sys  Idle    IO  Run Ctxt/s  IRQ/s  Watts    dram   dram   dram   dram  pkg-0  pkg-1  pkg-2  pkg-3
16:44:23  99.9   0.0   0.0   0.1   0.0   81   2067  20465 272.30   11.99  11.93  11.99  11.36  70.69  67.22  67.29  67.10
16:44:24  99.7   0.0   0.1   0.2   0.0   81   2802  20443 272.69   11.92  12.02  11.99  11.35  70.95  67.27  67.27  67.20
16:44:25  99.9   0.0   0.1   0.0   0.0   83   2378  20596 272.45   12.01  12.00  11.99  11.48  70.86  67.28  67.21  67.09
16:44:26  99.8   0.0   0.0   0.2   0.0   81   2249  20359 272.60   11.92  11.99  12.03  11.31  71.05  67.21  67.28  67.05
16:44:27  99.9   0.0   0.1   0.0   0.0   81   2549  20547 272.64   11.97  11.92  11.99  11.38  70.90  67.28  67.27  67.19
16:44:28 100.0   0.0   0.0   0.0   0.0   82   2292  20345 272.49   11.76  12.01  12.00  11.30  70.95  67.28  67.22  67.04
16:44:29  99.9   0.0   0.1   0.0   0.0   81   2363  20581 272.48   11.84  11.97  12.03  11.34  70.77  67.29  67.27  67.15
16:44:30  99.9   0.0   0.1   0.1   0.0   81   2633  20409 273.07   11.95  12.01  12.02  11.39  71.23  67.22  67.28  67.34
16:44:31 100.0   0.0   0.0   0.0   0.0   81   2066  20449 272.30   11.88  12.01  12.03  11.37  70.75  67.28  67.21  67.06
16:44:32  99.8   0.0   0.1   0.2   0.0   81   2706  20461 272.35   11.96  12.01  11.93  11.32  70.78  67.29  67.28  67.01
16:44:33  99.8   0.0   0.1   0.1   0.0   81   2465  20581 272.46   11.90  12.01  11.97  11.41  70.76  67.21  67.27  67.21
16:44:34  99.9   0.0   0.0   0.1   0.0   81   2163  20344 272.45   11.91  11.96  12.03  11.38  70.82  67.28  67.28  67.07
16:44:35  99.7   0.0   0.1   0.2   0.0   81   2521  20602 272.62   11.76  11.98  12.09  11.34  70.84  67.27  67.21  67.30
16:44:36  99.9   0.0   0.1   0.0   0.0   97   2508  20428 272.34   11.76  12.01  12.04  11.34  70.70  67.22  67.28  67.15
16:44:37  99.7   0.0   0.0   0.3   0.0   81   2204  20572 272.38   11.79  11.89  11.97  11.34  70.75  67.28  67.28  67.07
16:44:38  99.9   0.0   0.1   0.0   0.0   81   2569  20430 272.67   11.85  12.01  12.04  11.35  70.85  67.29  67.21  67.32
-------- ----- ----- ----- ----- ----- ---- ------ ------ ------  ------ ------ ------ ------ ------ ------ ------ ------
 Average  99.9   0.0   0.1   0.1   0.0 81.4 2429.9 20481.5 271.29   11.94  11.98  12.03  11.38  70.71  66.91  66.90  66.77
  StdDev   0.1   0.0   0.0   0.1   0.0  2.1  245.0   81.6   8.51    0.07   0.04   0.05   0.06   2.36   2.08   2.10   1.99
-------- ----- ----- ----- ----- ----- ---- ------ ------ ------  ------ ------ ------ ------ ------ ------ ------ ------
 Minimum  99.6   0.0   0.0   0.0   0.0 81.0 2028.0 20344.0 210.71   11.76  11.89  11.93  11.30  53.97  52.02  51.94  52.78
 Maximum 100.0   0.0   0.1   0.3   0.0 97.0 3376.0 20665.0 273.53   12.04  12.05  12.21  11.56  72.00  67.29  67.29  67.34
-------- ----- ----- ----- ----- ----- ---- ------ ------ ------  ------ ------ ------ ------ ------ ------ ------ ------
Summary:
CPU: 271.29 Watts on average with standard deviation 8.51  
Note: power read from RAPL domains: dram, dram, dram, dram, package-0, package-1, package-2, package-3.
These readings do not cover all the hardware in this device.

Histogram (of 60 power measurements)

  Range (Watts)   Count
210.709 - 216.990     1 
216.991 - 223.272     0 
223.273 - 229.555     0 
229.556 - 235.837     0 
235.838 - 242.119     0 
242.120 - 248.402     1 
248.403 - 254.684     0 
254.685 - 260.966     0 
260.967 - 267.249     0 
267.250 - 273.531    58 ########################################

Histogram (of 60 CPU utilization measurements)

  Range (%CPU)    Count
 99.712 -  99.740     4 #####
 99.741 -  99.769     1 #
 99.770 -  99.798     1 #
 99.799 -  99.827     7 #########
 99.828 -  99.855     5 ######
 99.856 -  99.884     1 #
 99.885 -  99.913     8 ###########
 99.914 -  99.942     1 #
 99.943 -  99.970     3 ####
 99.971 -  99.999    29 ########################################
