fnl@fnl-one:~/nfv/v5.3$ powerstat -RDH
Running for 60.0 seconds (60 samples at 1.0 second intervals).
Power measurements will start in 0 seconds time.

  Time    User  Nice   Sys  Idle    IO  Run Ctxt/s  IRQ/s  Watts    dram   dram   dram   dram  pkg-0  pkg-1  pkg-2  pkg-3
21:45:13   8.8   0.0  15.6  75.6   0.0   14 1662040  49845 273.14   12.12  12.08  12.11  11.62  72.40  67.07  66.33  67.34
21:45:14   9.2   0.0  16.6  74.2   0.0   23 1882617  52795 273.40   12.12  12.06  12.18  11.58  72.50  67.64  66.18  67.07
21:45:15   8.7   0.0  16.7  74.6   0.0   28 1756776  49905 272.57   12.19  11.99  12.18  11.49  72.40  67.26  66.00  66.90
21:45:16  10.1   0.0  17.2  72.6   0.0   22 2003510  56099 274.47   12.20  12.19  12.28  11.60  72.46  67.98  66.47  67.57
21:45:17   9.6   0.0  17.4  73.0   0.1   13 2015807  52575 274.51   12.16  12.13  12.23  11.67  72.78  67.78  66.68  67.27
21:45:18   9.1   0.0  16.2  74.7   0.0   21 1858243  57724 273.88   12.10  12.13  12.16  11.65  72.75  67.70  66.03  67.40
21:45:19   9.2   0.0  16.5  74.3   0.0   14 1782650  51486 273.30   12.05  11.97  12.18  11.56  72.47  67.38  65.99  67.46
21:45:20   7.8   0.0  16.6  75.6   0.0   28 1564397  45542 270.00   12.10  12.03  12.04  11.63  71.95  66.63  65.04  66.37
21:45:21   8.4   0.0  17.2  74.4   0.0   26 1746566  48908 271.93   12.15  12.04  11.98  11.88  72.27  67.11  65.62  66.93
21:45:22   8.9   0.0  16.6  74.4   0.1   27 1861869  51471 272.13   12.12  12.04  12.18  11.93  72.28  67.12  65.53  67.20
21:45:23   8.6   0.0  17.2  74.3   0.0   14 1699843  47619 271.50   12.15  11.99  12.11  11.92  72.21  66.50  66.01  66.78
21:45:24   8.0   0.0  15.9  76.1   0.0   30 1556907  45641 270.31   12.10  12.09  12.04  11.76  72.09  66.51  65.17  66.55
21:45:25   9.3   0.0  16.5  74.1   0.0   21 1814586  53043 273.29   12.19  12.21  12.34  11.51  72.39  67.37  66.28  67.25
21:45:26   8.7   0.0  15.7  75.6   0.0   23 1426854  48451 271.49   12.15  12.14  12.09  11.53  72.21  66.47  65.88  66.93
21:45:27   9.9   0.0  17.3  72.8   0.0   23 2282017  57481 273.91   12.27  12.10  12.35  11.79  72.48  67.76  66.29  67.38
21:45:28   9.1   0.0  16.9  73.9   0.0   28 1934492  52398 272.05   12.09  12.06  12.13  11.84  72.38  67.10  65.78  66.79
21:45:29  10.0   0.0  18.5  71.5   0.0   28 2484553  58056 274.79   12.06  12.16  12.32  11.73  72.73  68.16  66.72  67.17
21:45:30  10.1   0.0  17.6  72.3   0.0   24 2249533  63025 274.98   12.07  12.20  12.37  11.89  72.62  67.95  66.86  67.54
21:45:31   9.8   0.0  16.1  74.1   0.0   27 1735775  57797 274.96   12.12  12.21  12.10  11.83  72.77  67.50  67.22  67.46
21:45:32   9.3   0.0  17.3  73.3   0.0   20 2182447  53993 274.14   12.14  12.29  12.22  11.85  73.09  67.54  66.18  67.34
21:45:33   8.4   0.0  17.4  74.2   0.0   27 1937332  48151 271.83   12.01  12.14  12.15  11.83  72.34  67.26  65.76  66.47
21:45:34   9.8   0.0  17.4  72.8   0.0   31 2087064  53280 274.62   12.07  12.28  12.22  11.70  72.64  68.01  66.48  67.49
  Time    User  Nice   Sys  Idle    IO  Run Ctxt/s  IRQ/s  Watts    dram   dram   dram   dram  pkg-0  pkg-1  pkg-2  pkg-3
21:45:35   7.9   0.0  16.3  75.8   0.0   32 1512106  51166 269.70   12.07  12.04  12.04  11.77  71.81  66.59  65.15  66.15
21:45:36  10.3   0.0  15.9  73.8   0.0   19 1795444 119119 275.12   12.07  12.44  12.24  11.87  72.78  67.83  66.94  67.58
21:45:37   9.4   0.0  16.4  74.2   0.0   19 1844860 162954 274.12   12.17  12.29  12.23  11.69  72.56  67.74  66.30  67.51
21:45:38  10.2   0.0  16.8  73.1   0.0   17 1946839  96582 274.37   12.17  12.25  12.23  11.80  72.65  67.94  66.23  67.54
21:45:39   9.9   0.0  16.4  73.7   0.0   26 1485774  47226 274.39   12.12  12.16  12.06  11.73  72.74  67.24  66.73  67.68
21:45:40   9.1   0.0  16.2  74.7   0.0   25 1540078  47192 272.34   11.95  12.02  12.10  11.65  72.20  66.99  66.03  67.12
21:45:41  10.2   0.0  17.6  72.2   0.0   22 2164187  59128 274.64   12.05  12.31  12.22  11.61  72.73  67.92  66.33  67.67
21:45:42   9.4   0.0  17.7  72.9   0.0   22 2058616  56354 273.27   12.05  12.18  12.22  11.60  72.36  67.46  66.14  67.31
21:45:43   9.1   0.0  17.3  73.6   0.0   29 2011485  52048 272.62   12.04  12.18  12.10  11.55  72.25  67.47  65.81  67.09
21:45:44   8.9   0.0  17.3  73.8   0.0   11 1836157  50036 271.79   12.09  12.05  12.10  11.76  71.99  67.07  65.63  67.10
21:45:45   9.1   0.0  17.4  73.4   0.0   22 1873710  48616 271.86   11.93  11.94  12.14  11.82  72.02  67.05  65.76  67.03
21:45:46   9.1   0.0  17.3  73.6   0.0   16 1851847  52588 271.89   12.06  12.16  12.25  11.57  72.20  67.02  65.65  67.02
21:45:47   8.7   0.0  17.4  73.9   0.0   17 1746551  48977 271.80   12.05  11.92  12.10  11.65  72.39  66.67  65.95  66.79
21:45:48   9.2   0.0  17.5  73.4   0.0   29 2012309  54616 272.76   12.15  12.03  12.15  11.77  72.14  67.32  66.20  67.10
21:45:49   8.8   0.0  17.1  74.1   0.0   30 1857520  50691 271.93   12.05  12.03  12.07  11.57  72.14  67.01  65.67  67.11
21:45:50   9.0   0.0  17.7  73.3   0.0   28 2085680  58247 273.14   12.17  11.83  12.10  11.57  72.40  67.48  66.08  67.18
21:45:51   9.2   0.0  17.3  73.5   0.1   16 1941106  51056 272.42   12.09  11.87  12.13  11.64  72.16  67.24  65.97  67.04
21:45:52   9.1   0.0  17.5  73.4   0.0   43 1991079  52949 272.82   12.11  11.94  12.08  11.65  72.29  67.28  65.99  67.26
21:45:53   9.7   0.0  16.8  73.5   0.0   15 1971999  50380 273.63   12.06  12.15  12.30  11.79  72.47  67.68  66.17  67.31
21:45:54   9.8   0.0  16.9  73.3   0.0   24 2225347  55840 274.49   12.10  12.18  12.34  11.95  72.56  67.97  66.55  67.40
21:45:55   9.6   0.0  17.2  73.1   0.0   26 1986850  52979 273.42   12.18  12.19  12.24  11.79  72.30  67.55  66.35  67.23
21:45:56   9.9   0.0  17.3  72.8   0.0   26 2058185  55650 274.58   12.18  12.33  12.29  11.89  72.68  67.94  66.37  67.58
  Time    User  Nice   Sys  Idle    IO  Run Ctxt/s  IRQ/s  Watts    dram   dram   dram   dram  pkg-0  pkg-1  pkg-2  pkg-3
21:45:57   9.9   0.0  17.1  73.0   0.0   22 1857313  51677 272.30   12.09  12.13  12.11  11.93  72.24  67.11  65.91  67.04
21:45:58   9.0   0.0  16.7  74.3   0.0   14 1763905  51953 271.21   12.11  11.99  12.04  11.89  71.93  66.87  65.62  66.79
21:45:59   9.5   0.0  17.0  73.5   0.0   15 1895950  51452 271.97   12.15  12.02  12.06  11.97  72.08  67.07  65.74  67.08
21:46:00   9.1   0.0  16.4  74.5   0.0   16 1826049  50429 272.36   12.03  11.94  12.11  11.99  72.28  67.22  65.76  67.10
21:46:01   9.0   0.0  17.3  73.7   0.0   24 1901357  51485 273.68   12.11  12.06  12.28  11.97  72.42  67.45  66.57  67.24
21:46:02  10.3   0.0  16.9  72.8   0.0   17 2033654  56826 274.10   12.21  12.14  12.27  11.96  72.51  67.86  66.37  67.36
21:46:03   9.5   0.0  17.9  72.5   0.0   25 2183837  55679 273.62   12.11  12.07  12.35  11.92  72.41  67.87  66.12  67.22
21:46:04  10.2   0.0  16.9  72.9   0.0   20 2062019  57379 273.71   12.20  12.05  12.27  11.95  72.47  67.67  66.16  67.42
21:46:05  10.4   0.0  17.0  72.7   0.0   19 2114805  56312 274.45   12.11  12.08  12.30  11.94  72.66  68.14  66.19  67.45
21:46:06   9.7   0.0  17.1  73.2   0.0   29 1921484  55890 272.74   12.11  12.17  12.20  12.00  72.18  67.50  65.91  67.15
21:46:07   9.6   0.0  17.3  73.2   0.0   15 2007430  53260 272.39   12.11  12.07  12.21  12.04  72.19  67.27  65.82  67.11
21:46:08   9.4   0.0  17.9  72.7   0.0   25 2190635  54620 273.63   12.13  12.23  12.33  11.95  72.38  67.84  66.24  67.17
21:46:09   9.1   0.0  16.9  74.0   0.0   16 2071237  52533 272.70   12.09  12.30  12.32  11.89  72.48  67.50  66.03  66.69
21:46:10   9.6   0.0  17.5  72.9   0.0   29 2071945  57878 272.71   12.03  12.26  12.13  11.92  72.31  67.39  65.90  67.11
21:46:11   9.6   0.0  17.4  73.1   0.0   13 1899923  53810 271.81   12.12  12.15  12.10  11.87  72.15  67.02  65.53  67.10
21:46:12  10.0   0.0  17.6  72.4   0.0   23 2121427  52525 274.75   12.13  12.34  12.32  11.92  73.01  68.03  66.07  67.63
-------- ----- ----- ----- ----- ----- ---- ------ ------ ------  ------ ------ ------ ------ ------ ------ ------ ------
 Average   9.3   0.0  17.0  73.6   0.0 22.5 1920776.3 56556.4 273.04   12.11  12.12  12.18  11.78  72.40  67.40  66.07  67.17
  StdDev   0.6   0.0   0.6   0.9   0.0  6.1 207411.3 17491.2   1.28    0.06   0.12   0.10   0.15   0.26   0.44   0.42   0.32
-------- ----- ----- ----- ----- ----- ---- ------ ------ ------  ------ ------ ------ ------ ------ ------ ------ ------
 Minimum   7.8   0.0  15.6  71.5   0.0 11.0 1426854.0 45542.0 269.70   11.93  11.83  11.98  11.49  71.81  66.47  65.04  66.15
 Maximum  10.4   0.0  18.5  76.1   0.1 43.0 2484553.0 162954.0 275.12   12.27  12.44  12.37  12.04  73.09  68.16  67.22  67.68
-------- ----- ----- ----- ----- ----- ---- ------ ------ ------  ------ ------ ------ ------ ------ ------ ------ ------
Summary:
CPU: 273.04 Watts on average with standard deviation 1.28  
Note: power read from RAPL domains: dram, dram, dram, dram, package-0, package-1, package-2, package-3.
These readings do not cover all the hardware in this device.

Histogram (of 60 power measurements)

  Range (Watts)   Count
269.699 - 270.241     2 ########
270.242 - 270.783     1 ####
270.784 - 271.325     1 ####
271.326 - 271.867     7 ############################
271.868 - 272.410    10 ########################################
272.411 - 272.952     8 ################################
272.953 - 273.494     7 ############################
273.495 - 274.036     7 ############################
274.037 - 274.579    10 ########################################
274.580 - 275.121     7 ############################

Histogram (of 60 CPU utilization measurements)

 Range (%CPU)   Count
23.864 - 24.326     2 ######
24.327 - 24.788     3 #########
24.789 - 25.251     0 
25.252 - 25.714     8 ########################
25.715 - 26.177    10 ##############################
26.178 - 26.640    11 #################################
26.641 - 27.103    13 ########################################
27.104 - 27.566     9 ###########################
27.567 - 28.029     3 #########
28.030 - 28.492     1 ###

