fnl@fnl-one:~/nfv/v5.3$ vim nfv.h
fnl@fnl-one:~/nfv/v5.3$ ./compile.sh 
fnl@fnl-one:~/nfv/v5.3$ powerstat -RDH
Running for 60.0 seconds (60 samples at 1.0 second intervals).
Power measurements will start in 0 seconds time.

  Time    User  Nice   Sys  Idle    IO  Run Ctxt/s  IRQ/s  Watts    dram   dram   dram   dram  pkg-0  pkg-1  pkg-2  pkg-3
21:41:18  15.1   0.0  25.9  59.0   0.0   30 1383818  96696 245.91   12.17  12.07  12.23  11.87  72.68  69.27  54.09  49.88
21:41:19  15.8   0.0  26.9  57.2   0.0   15 1489363 104413 246.82   12.18  12.27  12.23  11.82  72.86  69.83  54.24  49.88
21:41:20  15.2   0.0  26.0  58.7   0.0   20 1399308  52790 246.16   12.20  12.26  12.21  11.87  72.82  69.33  54.16  49.84
21:41:21  14.9   0.0  26.1  59.0   0.0   13 1373586  46224 245.89   12.17  12.28  12.22  11.70  72.70  69.19  54.02  49.99
21:41:22  14.7   0.0  26.1  59.2   0.1   23 1328063  48801 245.44   12.22  12.21  12.18  11.58  72.61  68.93  54.01  49.88
21:41:23  14.9   0.0  26.3  58.8   0.0   16 1401194  48407 246.28   12.13  12.28  12.22  11.73  72.91  69.35  54.13  49.89
21:41:24  15.4   0.0  25.9  58.8   0.0   51 1349950  48013 245.91   12.21  12.33  12.22  11.69  72.86  69.17  54.05  49.83
21:41:25  14.9   0.0  25.7  59.3   0.0   24 1350734  47459 245.81   12.17  12.31  12.28  11.65  72.78  69.08  54.06  49.89
21:41:26  15.1   0.0  26.3  58.6   0.0   23 1339997  51998 245.84   12.11  12.19  12.25  11.64  72.85  69.05  54.04  49.90
21:41:27  36.9   0.0  63.1   0.0   0.0   15 1470678  52488 247.28   12.27  12.24  12.24  11.69  73.03  69.40  55.02  49.83
21:41:28  14.0   0.0  25.6  60.4   0.0   30 1345246  48094 247.12   12.12  12.19  12.15  11.72  72.67  68.82  55.75  49.88
21:41:29  13.3   0.0  22.8  63.8   0.0   11 1253740  44236 246.59   12.16  12.13  12.26  11.66  72.62  68.35  55.73  49.90
21:41:30  13.9   0.0  25.8  60.3   0.0   23 1392950  51827 247.57   12.28  12.09  12.22  11.83  72.87  68.88  55.90  49.91
21:41:31  13.7   0.0  25.1  61.2   0.0   23 1216511  45195 246.67   12.18  12.04  12.25  11.59  72.65  68.34  55.69  49.99
21:41:32  13.2   0.0  24.3  62.6   0.0   44 1212325  43107 246.45   12.08  12.18  12.15  11.70  72.55  68.20  55.64  50.07
21:41:33  13.0   0.0  24.6  62.4   0.0   32 1223213  44945 246.47   12.26  12.17  12.18  11.63  72.68  68.21  55.71  49.88
21:41:34  14.5   0.0  26.3  59.1   0.0   22 1372404  59200 247.31   12.27  12.19  12.29  11.81  72.93  68.64  55.88  49.87
21:41:35  14.1   0.0  25.4  60.5   0.0   18 1169632  49901 246.34   12.28  12.16  12.28  11.69  72.77  68.07  55.57  49.93
21:41:36  13.7   0.0  25.5  60.8   0.0   27 1385287  48054 247.25   12.21  12.26  12.22  11.84  72.87  68.60  55.84  49.94
21:41:37  15.5   0.0  27.1  57.4   0.0   31 1606639  55231 248.89   12.22  12.24  12.35  11.83  72.99  69.87  56.20  49.84
21:41:38  15.1   0.0  26.3  58.6   0.0   26 1529905  57266 248.29   12.24  12.20  12.31  11.75  72.95  69.41  56.06  49.88
21:41:39  15.3   0.0  26.6  58.0   0.0   47 1473653  52849 248.00   12.28  12.34  12.28  11.73  72.80  69.22  56.08  49.91
  Time    User  Nice   Sys  Idle    IO  Run Ctxt/s  IRQ/s  Watts    dram   dram   dram   dram  pkg-0  pkg-1  pkg-2  pkg-3
21:41:40  14.7   0.0  26.4  58.9   0.0   29 1541552  53357 248.21   12.28  12.34  12.36  11.71  73.01  69.29  56.04  49.87
21:41:41  14.4   0.0  25.8  59.8   0.0   19 1429923  50906 247.20   12.21  12.26  12.24  11.58  72.68  68.69  55.95  49.88
21:41:42  14.1   0.0  25.1  60.8   0.0   17 1374415  50374 247.47   12.27  12.21  12.23  11.74  72.81  68.82  55.90  49.94
21:41:43  15.5   0.0  26.9  57.6   0.0   32 1503613  57020 248.86   12.30  12.29  12.23  11.80  73.20  69.73  56.09  49.84
21:41:44  14.4   0.0  26.3  59.3   0.0   39 1267897  49896 247.08   12.31  12.11  12.19  11.68  72.89  68.65  55.67  49.87
21:41:45  14.3   0.0  25.3  60.4   0.0   21 1362540  48865 247.33   12.21  12.24  12.13  11.65  72.88  68.65  55.90  49.90
21:41:46  15.1   0.0  26.3  58.6   0.0   14 1530074  56003 248.22   12.22  12.20  12.13  11.64  73.12  69.19  56.01  49.90
21:41:47  15.1   0.0  26.3  58.6   0.0   14 1558794  53231 248.27   12.25  12.27  12.26  11.64  72.85  69.49  56.09  49.84
21:41:48  15.0   0.0  26.1  58.9   0.0   23 1535153  54004 248.12   12.20  12.25  12.32  11.77  73.14  69.04  56.02  49.92
21:41:49  35.5   0.0  64.5   0.0   0.0   36 1507623  52043 249.17   12.19  12.23  12.36  11.65  73.01  69.17  57.07  49.92
21:41:50  14.3   0.0  25.5  60.2   0.0   25 1551388  54241 249.37   12.10  12.18  12.33  11.67  72.87  69.14  57.49  49.87
21:41:51  14.1   0.0  24.9  61.0   0.0   21 1554033  52119 249.64   12.15  12.24  12.32  11.69  73.24  69.13  57.42  49.85
21:41:52  13.3   0.0  23.5  63.2   0.0   15 1266903  45032 247.73   12.03  12.19  12.27  11.58  72.71  68.14  57.00  49.88
21:41:53  13.9   0.0  24.9  61.2   0.0   18 1485511  49218 249.21   12.27  12.33  12.28  11.74  72.90  69.00  57.35  49.95
21:41:54  14.7   0.0  25.6  59.6   0.1   20 1536283  55104 249.60   12.31  12.28  12.37  11.69  73.03  69.18  57.55  49.84
21:41:55   0.4   0.0   0.8  98.7   0.0   22 1516744  50479 306.94   15.04  15.05  15.22  14.53  89.84  85.06  70.62  61.43
21:41:56   0.4   0.0   0.8  98.8   0.0   31 1534386  50167 190.83    9.37   9.52   9.50   8.96  56.18  53.28  43.01  38.36
21:41:57  14.7   0.0  26.0  59.3   0.0   31 1510223  46618 247.92   12.25  12.27  12.26  11.58  72.89  69.15  56.01  49.87
21:41:58  14.6   0.0  26.0  59.4   0.0   22 1490086  50492 247.93   12.21  12.30  12.30  11.64  73.00  69.10  55.93  49.90
21:41:59  13.8   0.0  24.7  61.5   0.0   22 1381374  47092 247.40   12.08  12.29  12.22  11.71  72.84  68.84  55.82  49.90
21:42:00  14.8   0.0  25.7  59.5   0.0   26 1494272  62079 247.91   12.19  12.29  12.24  11.71  72.81  69.40  55.83  49.87
21:42:01  14.7   0.0  26.7  58.5   0.1   22 1599333  94083 248.54   12.12  12.33  12.27  11.85  72.96  69.78  55.97  49.83
  Time    User  Nice   Sys  Idle    IO  Run Ctxt/s  IRQ/s  Watts    dram   dram   dram   dram  pkg-0  pkg-1  pkg-2  pkg-3
21:42:02  15.4   0.0  26.4  58.2   0.0   27 1587260 131103 248.68   12.19  12.29  12.20  11.91  72.95  69.82  56.01  49.90
21:42:03  14.2   0.0  25.0  60.7   0.2   44 1475101  56072 247.72   12.03  12.26  12.27  11.85  72.77  69.30  55.76  49.89
21:42:04  14.1   0.0  25.4  60.5   0.0   24 1533276  49370 247.71   12.25  12.21  12.29  11.80  72.80  69.23  55.82  49.85
21:42:05  15.5   0.0  26.1  58.4   0.0   22 1554369  50668 248.27   12.25  12.25  12.31  11.86  72.83  69.62  55.94  49.89
21:42:06  13.9   0.0  24.6  61.6   0.0   26 1344612  45948 246.95   12.26  12.15  12.22  11.88  72.73  68.74  55.63  49.85
21:42:07  14.5   0.0  25.7  59.8   0.0   41 1490570  48372 247.91   12.28  12.25  12.25  11.82  72.71  69.40  55.92  49.87
21:42:08  14.8   0.0  26.2  59.0   0.0   16 1487169  47024 247.85   12.23  12.19  12.25  11.78  72.49  69.52  55.87  49.96
21:42:09  15.5   0.0  26.2  58.3   0.0   19 1578601  51569 248.83   12.37  12.32  12.35  11.78  72.88  69.86  56.14  49.95
21:42:10  14.9   0.0  26.3  58.6   0.2   25 1550441  51929 248.24   12.33  12.26  12.21  11.85  72.58  69.69  56.01  49.96
21:42:11  14.6   0.0  25.9  59.5   0.0   12 1427934  46365 247.36   12.23  12.23  12.23  11.75  72.52  69.13  55.81  49.90
21:42:12  14.5   0.0  25.7  59.8   0.0   18 1457967  47564 247.78   12.27  12.27  12.22  11.71  72.59  69.28  56.02  49.89
21:42:13  14.6   0.0  25.3  60.1   0.0   10 1442209  44652 247.38   12.23  12.23  12.10  11.81  72.48  69.14  55.86  49.90
21:42:14  15.9   0.0  25.2  58.9   0.0    9 1463776  50681 247.77   12.18  12.29  12.16  11.81  72.80  69.26  55.82  49.89
21:42:15  13.5   0.0  25.8  60.7   0.0   30 1488480  47542 247.54   12.22  12.24  12.28  11.71  72.67  69.11  55.82  49.93
21:42:16  13.9   0.0  25.2  60.9   0.0   18 1351238  44760 246.76   12.24  12.28  12.24  11.69  72.60  68.69  55.60  49.87
21:42:17  13.6   0.0  25.1  61.3   0.0   12 1268497  41085 246.60   12.18  12.23  12.24  11.77  72.65  68.46  55.63  49.87
-------- ----- ----- ----- ----- ----- ---- ------ ------ ------  ------ ------ ------ ------ ------ ------ ------ ------
 Average  14.8   0.0  26.1  59.1   0.0 23.9 1435030.3 53905.3 247.58   12.21  12.24  12.25  11.73  72.82  69.09  55.77  49.89
  StdDev   4.8   0.0   8.3  13.1   0.0  9.2 108410.3 15115.9  10.65    0.52   0.51   0.53   0.51   3.08   2.93   2.66   2.11
-------- ----- ----- ----- ----- ----- ---- ------ ------ ------  ------ ------ ------ ------ ------ ------ ------ ------
 Minimum   0.4   0.0   0.8   0.0   0.0  9.0 1169632.0 41085.0 190.83    9.37   9.52   9.50   8.96  56.18  53.28  43.01  38.36
 Maximum  36.9   0.0  64.5  98.8   0.2 51.0 1606639.0 131103.0 306.94   15.04  15.05  15.22  14.53  89.84  85.06  70.62  61.43
-------- ----- ----- ----- ----- ----- ---- ------ ------ ------  ------ ------ ------ ------ ------ ------ ------ ------
Summary:
CPU: 247.58 Watts on average with standard deviation 10.65 
Note: power read from RAPL domains: dram, dram, dram, dram, package-0, package-1, package-2, package-3.
These readings do not cover all the hardware in this device.

Histogram (of 60 power measurements)

  Range (Watts)   Count
190.828 - 202.438     1 
202.439 - 214.050     0 
214.051 - 225.662     0 
225.663 - 237.273     0 
237.274 - 248.885    52 ########################################
248.886 - 260.497     6 ####
260.498 - 272.108     0 
272.109 - 283.720     0 
283.721 - 295.332     0 
295.333 - 306.944     1 

Histogram (of 60 CPU utilization measurements)

  Range (%CPU)    Count
  1.242 -  11.117     2 ##
 11.118 -  20.993     0 
 20.994 -  30.869     0 
 30.870 -  40.744    32 ########################################
 40.745 -  50.620    24 ##############################
 50.621 -  60.496     0 
 60.497 -  70.372     0 
 70.373 -  80.248     0 
 80.249 -  90.123     0 
 90.124 -  99.999     2 ##

