Running for 60.0 seconds (60 samples at 1.0 second intervals).
Power measurements will start in 0 seconds time.

  Time    User  Nice   Sys  Idle    IO  Run Ctxt/s  IRQ/s Fork Exec Exit  Watts    dram   dram   dram   dram  pkg-0  pkg-1  pkg-2  pkg-3
10:03:25   0.3   0.0   0.2  99.5   0.0    1    948   1573    0    0    0 261.45   11.99  11.98  12.07  12.01  69.00  64.63  63.74  64.08
10:03:26   0.3   0.0   0.1  99.6   0.0    1    974    538    0    0    0 261.07   11.97  11.96  11.96  11.97  69.02  64.25  63.80  64.00
10:03:26   0.2   0.0   0.1  99.7   0.0    1   1041    573    0    0    0 260.81   12.00  12.03  11.95  11.91  68.95  64.06  63.80  64.00
10:03:28   0.1   0.0   0.0  99.9   0.0    1    545    427    0    0    0 261.41   12.00  12.02  11.95  11.95  69.01  64.75  63.74  63.91
10:03:29   0.3   0.0   0.1  99.6   0.0    1    954    555    0    0    0 262.36   12.01  11.97  12.00  11.99  69.01  65.50  63.80  64.04
10:03:30   0.2   0.0   0.1  99.8   0.0    1    923    399    0    0    0 261.68   11.98  11.98  11.96  11.99  68.95  64.82  63.80  64.11
10:03:30   0.1   0.0   0.0  99.8   0.0    1    673    661    0    0    0 261.68   11.98  12.02  11.94  11.96  69.00  64.98  63.74  63.96
10:03:31   0.9   0.0   0.3  98.8   0.0    3   3426    741    0    0    0 262.61   12.03  12.06  12.05  11.87  68.88  65.04  63.81  64.88
10:03:33   0.2   0.0   0.0  99.8   0.0    1    474    514    0    0    0 261.14   11.94  11.97  12.00  11.78  68.96  64.46  63.80  63.92
10:03:33   0.0   0.0   0.0 100.0   0.0    2     90    364    0    0    0 261.71   11.98  11.99  11.94  11.87  69.00  65.29  63.79  63.63
10:03:34   0.6   0.0   0.2  99.2   0.0    1   2537    781    0    0    0 262.20   11.99  12.00  12.03  11.69  68.89  65.06  63.75  64.51
10:03:36   0.0   0.0   0.0 100.0   0.0    1    248    449    0    0    0 261.65   11.99  11.95  12.01  11.69  68.95  65.15  63.81  63.74
10:03:37   0.0   0.0   0.0 100.0   0.0    1     83    423    0    0    0 261.10   12.00  11.98  11.91  11.97  69.02  64.53  63.74  63.80
10:03:38   0.0   0.0   0.0 100.0   0.0    1     95    371    0    0    1 262.08   12.02  11.98  11.98  11.96  69.02  65.47  63.80  63.80
10:03:38   0.0   0.0   0.0 100.0   0.0    1    162    494    0    0    0 261.82   12.00  11.93  11.97  11.93  68.94  65.34  63.81  63.73
10:03:40   0.0   0.0   0.0 100.0   0.0    1    112    426    0    0    0 262.03   12.00  11.94  12.00  11.89  69.02  65.41  63.80  63.80
10:03:41   0.0   0.0   0.0 100.0   0.0    1     66    460    0    0    0 261.49   11.97  11.92  12.02  11.87  69.02  64.95  63.74  63.79
10:03:42   0.0   0.0   0.0 100.0   0.0    1     67    335    0    0    0 261.59   12.00  11.98  12.03  11.96  68.95  65.43  63.80  63.41
10:03:42   0.0   0.0   0.0 100.0   0.0    1    164    490    0    0    0 261.36   12.02  11.96  11.95  11.99  68.98  64.80  63.81  63.78
10:03:43   0.0   0.0   0.0 100.0   0.0    2    144    377    0    0    0 261.16   12.03  11.98  12.03  11.98  68.68  64.96  63.76  63.76
10:03:45   0.0   0.0   0.1  99.8   0.0    1    119    496    0    0    0 262.00   12.02  12.03  11.95  11.90  69.06  65.34  63.78  63.82
10:03:46   0.0   0.0   0.0 100.0   0.0    1     73    417    0    0    0 261.58   11.92  12.01  11.97  11.80  68.95  65.21  63.80  63.61
  Time    User  Nice   Sys  Idle    IO  Run Ctxt/s  IRQ/s Fork Exec Exit  Watts    dram   dram   dram   dram  pkg-0  pkg-1  pkg-2  pkg-3
10:03:46   0.0   0.0   0.0 100.0   0.0    1    154    455    0    0    0 261.29   12.03  11.95  12.03  11.74  69.00  64.76  63.74  63.80
10:03:48   0.0   0.0   0.0 100.0   0.0    1    114    457    0    0    0 261.77   12.00  11.97  11.97  11.95  69.02  65.15  63.80  63.80
10:03:49   0.0   0.0   0.0 100.0   0.0    1     80    453    0    0    0 261.66   11.98  11.96  12.03  11.84  68.95  65.18  63.81  63.73
10:03:50   0.0   0.0   0.0 100.0   0.0    1    101    350    1    0    0 262.08   11.98  12.03  12.00  11.91  69.02  65.51  63.75  63.80
10:03:50   0.0   0.0   0.0 100.0   0.0    1    150    502    0    0    0 261.57   11.97  12.00  11.92  11.95  68.90  65.07  63.80  63.80
10:03:52   0.0   0.0   0.0 100.0   0.0    1    123    354    0    0    0 261.37   11.97  11.98  11.95  11.81  68.65  65.17  63.80  63.74
10:03:53   0.0   0.0   0.0 100.0   0.0    1     76    443    0    0    0 262.08   11.98  11.98  11.94  11.98  69.02  65.46  63.80  63.80
10:03:53   0.0   0.0   0.0 100.0   0.0    2     87    367    0    0    0 261.71   11.97  11.97  11.98  11.94  69.03  65.13  63.75  63.80
10:03:54   0.0   0.0   0.0  99.9   0.0    1    343    507    1    0    0 261.45   11.96  11.99  12.02  12.01  68.92  64.96  63.79  63.79
10:03:56   0.0   0.0   0.0 100.0   0.0    1    111    510    0    0    0 261.69   11.96  11.94  11.99  11.77  69.01  65.14  63.80  63.73
10:03:57   0.0   0.0   0.0 100.0   0.0    1     72    419    0    0    0 262.02   11.97  12.02  11.93  11.87  69.02  65.46  63.74  63.80
10:03:58   0.0   0.0   0.0 100.0   0.0    1     75    363    0    0    0 261.94   12.01  11.97  12.01  11.96  69.02  65.32  63.80  63.80
10:03:58   0.0   0.0   0.0 100.0   0.0    1    158    487    0    0    0 261.32   12.03  11.96  11.96  11.75  68.78  65.05  63.80  63.68
10:04:00   0.0   0.0   0.0 100.0   0.0    1    121    372    0    0    0 261.60   12.03  12.07  11.93  11.51  69.02  65.11  63.77  63.70
10:04:01   0.3   0.0   0.0  99.7   0.0    1    968    550    0    0    0 262.32   11.96  11.95  12.03  11.59  69.02  65.53  63.74  64.03
10:04:02   0.0   0.0   0.0 100.0   0.0    1     83    344    0    0    0 261.96   12.06  12.01  12.03  11.60  68.95  65.47  63.81  63.73
10:04:02   0.0   0.0   0.0 100.0   0.0    1    154    482    0    0    0 261.64   12.01  11.98  11.98  11.62  68.97  65.08  63.80  63.80
10:04:03   0.0   0.0   0.0 100.0   0.0    2    156    453    0    0    0 261.83   12.02  11.95  12.00  11.80  68.99  65.31  63.73  63.79
10:04:05   0.0   0.0   0.0 100.0   0.0    1     91    455    0    0    1 262.06   11.99  12.00  12.03  11.82  68.98  65.48  63.81  63.80
10:04:06   0.0   0.0   0.0 100.0   0.0    1     75    418    0    0    0 262.01   12.01  12.01  11.90  11.69  69.01  65.52  63.81  63.68
10:04:06   0.0   0.0   0.0 100.0   0.0    1    150    454    0    0    0 261.36   11.97  11.98  11.96  11.56  68.79  65.04  63.73  63.80
10:04:08   0.0   0.0   0.0 100.0   0.0    1    104    374    0    0    0 260.80   11.97  12.02  12.01  11.84  68.12  65.07  63.80  63.80
  Time    User  Nice   Sys  Idle    IO  Run Ctxt/s  IRQ/s Fork Exec Exit  Watts    dram   dram   dram   dram  pkg-0  pkg-1  pkg-2  pkg-3
10:04:09   0.0   0.0   0.0 100.0   0.0    1     74    450    0    0    0 262.07   11.97  12.01  11.97  11.81  69.02  65.50  63.80  63.74
10:04:10   0.0   0.0   0.0 100.0   0.0    1     74    335    0    0    0 261.65   12.01  12.00  11.95  11.73  69.02  65.43  63.74  63.46
10:04:10   0.0   0.0   0.0 100.0   0.0    1    150    499    0    0    0 261.39   11.98  11.96  11.97  11.93  68.84  65.00  63.80  63.75
10:04:12   0.0   0.0   0.0 100.0   0.0    1    106    428    0    0    0 261.60   11.98  11.97  11.97  11.84  69.02  65.19  63.71  63.68
10:04:13   0.0   0.0   0.0 100.0   0.0    1     62    442    0    0    0 262.14   11.97  12.01  12.02  11.74  69.02  65.51  63.81  63.80
10:04:13   0.0   0.0   0.0 100.0   0.0    2    115    359    0    0    0 261.86   11.97  12.00  11.97  11.75  68.98  65.50  63.77  63.61
10:04:14   0.0   0.0   0.0 100.0   0.0    1    167    493    0    0    0 261.06   11.99  12.01  12.00  11.77  68.92  64.60  63.77  63.78
10:04:16   0.0   0.0   0.0 100.0   0.0    1    104    426    0    0    0 261.71   12.02  12.01  11.97  11.88  69.02  65.26  63.70  63.72
10:04:17   0.0   0.0   0.0 100.0   0.0    1     67    414    0    0    0 262.00   12.01  12.02  11.96  11.86  68.95  65.52  63.73  63.80
10:04:17   0.0   0.0   0.0 100.0   0.0    1     64    370    0    0    0 262.00   12.01  11.94  11.98  11.71  69.02  65.37  63.81  63.80
10:04:18   0.0   0.0   0.0 100.0   0.0    1    168    488    0    0    0 261.71   12.02  12.00  12.03  11.75  69.01  65.24  63.74  63.73
10:04:20   0.0   0.0   0.0 100.0   0.0    1    126    284    0    0    0 261.57   11.98  12.02  11.94  11.75  68.94  65.14  63.71  63.78
10:04:21   0.0   0.0   0.0 100.0   0.0    1     66    604    0    0    0 262.06   12.01  11.94  11.97  11.49  69.02  65.46  63.79  63.80
10:04:22   0.0   0.0   0.0 100.0   0.0    1     96    278    0    0    0 262.04   12.03  11.96  11.98  11.51  69.02  65.51  63.79  63.72
10:04:22   0.0   0.0   0.0 100.0   0.0    1    154    552    0    0    0 261.61   12.04  11.98  11.95  11.68  69.01  65.01  63.80  63.79
10:04:23   0.0   0.0   0.0 100.0   0.0    2    152    310    0    0    0 261.59   11.96  11.99  12.01  11.64  68.86  65.19  63.75  63.78
-------- ----- ----- ----- ----- ----- ---- ------ ------ ---- ---- ---- ------  ------ ------ ------ ------ ------ ------ ------ ------
 Average   0.1   0.0   0.0  99.9   0.0  1.1  320.1  469.4  0.0  0.0  0.0 261.69   11.99  11.99  11.98  11.82  68.95  65.15  63.78  63.82
  StdDev   0.2   0.0   0.1   0.2   0.0  0.4  569.1  172.6  0.2  0.0  0.2   0.37    0.03   0.03   0.04   0.14   0.13   0.33   0.03   0.21
-------- ----- ----- ----- ----- ----- ---- ------ ------ ---- ---- ---- ------  ------ ------ ------ ------ ------ ------ ------ ------
 Minimum   0.0   0.0   0.0  98.8   0.0  1.0   62.0  278.0  0.0  0.0  0.0 260.80   11.92  11.92  11.90  11.49  68.12  64.06  63.70  63.41
 Maximum   0.9   0.0   0.3 100.0   0.0  3.0 3426.0 1573.0  1.0  0.0  1.0 262.61   12.06  12.07  12.07  12.01  69.06  65.53  63.81  64.88
-------- ----- ----- ----- ----- ----- ---- ------ ------ ---- ---- ---- ------  ------ ------ ------ ------ ------ ------ ------ ------
Summary:
CPU: 261.69 Watts on average with standard deviation 0.37  
Note: power read from RAPL domains: dram, dram, dram, dram, package-0, package-1, package-2, package-3.
These readings do not cover all the hardware in this device.

Histogram (of 60 power measurements)

  Range (Watts)   Count
260.796 - 260.976     2 #####
260.977 - 261.157     4 ##########
261.158 - 261.338     3 ########
261.339 - 261.519     8 #####################
261.520 - 261.700    15 ########################################
261.701 - 261.880     8 #####################
261.881 - 262.061    10 ##########################
262.062 - 262.242     7 ##################
262.243 - 262.423     2 #####
262.424 - 262.604     1 ##

Histogram (of 60 CPU utilization measurements)

Range (%CPU)  Count
0.000 - 0.120    48 ########################################
0.121 - 0.242     4 ###
0.243 - 0.363     4 ###
0.364 - 0.485     1 
0.486 - 0.606     1 
0.607 - 0.727     0 
0.728 - 0.849     1 
0.850 - 0.970     0 
0.971 - 1.092     0 
1.093 - 1.213     1 
