Running for 60.0 seconds (60 samples at 1.0 second intervals).
Power measurements will start in 0 seconds time.

  Time    User  Nice   Sys  Idle    IO  Run Ctxt/s  IRQ/s Fork Exec Exit  Watts    dram   dram   dram   dram  pkg-0  pkg-1  pkg-2  pkg-3
10:04:25  51.5   0.0   0.1  48.4   0.0   43   1325  11532    0    0    0 270.85   12.00  12.03  11.88  11.71  70.69  67.22  65.53  67.41
10:04:26  51.4   0.0   0.0  48.6   0.0   42    751  10927    0    0    0 270.76   11.90  11.97  11.97  11.78  70.76  67.21  65.48  67.31
10:04:27  51.5   0.0   0.1  48.4   0.0   42   1240  11231    0    0    0 270.96   11.97  11.95  12.01  11.67  70.76  67.27  65.54  67.39
10:04:28  51.5   0.0   0.1  48.4   0.0   42   1001  10966    0    0    0 271.05   12.02  12.04  11.94  11.52  70.76  67.28  65.55  67.46
10:04:29  51.4   0.0   0.0  48.5   0.0   42    657  11143    0    0    0 270.73   11.97  11.96  11.96  11.61  70.68  67.20  65.47  67.38
10:04:30  51.5   0.0   0.1  48.4   0.0   42    973  10861    0    0    0 270.92   11.98  12.00  11.99  11.74  70.75  67.27  65.54  67.36
10:04:31  51.5   0.0   0.1  48.4   0.0   42   1229  11770    0    0    0 271.07   11.95  11.99  12.03  11.91  70.79  67.27  65.75  67.27
10:04:32  51.4   0.0   0.0  48.5   0.0   42    672  10828    0    0    0 270.78   11.96  12.00  11.98  11.88  70.70  67.23  65.58  67.26
10:04:33  51.5   0.0   0.0  48.4   0.0   42   1004  11197    0    0    0 271.01   11.97  12.00  11.98  11.85  70.78  67.31  65.74  67.18
10:04:34  51.5   0.0   0.1  48.4   0.0   43   1028  10910    0    0    0 271.14   11.94  12.00  12.01  11.79  70.81  67.39  65.67  67.26
10:04:35  51.4   0.0   0.0  48.6   0.0   42    847  11230    0    0    0 270.85   12.01  11.94  12.05  11.60  70.76  67.33  65.48  67.28
10:04:36  51.3   0.0   0.0  48.7   0.0   42    267  10827    0    0    0 270.66   11.97  12.00  12.04  11.83  70.69  67.28  65.54  67.15
10:04:37  51.3   0.0   0.0  48.7   0.0   43    256  11158    0    0    1 270.79   11.94  11.97  12.01  11.91  70.76  67.28  65.54  67.21
10:04:38  51.3   0.0   0.0  48.7   0.0   42    251  10842    0    0    0 270.79   12.01  11.98  11.95  11.93  70.76  67.28  65.48  67.26
10:04:39  51.3   0.0   0.0  48.7   0.0   42    412  11138    0    0    0 270.76   12.07  11.98  12.01  11.92  70.75  67.21  65.54  67.26
10:04:40  51.3   0.0   0.0  48.7   0.0   42    181  10785    0    0    0 270.69   11.95  12.00  12.03  11.94  70.68  67.28  65.54  67.19
10:04:41  51.3   0.0   0.0  48.7   0.0   42    165  11078    0    0    0 270.76   11.96  11.94  11.98  11.97  70.76  67.27  65.47  67.26
10:04:42  51.3   0.0   0.0  48.7   0.0   42    160  10760    0    0    0 270.73   12.00  11.96  12.01  11.93  70.75  67.21  65.58  67.19
10:04:43  51.3   0.0   0.0  48.7   0.0   42    343  11135    0    0    0 270.84   11.98  11.96  11.97  11.99  70.68  67.28  65.62  67.26
10:04:44  51.3   0.0   0.0  48.7   0.0   42    252  10806    0    0    0 270.88   11.97  12.02  11.99  12.02  70.80  67.28  65.55  67.25
10:04:45  51.3   0.0   0.0  48.7   0.0   42    251  11217    0    0    0 270.73   12.02  11.95  11.96  11.92  70.79  67.21  65.48  67.25
10:04:46  51.3   0.0   0.0  48.7   0.0   42    274  10811    0    0    0 270.80   12.00  12.02  12.01  11.82  70.77  67.28  65.54  67.20
  Time    User  Nice   Sys  Idle    IO  Run Ctxt/s  IRQ/s Fork Exec Exit  Watts    dram   dram   dram   dram  pkg-0  pkg-1  pkg-2  pkg-3
10:04:47  51.3   0.0   0.0  48.7   0.0   42    405  11051    0    0    0 270.76   11.95  11.93  12.02  11.91  70.72  67.28  65.48  67.28
10:04:48  51.3   0.0   0.0  48.7   0.0   42    191  10852    0    0    0 270.85   12.02  11.96  11.96  11.85  70.75  67.28  65.54  67.28
10:04:49  51.3   0.0   0.0  48.7   0.0   42    236  11037    0    0    0 270.71   11.97  12.00  12.02  11.83  70.76  67.21  65.54  67.20
10:04:50  51.3   0.0   0.0  48.7   0.0   42    266  10882    0    0    0 270.73   11.92  11.98  11.89  11.77  70.70  67.28  65.49  67.26
10:04:51  51.3   0.0   0.0  48.7   0.0   42    449  11079    0    0    0 270.91   12.00  11.97  12.00  11.68  70.89  67.27  65.57  67.19
10:04:52  51.3   0.0   0.0  48.7   0.0   42    155  10817    0    0    0 270.75   12.02  11.97  12.00  11.80  70.79  67.22  65.54  67.19
10:04:53  51.3   0.0   0.0  48.7   0.0   42    186  11124    0    0    0 270.75   12.01  11.91  11.97  11.83  70.68  67.27  65.54  67.26
10:04:54  51.3   0.0   0.0  48.7   0.0   42    240  10841    0    0    0 270.86   11.95  11.97  11.95  11.75  70.81  67.28  65.50  67.27
10:04:55  51.3   0.0   0.0  48.7   0.0   42    438  11131    0    0    0 270.82   12.01  11.95  12.01  11.82  70.78  67.27  65.55  67.21
10:04:56  51.3   0.0   0.0  48.7   0.0   42    239  10876    0    0    0 270.81   11.97  11.95  11.98  11.94  70.75  67.21  65.57  67.28
10:04:57  51.3   0.0   0.0  48.7   0.0   42    241  11017    0    0    0 270.73   12.06  11.96  11.99  11.97  70.68  67.28  65.50  67.27
10:04:58  51.3   0.0   0.0  48.7   0.0   42    209  10858    0    0    0 270.85   12.08  11.93  11.98  11.93  70.75  67.28  65.54  67.28
10:04:59  51.3   0.0   0.0  48.7   0.0   42    286  11038    0    0    0 270.73   12.02  11.97  12.00  11.92  70.76  67.21  65.56  67.20
10:05:00  51.5   0.0   0.1  48.4   0.0   43   1096  11032    0    0    0 270.92   11.98  11.97  11.98  11.88  70.68  67.48  65.48  67.27
10:05:01  51.3   0.0   0.0  48.7   0.0   42    232  11133    0    0    0 270.88   12.01  12.01  12.00  11.92  70.75  67.31  65.54  67.28
10:05:02  51.3   0.0   0.0  48.7   0.0   42    197  10830    0    0    0 270.78   11.98  11.94  11.98  11.86  70.75  67.28  65.54  67.21
10:05:03  51.3   0.0   0.0  48.7   0.0   42    316  11078    0    0    0 270.64   11.94  12.02  11.96  11.98  70.68  67.21  65.47  67.28
10:05:04  51.3   0.0   0.0  48.7   0.0   42    250  10860    1    0    0 271.02   11.97  12.02  11.99  11.94  70.80  67.28  65.67  67.28
10:05:05  51.3   0.0   0.0  48.7   0.0   42    299  11104    0    0    0 271.06   12.01  11.98  12.04  11.98  70.86  67.28  65.72  67.21
10:05:06  51.3   0.0   0.0  48.7   0.0   42    251  10884    0    0    0 270.71   12.02  11.92  12.04  11.96  70.75  67.21  65.48  67.27
10:05:07  51.3   0.0   0.0  48.7   0.0   42    414  11061    0    0    0 270.82   11.95  11.95  11.97  11.85  70.68  67.28  65.58  67.28
10:05:08  51.3   0.0   0.0  48.7   0.0   42    140  10835    0    0    0 270.79   11.97  11.98  12.05  11.82  70.76  67.27  65.55  67.20
  Time    User  Nice   Sys  Idle    IO  Run Ctxt/s  IRQ/s Fork Exec Exit  Watts    dram   dram   dram   dram  pkg-0  pkg-1  pkg-2  pkg-3
10:05:09  51.3   0.0   0.0  48.7   0.0   42    230  11121    0    0    0 270.77   11.98  11.95  11.99  11.95  70.75  67.21  65.54  67.27
10:05:10  51.3   0.0   0.0  48.7   0.0   42    188  10851    0    0    0 270.77   12.00  12.03  12.00  11.85  70.68  67.27  65.56  67.26
10:05:11  51.3   0.0   0.0  48.7   0.0   42    433  11111    0    0    0 270.80   11.97  12.02  11.98  11.99  70.75  67.28  65.56  67.21
10:05:12  51.3   0.0   0.0  48.7   0.0   42    126  10795    0    0    0 270.76   11.96  11.98  11.97  11.98  70.75  67.27  65.48  67.26
10:05:13  51.3   0.0   0.0  48.7   0.0   42    239  11062    0    0    0 270.72   12.00  11.96  12.01  11.96  70.68  67.21  65.55  67.27
10:05:14  51.3   0.0   0.0  48.7   0.0   42    242  10851    0    0    0 270.88   12.00  11.96  11.98  12.02  70.77  67.28  65.57  67.26
10:05:15  51.3   0.0   0.0  48.7   0.0   42    406  11116    0    0    0 270.83   12.03  11.96  11.97  11.95  70.77  67.28  65.56  67.21
10:05:16  51.3   0.0   0.0  48.7   0.0   42    234  10875    0    0    0 270.77   11.95  12.00  12.00  12.02  70.75  67.21  65.54  67.27
10:05:17  51.3   0.0   0.0  48.7   0.0   42    239  11013    0    0    0 270.87   12.02  11.98  11.97  11.83  70.68  67.27  65.70  67.21
10:05:18  51.3   0.0   0.0  48.7   0.0   42    193  10942    0    0    0 270.82   11.92  11.92  12.02  11.91  70.76  67.28  65.58  67.21
10:05:19  51.3   0.0   0.0  48.7   0.0   42    320  11043    0    0    0 270.75   12.02  12.01  11.95  11.88  70.75  67.22  65.52  67.27
10:05:20  51.3   0.0   0.0  48.7   0.0   42    186  10844    0    0    0 270.74   12.01  12.01  11.99  11.89  70.68  67.28  65.56  67.22
10:05:21  51.3   0.0   0.0  48.7   0.0   42    305  11062    0    0    0 270.83   12.00  11.98  11.98  11.84  70.75  67.28  65.56  67.24
10:05:22  51.3   0.0   0.0  48.7   0.0   42    281  10852    0    0    0 271.43   12.00  11.98  12.05  11.90  70.76  67.21  66.25  67.21
10:05:23  51.3   0.0   0.0  48.7   0.0   42    462  11131    1    0    0 271.12   11.92  12.00  12.02  11.91  70.75  67.28  65.82  67.27
10:05:24  51.3   0.0   0.0  48.7   0.0   42    326  10890    0    0    0 270.96   11.95  12.00  11.94  11.87  70.71  67.29  65.70  67.27
-------- ----- ----- ----- ----- ----- ---- ------ ------ ---- ---- ---- ------  ------ ------ ------ ------ ------ ------ ------ ------
 Average  51.3   0.0   0.0  48.7   0.0 42.1  411.4 11002.2  0.0  0.0  0.0 270.84   11.98  11.98  11.99  11.87  70.74  67.27  65.57  67.26
  StdDev   0.1   0.0   0.0   0.1   0.0  0.2  311.6  181.9  0.2  0.0  0.1   0.13    0.04   0.03   0.03   0.11   0.05   0.05   0.11   0.06
-------- ----- ----- ----- ----- ----- ---- ------ ------ ---- ---- ---- ------  ------ ------ ------ ------ ------ ------ ------ ------
 Minimum  51.3   0.0   0.0  48.4   0.0 42.0  126.0 10760.0  0.0  0.0  0.0 270.64   11.90  11.91  11.88  11.52  70.68  67.20  65.47  67.15
 Maximum  51.5   0.0   0.1  48.7   0.0 43.0 1325.0 11770.0  1.0  0.0  1.0 271.43   12.08  12.04  12.05  12.02  70.89  67.48  66.25  67.46
-------- ----- ----- ----- ----- ----- ---- ------ ------ ---- ---- ---- ------  ------ ------ ------ ------ ------ ------ ------ ------
Summary:
CPU: 270.84 Watts on average with standard deviation 0.13  
Note: power read from RAPL domains: dram, dram, dram, dram, package-0, package-1, package-2, package-3.
These readings do not cover all the hardware in this device.

Histogram (of 60 power measurements)

  Range (Watts)   Count
270.643 - 270.721     6 #########
270.722 - 270.799    25 ########################################
270.800 - 270.878    15 ########################
270.879 - 270.957     4 ######
270.958 - 271.036     4 ######
271.037 - 271.115     3 ####
271.116 - 271.194     2 ###
271.195 - 271.273     0 
271.274 - 271.352     0 
271.353 - 271.431     1 #

Histogram (of 60 CPU utilization measurements)

 Range (%CPU)   Count
51.257 - 51.292    40 ########################################
51.293 - 51.328     8 ########
51.329 - 51.365     0 
51.366 - 51.401     0 
51.402 - 51.437     2 ##
51.438 - 51.474     2 ##
51.475 - 51.510     0 
51.511 - 51.546     0 
51.547 - 51.583     3 ###
51.584 - 51.619     5 #####
