Running for 60.0 seconds (60 samples at 1.0 second intervals).
Power measurements will start in 0 seconds time.

  Time    User  Nice   Sys  Idle    IO  Run Ctxt/s  IRQ/s Fork Exec Exit  Watts    dram   dram   dram   dram  pkg-0  pkg-1  pkg-2  pkg-3
10:05:25  99.7   0.0   0.0   0.3   0.0   81    793  20650    0    0    0 272.80   12.01  12.02  12.00  11.77  70.76  67.46  67.23  67.35
10:05:26  99.9   0.0   0.0   0.0   0.0   81    824  20460    0    0    0 272.65   12.01  11.96  11.92  11.78  70.97  67.39  67.31  66.98
10:05:27  99.7   0.0   0.0   0.3   0.0   81    511  20463    0    0    0 272.04   11.96  11.95  12.02  11.95  70.77  67.30  67.36  66.61
10:05:28  99.6   0.0   0.0   0.3   0.0   81    759  20522    0    0    1 272.71   11.95  11.98  12.00  11.97  70.94  67.46  67.42  66.89
10:05:29  99.7   0.0   0.0   0.3   0.0   81    698  20501    0    0    0 272.39   12.01  12.03  12.01  11.94  71.01  67.35  67.27  66.75
10:05:30  99.7   0.0   0.0   0.3   0.0   81    455  20401    0    0    0 272.16   11.92  11.98  12.02  11.91  70.79  67.27  67.02  67.07
10:05:31  99.6   0.0   0.0   0.4   0.0   81    739  20503    0    0    0 271.25   11.91  12.03  11.96  11.94  70.92  67.33  66.29  66.72
10:05:32  99.7   0.0   0.0   0.3   0.0   81    676  20463    0    0    0 271.60   11.94  12.06  11.94  11.90  70.99  67.36  66.55  66.69
10:05:33  99.6   0.0   0.0   0.3   0.0   81    395  20554    0    0    0 271.61   12.02  11.96  11.96  11.96  71.09  67.24  66.38  66.90
10:05:34  99.3   0.0   0.1   0.7   0.0   81    788  20471    0    0    0 271.74   12.02  11.95  12.01  11.85  71.34  67.42  66.50  66.48
10:05:35 100.0   0.0   0.0   0.0   0.0   81    451  20539    0    0    0 272.90   12.02  11.95  12.03  11.90  71.37  67.39  67.24  66.90
10:05:36 100.0   0.0   0.0   0.0   0.0   81    111  20384    0    0    0 271.73   12.00  11.96  11.92  11.80  71.14  67.24  66.90  66.45
10:05:37 100.0   0.0   0.0   0.0   0.0   81    120  20449    0    0    0 272.37   11.98  11.97  12.03  11.74  71.00  67.30  67.10  66.98
10:05:38 100.0   0.0   0.0   0.0   0.0   81    160  20402    0    0    0 272.39   11.96  12.00  11.94  11.74  70.88  67.34  67.08  67.09
10:05:39 100.0   0.0   0.0   0.0   0.0   81    185  20445    0    0    0 272.40   11.97  12.00  11.98  11.78  71.02  67.33  67.19  66.86
10:05:40 100.0   0.0   0.0   0.0   0.0   81    100  20397    0    0    0 272.09   11.94  11.95  11.96  11.71  71.34  67.25  66.49  67.01
10:05:41 100.0   0.0   0.0   0.0   0.0   81    126  20460    0    0    0 272.52   11.92  12.00  11.94  11.75  71.76  67.32  66.45  66.98
10:05:42 100.0   0.0   0.0   0.0   0.0   81    164  20451    0    0    0 272.08   12.03  12.00  12.02  11.80  71.26  67.33  66.69  66.80
10:05:43 100.0   0.0   0.0   0.0   0.0   81    186  20452    0    0    0 271.92   11.96  11.95  12.03  11.80  70.95  67.27  66.87  66.83
10:05:44 100.0   0.0   0.1   0.0   0.0   81    160  20445    0    0    0 272.91   11.95  11.96  12.02  11.94  71.67  67.31  67.06  66.87
10:05:45 100.0   0.0   0.0   0.0   0.0   81    116  20504    0    0    0 272.37   12.02  12.04  11.98  11.94  70.95  67.32  67.18  66.91
10:05:46 100.0   0.0   0.0   0.0   0.0   81    165  20374    0    0    0 272.68   11.96  11.96  11.99  11.97  71.34  67.26  67.22  66.87
  Time    User  Nice   Sys  Idle    IO  Run Ctxt/s  IRQ/s Fork Exec Exit  Watts    dram   dram   dram   dram  pkg-0  pkg-1  pkg-2  pkg-3
10:05:47 100.0   0.0   0.0   0.0   0.0   81    183  20441    0    0    0 271.97   11.97  12.01  11.97  11.91  71.00  67.63  66.57  66.76
10:05:48 100.0   0.0   0.0   0.0   0.0   81    139  20437    0    0    0 271.89   12.03  11.97  11.96  11.98  70.78  67.56  66.49  67.07
10:05:49 100.0   0.0   0.0   0.0   0.0   81    115  20433    0    0    0 271.48   11.98  11.96  11.92  11.95  70.91  67.25  66.59  66.73
10:05:50 100.0   0.0   0.0   0.0   0.0   81    165  20448    0    0    0 272.33   11.96  12.01  12.02  11.92  71.37  67.46  66.43  67.07
10:05:51 100.0   0.0   0.0   0.0   0.0   81    226  20471    0    0    0 273.83   12.00  11.98  12.00  11.92  71.72  67.95  67.08  67.07
10:05:52 100.0   0.0   0.0   0.0   0.0   81    107  20378    0    0    0 272.93   11.88  11.98  11.99  11.98  71.34  67.59  67.13  66.87
10:05:53 100.0   0.0   0.0   0.0   0.0   81    119  20459    0    0    0 272.18   12.03  11.98  11.98  11.90  70.88  67.59  67.20  66.52
10:05:54 100.0   0.0   0.0   0.0   0.0   81    228  20428    0    0    0 272.57   11.97  11.98  11.91  11.93  71.11  67.35  67.13  66.97
10:05:55 100.0   0.0   0.0   0.0   0.0   81    177  20509    0    0    0 273.06   11.98  11.96  12.01  11.89  72.40  67.25  66.60  66.81
10:05:56 100.0   0.0   0.0   0.0   0.0   81    103  20395    0    0    0 271.45   11.95  12.00  12.03  11.96  71.39  67.32  66.75  65.99
10:05:57 100.0   0.0   0.0   0.0   0.0   81    189  20525    0    0    1 271.17   11.97  12.04  11.96  11.93  71.23  67.33  66.63  65.97
10:05:58 100.0   0.0   0.0   0.0   0.0   81    171  20487    0    0    0 272.39   11.97  11.96  12.03  11.99  71.36  67.31  67.23  66.49
10:05:59 100.0   0.0   0.0   0.0   0.0   81    185  20423    0    0    0 272.04   11.95  12.02  12.04  11.88  70.75  67.24  67.11  66.93
10:06:00  99.9   0.0   0.0   0.1   0.0   81    932  20601    0    0    0 273.32   11.95  12.00  11.88  11.77  72.03  67.34  67.23  66.72
10:06:01 100.0   0.0   0.0   0.0   0.0   81    151  20469    0    0    0 271.89   11.97  11.97  12.00  11.90  70.97  67.32  67.08  66.53
10:06:02 100.0   0.0   0.0   0.0   0.0   81    181  20408    0    0    0 272.50   11.97  12.02  12.00  11.88  71.27  67.24  67.13  66.87
10:06:03 100.0   0.0   0.0   0.0   0.0   81    187  20454    0    0    0 272.67   12.02  12.00  11.99  11.80  71.09  67.32  67.18  67.08
10:06:04 100.0   0.0   0.0   0.0   0.0   81    167  20441    0    0    0 271.75   11.98  11.96  11.94  11.58  70.86  67.33  67.14  66.42
10:06:05 100.0   0.0   0.0   0.0   0.0   81    115  20496    0    0    0 272.38   12.01  12.02  11.97  11.66  71.38  67.26  67.14  66.59
10:06:06 100.0   0.0   0.0   0.0   0.0   81    163  20479    0    0    0 274.29   12.02  12.03  12.02  11.79  72.23  68.14  67.17  66.76
10:06:07 100.0   0.0   0.0   0.0   0.0   81    187  20467    0    0    0 273.04   12.00  12.01  11.95  11.80  71.33  67.51  67.20  66.99
10:06:08 100.0   0.0   0.0   0.0   0.0   81    102  20425    0    0    0 272.82   12.02  12.03  12.00  11.50  71.49  67.33  67.28  66.72
  Time    User  Nice   Sys  Idle    IO  Run Ctxt/s  IRQ/s Fork Exec Exit  Watts    dram   dram   dram   dram  pkg-0  pkg-1  pkg-2  pkg-3
10:06:09 100.0   0.0   0.0   0.0   0.0   81    122  20431    0    0    0 272.38   11.96  12.00  12.04  11.79  71.36  67.29  67.27  66.46
10:06:10 100.0   0.0   0.0   0.0   0.0   81    161  20391    0    0    0 272.35   11.98  12.02  12.00  11.78  71.32  67.30  67.20  66.53
10:06:11 100.0   0.0   0.0   0.0   0.0   81    175  20388    0    0    0 272.24   12.00  11.94  12.03  11.77  71.23  67.25  67.23  66.53
10:06:12 100.0   0.0   0.0   0.0   0.0   81    114  20464    0    0    0 271.69   12.01  11.96  11.92  11.74  70.84  67.29  67.06  66.51
10:06:13 100.0   0.0   0.0   0.0   0.0   81    115  20413    0    0    0 272.94   12.02  11.91  11.97  11.51  71.02  67.99  67.14  66.79
10:06:14 100.0   0.0   0.0   0.0   0.0   81    230  20586    0    0    0 272.43   11.98  11.98  11.96  11.68  71.02  67.32  67.10  66.99
10:06:15 100.0   0.0   0.0   0.0   0.0   81    177  20451    0    0    0 272.70   11.98  12.01  11.86  11.73  71.20  67.90  66.91  66.70
10:06:16 100.0   0.0   0.0   0.0   0.0   81    105  20433    0    0    0 272.55   11.97  11.94  12.02  11.57  71.26  67.30  67.24  66.75
10:06:17 100.0   0.0   0.0   0.0   0.0   81    123  20384    0    0    0 272.45   12.00  11.97  12.02  11.72  70.89  67.25  67.15  67.15
10:06:18 100.0   0.0   0.0   0.0   0.0   81    162  20467    0    0    0 272.64   11.97  12.02  11.97  11.80  71.12  67.36  67.27  66.89
10:06:19 100.0   0.0   0.0   0.0   0.0   81    192  20380    0    0    0 272.87   11.98  11.96  11.96  11.72  71.27  67.43  67.27  66.90
10:06:20 100.0   0.0   0.0   0.0   0.0   81    103  20462    0    0    0 272.77   11.91  11.98  11.94  11.77  71.00  67.44  67.17  67.16
10:06:21 100.0   0.0   0.0   0.0   0.0   81    163  20398    0    0    0 272.42   11.96  11.98  11.99  11.93  71.34  67.35  66.78  66.94
10:06:22 100.0   0.0   0.0   0.0   0.0   81    167  20459    0    0    0 272.52   11.98  12.02  11.97  11.75  71.33  67.42  66.57  67.20
10:06:23 100.0   0.0   0.0   0.0   0.0   81    188  20496    0    0    0 272.02   11.96  11.98  12.00  11.68  70.91  67.34  66.72  67.06
10:06:24 100.0   0.0   0.0   0.0   0.0   81    177  20513    0    0    0 272.50   11.96  11.96  12.02  11.75  71.45  67.27  66.53  67.25
-------- ----- ----- ----- ----- ----- ---- ------ ------ ---- ---- ---- ------  ------ ------ ------ ------ ------ ------ ------ ------
 Average  99.9   0.0   0.0   0.1   0.0 81.0  257.5 20458.0  0.0  0.0  0.0 272.38   11.98  11.99  11.98  11.82  71.20  67.39  66.98  66.81
  StdDev   0.1   0.0   0.0   0.1   0.0  0.0  220.7   55.3  0.0  0.0  0.2   0.56    0.03   0.03   0.04   0.12   0.34   0.19   0.30   0.27
-------- ----- ----- ----- ----- ----- ---- ------ ------ ---- ---- ---- ------  ------ ------ ------ ------ ------ ------ ------ ------
 Minimum  99.3   0.0   0.0   0.0   0.0 81.0  100.0 20374.0  0.0  0.0  0.0 271.17   11.88  11.91  11.86  11.50  70.75  67.24  66.29  65.97
 Maximum 100.0   0.0   0.1   0.7   0.0 81.0  932.0 20650.0  0.0  0.0  1.0 274.29   12.03  12.06  12.04  11.99  72.40  68.14  67.42  67.35
-------- ----- ----- ----- ----- ----- ---- ------ ------ ---- ---- ---- ------  ------ ------ ------ ------ ------ ------ ------ ------
Summary:
CPU: 272.38 Watts on average with standard deviation 0.56  
Note: power read from RAPL domains: dram, dram, dram, dram, package-0, package-1, package-2, package-3.
These readings do not cover all the hardware in this device.

Histogram (of 60 power measurements)

  Range (Watts)   Count
271.168 - 271.479     4 ###########
271.480 - 271.792     6 #################
271.793 - 272.104     9 #########################
272.105 - 272.416    14 ########################################
272.417 - 272.729    14 ########################################
272.730 - 273.041     9 #########################
273.042 - 273.353     2 #####
273.354 - 273.665     0 
273.666 - 273.978     1 ##
273.979 - 274.290     1 ##

Histogram (of 60 CPU utilization measurements)

  Range (%CPU)    Count
 99.325 -  99.391     1 
 99.392 -  99.459     0 
 99.460 -  99.526     0 
 99.527 -  99.594     0 
 99.595 -  99.661     3 ##
 99.662 -  99.729     4 ###
 99.730 -  99.796     1 
 99.797 -  99.864     0 
 99.865 -  99.932     1 
 99.933 -  99.999    50 ########################################
