Running for 60.0 seconds (60 samples at 1.0 second intervals).
Power measurements will start in 0 seconds time.

  Time    User  Nice   Sys  Idle    IO  Run Ctxt/s  IRQ/s Fork Exec Exit  Watts    dram   dram   dram   dram  pkg-0  pkg-1  pkg-2  pkg-3
10:09:30   0.4   0.0   0.1  99.6   0.0    1   1030    589    0    0    0 258.24   11.94  11.96  12.01  11.89  68.86  64.99  62.00  62.38
10:09:31   0.3   0.0   0.1  99.7   0.0    1   1085    621    0    0    0 258.07   12.02  12.02  12.00  11.80  68.96  64.77  62.05  62.29
10:09:32   0.2   0.0   0.1  99.7   0.0    2    941    430    0    0    2 258.82   11.99  12.01  11.96  11.59  69.02  65.50  62.05  62.24
10:09:33   0.2   0.0   0.1  99.8   0.0    1    536    465    0    0    0 258.37   11.97  12.00  11.95  11.73  68.94  65.25  62.00  62.18
10:09:34   0.3   0.0   0.2  99.4   0.0    1   1017    500    0    0    0 258.67   11.96  12.03  11.90  11.90  69.00  65.32  62.06  62.30
10:09:35   0.2   0.0   0.1  99.8   0.0    2    944    531    0    0    0 258.51   11.92  11.97  12.00  12.01  68.97  65.24  62.05  62.24
10:09:36   0.2   0.0   0.1  99.7   0.0    1    517    399    0    0    0 258.64   11.96  11.96  12.00  11.93  68.95  65.47  62.00  62.22
10:09:37   0.3   0.0   0.1  99.6   0.0    1    884    479    0    0    0 258.89   11.95  11.96  12.06  11.78  69.01  65.51  62.06  62.31
10:09:38   0.1   0.0   0.1  99.8   0.0    2    886    402    0    0    0 258.32   12.03  12.02  12.03  11.70  68.89  65.13  62.07  62.23
10:09:39   0.1   0.0   0.0  99.9   0.0    1    193    526    0    0    0 257.59   11.96  11.98  12.01  11.68  68.81  64.72  61.99  62.07
10:09:40   0.0   0.0   0.0 100.0   0.0    1     76    333    0    0    0 258.51   11.97  11.98  11.96  11.81  69.02  65.37  62.07  62.06
10:09:41   0.0   0.0   0.0 100.0   0.0    1     50    340    0    0    0 258.64   11.97  12.04  11.96  11.68  69.02  65.52  62.05  62.05
10:09:42   0.0   0.0   0.0 100.0   0.0    1     96    414    0    0    0 258.15   11.98  12.01  11.96  11.74  68.77  65.39  61.99  62.00
10:09:43   0.0   0.0   0.0 100.0   0.0    1    133    380    0    0    0 257.93   11.92  11.94  11.97  11.68  68.82  65.00  62.05  62.05
10:09:44   0.0   0.0   0.1  99.9   0.0    1    244    415    0    0    0 258.86   11.98  11.98  12.00  11.80  69.02  65.38  62.06  62.39
10:09:45   0.0   0.0   0.0 100.0   0.0    1     69    382    0    0    0 258.29   11.97  11.98  11.97  11.90  68.94  65.36  61.99  61.99
10:09:46   0.0   0.0   0.0 100.0   0.0    1     98    415    0    0    0 258.37   11.97  11.98  11.96  11.89  68.98  65.27  62.06  62.06
10:09:47   0.0   0.0   0.0 100.0   0.0    1    130    427    0    0    0 258.01   12.00  12.00  12.01  11.95  68.81  65.08  62.06  62.05
10:09:48   0.0   0.0   0.0 100.0   0.0    1     62    398    0    0    0 258.51   11.97  11.97  12.02  11.97  68.95  65.44  62.06  62.06
10:09:49   0.0   0.0   0.0 100.0   0.0    1     65    339    0    0    0 258.48   12.00  11.98  11.96  11.94  69.02  65.47  61.99  62.00
10:09:50   0.0   0.0   0.0 100.0   0.0    1    116    417    0    0    0 258.02   12.00  11.96  11.97  11.94  68.73  65.17  62.06  62.06
10:09:51   0.0   0.0   0.0 100.0   0.0    1    144    382    0    0    0 258.00   11.96  12.02  11.97  11.94  68.79  65.11  62.06  62.05
  Time    User  Nice   Sys  Idle    IO  Run Ctxt/s  IRQ/s Fork Exec Exit  Watts    dram   dram   dram   dram  pkg-0  pkg-1  pkg-2  pkg-3
10:09:52   0.0   0.0   0.0 100.0   0.0    1     50    399    0    0    0 258.39   12.00  11.97  11.98  11.98  68.91  65.49  62.00  61.99
10:09:53   0.0   0.0   0.0 100.0   0.0    1     53    336    0    0    0 258.67   12.02  11.94  12.05  11.90  69.01  65.54  62.05  62.06
10:09:54   0.0   0.0   0.2  99.8   0.0    1    142    460    0    0    0 258.54   11.95  11.97  12.03  12.00  68.68  65.74  62.06  62.05
10:09:55   0.0   0.0   0.0 100.0   0.0    1    145    418    0    0    0 258.09   11.96  11.96  11.97  12.00  68.61  65.49  61.99  62.00
10:09:56   0.0   0.0   0.0 100.0   0.0    1     56    455    0    0    0 258.69   11.96  12.04  11.96  12.02  69.02  65.56  62.05  62.06
10:09:57   0.0   0.0   0.0 100.0   0.0    1     51    326    0    0    0 258.66   11.97  12.03  12.03  11.89  69.00  65.55  62.06  62.06
10:09:58   0.0   0.0   0.0 100.0   0.0    1     98    416    0    0    0 258.13   11.97  11.97  12.02  11.94  68.64  65.49  62.00  61.99
10:09:59   0.0   0.0   0.0 100.0   0.0    1    131    373    0    0    0 258.28   12.00  12.01  12.02  11.95  68.61  65.55  62.06  62.06
10:10:00   0.3   0.0   0.1  99.7   0.0    1   1034    544    0    0    0 259.09   11.97  12.01  11.92  11.94  69.02  65.62  62.06  62.40
10:10:01   0.0   0.0   0.0 100.0   0.0    1     64    345    0    0    0 258.55   11.97  11.97  11.98  11.89  68.95  65.49  62.06  62.06
10:10:02   0.0   0.0   0.0 100.0   0.0    1    105    419    0    0    0 258.43   12.00  12.01  12.00  11.95  68.88  65.55  62.00  62.00
10:10:03   0.0   0.0   0.0 100.0   0.0    1    136    379    0    0    0 258.47   11.97  11.96  11.89  11.95  68.72  65.63  62.06  62.05
10:10:04   0.0   0.0   0.0  99.9   0.0    1    234    479    0    0    0 258.74   12.00  12.02  11.96  12.00  69.02  65.62  62.05  62.06
10:10:05   0.0   0.0   0.0 100.0   0.0    1     58    380    0    0    0 258.48   11.98  11.97  12.00  11.95  68.94  65.54  62.00  62.00
10:10:06   0.0   0.0   0.0 100.0   0.0    1    104    416    0    0    0 258.42   12.02  11.96  12.01  12.02  68.74  65.57  62.06  62.06
10:10:07   0.0   0.0   0.0 100.0   0.0    1    126    364    0    0    0 258.26   11.95  11.95  11.98  11.97  68.59  65.55  62.06  62.06
10:10:08   0.0   0.0   0.0 100.0   0.0    1     55    399    0    0    0 258.42   11.98  11.97  12.00  11.93  68.95  65.47  62.00  62.00
10:10:09   0.0   0.0   0.0 100.0   0.0    1     62    338    0    0    0 258.67   12.01  11.98  11.95  12.05  69.02  65.54  62.06  62.05
10:10:10   0.0   0.0   0.0 100.0   0.0    1    100    417    0    0    0 258.36   12.03  12.00  12.01  11.99  68.70  65.54  62.06  62.06
10:10:11   0.0   0.0   0.0 100.0   0.0    1    136    383    0    0    0 258.18   12.00  12.00  12.03  11.88  68.72  65.47  62.00  62.00
10:10:12   0.0   0.0   0.0 100.0   0.0    1     55    454    0    0    0 258.70   11.97  11.98  11.99  11.85  69.02  65.56  62.06  62.06
10:10:13   0.0   0.0   0.0 100.0   0.0    1     52    336    0    0    0 258.66   12.00  12.00  12.01  11.97  69.01  65.53  62.06  62.05
  Time    User  Nice   Sys  Idle    IO  Run Ctxt/s  IRQ/s Fork Exec Exit  Watts    dram   dram   dram   dram  pkg-0  pkg-1  pkg-2  pkg-3
10:10:14   0.0   0.0   0.0 100.0   0.0    1    109    425    0    0    0 258.31   12.03  11.96  11.92  11.92  68.77  65.55  62.00  62.00
10:10:15   0.0   0.0   0.0 100.0   0.0    1    132    416    0    0    0 258.35   11.97  11.96  12.02  11.96  68.69  65.55  62.05  62.05
10:10:16   0.0   0.0   0.0 100.0   0.0    1     63    393    0    0    0 258.69   12.02  12.00  11.97  11.93  69.02  65.55  62.06  62.06
10:10:17   0.0   0.0   0.0 100.0   0.0    1     49    326    0    0    0 258.61   11.97  11.98  11.96  11.96  69.02  65.54  61.99  62.05
10:10:18   0.0   0.0   0.0 100.0   0.0    1     96    416    0    0    0 258.23   12.02  12.03  12.02  11.85  68.68  65.49  62.06  62.00
10:10:19   0.0   0.0   0.0 100.0   0.0    1    144    373    0    0    0 258.41   11.94  12.04  12.00  11.69  68.74  65.55  62.05  62.06
10:10:20   0.0   0.0   0.0 100.0   0.0    1     70    455    0    0    0 258.66   11.96  11.98  11.94  11.86  69.03  65.58  62.00  62.05
10:10:21   0.0   0.0   0.0 100.0   0.0    1     86    345    0    0    0 258.48   11.98  12.03  11.98  11.90  68.94  65.48  62.06  62.00
10:10:22   0.0   0.0   0.0 100.0   0.0    1    100    415    0    0    0 258.56   11.98  12.02  11.95  11.90  68.88  65.56  62.05  62.06
10:10:23   0.0   0.0   0.0 100.0   0.0    1    130    376    0    0    0 258.32   11.98  12.00  11.97  11.96  68.65  65.56  62.06  62.06
10:10:24   0.0   0.0   0.0 100.0   0.0    1     62    408    0    0    0 258.44   11.94  11.96  11.95  11.93  68.95  65.50  62.00  62.00
10:10:25   0.0   0.0   0.0 100.0   0.0    1     52    378    0    0    0 258.66   11.97  12.01  11.98  12.01  69.02  65.54  62.05  62.05
10:10:26   0.0   0.0   0.0 100.0   0.0    1    104    414    0    0    0 258.32   11.96  12.01  11.97  11.96  68.71  65.50  62.06  62.05
10:10:27   0.0   0.0   0.0 100.0   0.0    1    130    365    0    0    0 258.14   12.03  12.00  11.99  11.98  68.62  65.54  61.99  62.00
10:10:28   0.0   0.0   0.0 100.0   0.0    1     57    458    0    0    0 258.70   11.97  12.02  11.96  12.05  69.01  65.56  62.06  62.06
10:10:29   0.0   0.0   0.0 100.0   0.0    1     51    339    0    0    0 258.67   12.00  11.91  11.97  11.96  69.02  65.54  62.06  62.06
-------- ----- ----- ----- ----- ----- ---- ------ ------ ---- ---- ---- ------  ------ ------ ------ ------ ------ ------ ------ ------
 Average   0.0   0.0   0.0  99.9   0.0  1.1  230.0  412.0  0.0  0.0  0.0 258.44   11.98  11.99  11.98  11.90  68.88  65.44  62.04  62.08
  StdDev   0.1   0.0   0.0   0.1   0.0  0.2  307.0   61.9  0.0  0.0  0.3   0.27    0.03   0.03   0.03   0.10   0.14   0.20   0.03   0.10
-------- ----- ----- ----- ----- ----- ---- ------ ------ ---- ---- ---- ------  ------ ------ ------ ------ ------ ------ ------ ------
 Minimum   0.0   0.0   0.0  99.4   0.0  1.0   49.0  326.0  0.0  0.0  0.0 257.59   11.92  11.91  11.89  11.59  68.59  64.72  61.99  61.99
 Maximum   0.4   0.0   0.2 100.0   0.0  2.0 1085.0  621.0  0.0  0.0  2.0 259.09   12.03  12.04  12.06  12.05  69.03  65.74  62.07  62.40
-------- ----- ----- ----- ----- ----- ---- ------ ------ ---- ---- ---- ------  ------ ------ ------ ------ ------ ------ ------ ------
Summary:
CPU: 258.44 Watts on average with standard deviation 0.27  
Note: power read from RAPL domains: dram, dram, dram, dram, package-0, package-1, package-2, package-3.
These readings do not cover all the hardware in this device.

Histogram (of 60 power measurements)

  Range (Watts)   Count
257.593 - 257.742     1 ##
257.743 - 257.892     0 
257.893 - 258.043     4 ###########
258.044 - 258.193     6 #################
258.194 - 258.343     9 #########################
258.344 - 258.493    14 ########################################
258.494 - 258.643     8 ######################
258.644 - 258.793    14 ########################################
258.794 - 258.944     3 ########
258.945 - 259.094     1 ##

Histogram (of 60 CPU utilization measurements)

Range (%CPU)  Count
0.000 - 0.064    47 ########################################
0.065 - 0.129     2 #
0.130 - 0.194     2 #
0.195 - 0.259     2 #
0.260 - 0.324     2 #
0.325 - 0.389     2 #
0.390 - 0.454     2 #
0.455 - 0.519     0 
0.520 - 0.584     0 
0.585 - 0.649     1 
