Running for 60.0 seconds (60 samples at 1.0 second intervals).
Power measurements will start in 0 seconds time.

  Time    User  Nice   Sys  Idle    IO  Run Ctxt/s  IRQ/s Fork Exec Exit  Watts    dram   dram   dram   dram  pkg-0  pkg-1  pkg-2  pkg-3
10:10:31  52.0   0.0   0.1  47.9   0.0   32   1193   8651    0    0    0 265.60   12.00  11.99  11.99  11.93  70.69  67.24  63.74  63.92
10:10:32  51.8   0.0   0.1  48.1   0.0   32    503   8515    0    0    0 265.76   12.01  11.98  11.99  11.94  70.76  67.29  63.81  63.90
10:10:33  52.0   0.0   0.1  48.0   0.0   32    838   8378    0    0    0 265.80   11.97  11.95  11.97  12.00  70.74  67.22  63.81  64.03
10:10:34  52.0   0.0   0.1  47.9   0.0   32    891   8602    0    0    0 265.70   11.94  11.95  11.99  12.00  70.68  67.33  63.73  63.96
10:10:35  51.8   0.0   0.0  48.2   0.0   32    607   8375    0    0    0 265.77   11.98  11.98  11.99  12.00  70.75  67.29  63.80  63.92
10:10:36  52.0   0.0   0.1  47.9   0.0   32    855   8627    0    0    0 265.89   11.96  11.97  11.99  11.94  70.75  67.30  63.80  64.04
10:10:37  51.9   0.0   0.1  48.0   0.0   32    859   8408    0    0    0 265.57   12.03  12.00  11.99  11.98  70.68  67.23  63.74  63.92
10:10:38  51.8   0.0   0.0  48.1   0.0   32    444   8542    0    0    0 265.76   12.01  11.97  11.99  11.92  70.75  67.29  63.80  63.92
10:10:39  52.0   0.0   0.1  48.0   0.0   32    911   8387    0    0    0 265.90   12.03  12.00  11.96  11.99  70.76  67.31  63.80  64.03
10:10:40  52.0   0.0   0.1  48.0   0.0   32    792   8559    0    0    0 265.90   12.00  11.98  11.95  11.92  70.74  67.39  63.80  63.97
10:10:41  51.8   0.0   0.0  48.1   0.0   32    451   8331    0    0    0 265.66   12.01  11.97  12.03  11.96  70.68  67.34  63.74  63.91
10:10:42  51.7   0.0   0.0  48.3   0.0   32    101   8475    0    0    0 265.66   11.95  11.94  11.95  11.98  70.75  67.30  63.80  63.80
10:10:43  51.7   0.0   0.0  48.3   0.0   32    208   8328    0    0    0 265.55   12.01  11.98  12.06  11.97  70.75  67.25  63.80  63.74
10:10:44  51.7   0.0   0.0  48.3   0.0   32    141   8541    0    0    0 265.55   11.97  12.01  11.98  11.96  70.68  67.34  63.74  63.80
10:10:45  51.7   0.0   0.0  48.3   0.0   32     94   8372    0    0    0 265.64   11.98  11.98  12.03  11.96  70.75  67.28  63.80  63.81
10:10:46  51.7   0.0   0.0  48.3   0.0   32     85   8530    0    0    0 265.58   11.94  11.92  12.01  11.79  70.75  67.21  63.80  63.82
10:10:47  51.7   0.0   0.0  48.3   0.0   32    197   8296    0    0    0 265.45   12.03  12.00  11.98  11.95  70.68  67.28  63.74  63.74
10:10:48  51.7   0.0   0.0  48.3   0.0   32    126   8518    0    0    0 265.63   12.00  12.03  11.95  11.93  70.75  67.29  63.80  63.80
10:10:49  51.7   0.0   0.0  48.3   0.0   32    102   8297    0    0    0 265.67   11.91  12.01  12.01  11.94  70.75  67.31  63.80  63.80
10:10:50  51.7   0.0   0.0  48.3   0.0   32     82   8485    0    0    0 265.52   11.97  12.02  11.99  11.95  70.75  67.23  63.80  63.74
10:10:51  51.7   0.0   0.0  48.3   0.0   32    202   8331    0    0    0 265.59   12.00  12.02  11.96  11.97  70.68  67.37  63.74  63.80
10:10:52  51.7   0.0   0.0  48.3   0.0   32    114   8484    0    0    0 265.62   12.00  11.96  12.02  11.97  70.75  67.28  63.80  63.80
  Time    User  Nice   Sys  Idle    IO  Run Ctxt/s  IRQ/s Fork Exec Exit  Watts    dram   dram   dram   dram  pkg-0  pkg-1  pkg-2  pkg-3
10:10:53  51.7   0.0   0.0  48.3   0.0   32     75   8292    0    0    0 265.53   12.00  11.91  12.01  11.91  70.75  67.24  63.81  63.74
10:10:54  51.7   0.0   0.1  48.3   0.0   32    130   8592    0    0    0 265.53   11.95  11.91  11.96  11.93  70.68  67.32  63.74  63.80
10:10:55  51.7   0.0   0.0  48.3   0.0   32    206   8348    0    0    0 265.67   11.98  12.00  11.97  12.01  70.75  67.31  63.81  63.81
10:10:56  51.7   0.0   0.0  48.3   0.0   32     70   8523    0    0    0 265.57   12.01  11.98  12.02  11.98  70.75  67.29  63.80  63.73
10:10:57  51.7   0.0   0.0  48.3   0.0   32     70   8273    0    0    0 265.53   11.94  11.90  11.99  11.85  70.75  67.24  63.74  63.80
10:10:58  51.7   0.0   0.0  48.3   0.0   32     89   8491    0    0    0 265.58   11.98  12.01  11.99  11.90  70.68  67.30  63.80  63.80
10:10:59  51.7   0.0   0.0  48.3   0.0   32    199   8315    0    0    0 265.58   11.96  11.94  12.04  11.92  70.75  67.28  63.80  63.75
10:11:00  51.7   0.0   0.0  48.3   0.0   32     75   8476    0    0    0 265.56   12.01  11.86  11.99  12.02  70.75  67.22  63.80  63.80
10:11:01  52.0   0.0   0.2  47.8   0.0   32    934   8421    0    0    0 265.79   12.01  12.00  12.00  12.00  70.68  67.54  63.74  63.84
10:11:02  51.7   0.0   0.0  48.3   0.0   32    119   8547    0    0    0 265.64   11.98  12.01  11.97  11.96  70.75  67.29  63.80  63.80
10:11:03  51.7   0.0   0.0  48.3   0.0   32    201   8332    0    0    0 265.51   11.96  11.98  12.00  12.00  70.75  67.22  63.80  63.75
10:11:04  51.7   0.0   0.0  48.2   0.0   32    147   8530    0    0    0 265.52   11.94  12.02  12.00  11.91  70.68  67.31  63.73  63.80
10:11:05  51.7   0.0   0.0  48.3   0.0   32     78   8312    0    0    0 265.67   12.01  12.00  11.90  11.96  70.76  67.30  63.80  63.81
10:11:06  51.7   0.0   0.0  48.3   0.0   32     85   8529    0    0    0 265.59   12.01  12.02  11.98  11.90  70.75  67.29  63.80  63.74
10:11:07  51.7   0.0   0.0  48.3   0.0   32    200   8302    0    0    0 265.44   11.92  11.97  12.00  11.92  70.66  67.22  63.74  63.80
10:11:08  51.7   0.0   0.0  48.3   0.0   32     78   8497    0    0    0 265.61   11.95  11.98  11.96  11.68  70.73  67.28  63.79  63.80
10:11:09  51.7   0.0   0.0  48.3   0.0   32     86   8284    0    0    0 265.58   11.96  11.98  12.00  11.82  70.76  67.29  63.80  63.74
10:11:10  51.7   0.0   0.0  48.3   0.1   32     88   8548    0    0    0 265.65   11.97  12.00  11.95  11.82  70.74  67.31  63.80  63.80
10:11:11  51.7   0.0   0.0  48.3   0.0   32    202   8332    0    0    0 265.48   12.01  12.00  11.95  11.84  70.69  67.24  63.74  63.81
10:11:12  51.7   0.0   0.0  48.3   0.0   32     82   8468    0    0    0 265.60   11.96  11.98  11.98  11.97  70.75  67.31  63.80  63.74
10:11:13  51.7   0.0   0.0  48.3   0.0   32     70   8296    0    0    0 265.63   12.00  11.98  12.00  11.89  70.75  67.28  63.80  63.80
10:11:14  51.7   0.0   0.0  48.3   0.0   32    141   8530    0    0    0 265.46   11.94  11.96  11.95  12.02  70.68  67.23  63.74  63.80
  Time    User  Nice   Sys  Idle    IO  Run Ctxt/s  IRQ/s Fork Exec Exit  Watts    dram   dram   dram   dram  pkg-0  pkg-1  pkg-2  pkg-3
10:11:15  51.7   0.0   0.0  48.3   0.0   32    204   8348    0    0    0 265.59   12.02  12.02  12.02  11.97  70.75  67.30  63.81  63.74
10:11:16  51.7   0.0   0.0  48.3   0.0   32     84   8536    0    0    0 265.67   12.01  11.97  12.00  11.96  70.75  67.31  63.81  63.80
10:11:17  51.7   0.0   0.0  48.3   0.0   32     72   8270    0    0    0 265.48   11.95  11.94  11.95  11.98  70.68  67.26  63.73  63.81
10:11:18  51.7   0.0   0.0  48.3   0.0   32     74   8556    0    0    0 265.58   11.96  11.96  12.01  11.93  70.75  67.28  63.80  63.74
10:11:19  51.7   0.0   0.0  48.3   0.0   32    213   8321    0    0    0 265.65   11.97  12.02  11.94  12.02  70.75  67.29  63.81  63.81
10:11:20  51.7   0.0   0.0  48.3   0.0   32     90   8476    0    0    0 265.63   12.00  11.94  12.01  12.00  70.75  67.28  63.80  63.80
10:11:21  51.7   0.0   0.0  48.3   0.0   32     83   8295    0    0    0 265.44   12.01  12.01  11.98  11.97  70.69  67.21  63.74  63.80
10:11:22  51.7   0.0   0.0  48.3   0.0   32    128   8482    0    0    0 265.57   12.00  12.00  11.97  11.95  70.75  67.29  63.80  63.73
10:11:23  51.7   0.0   0.0  48.3   0.0   32    201   8330    0    0    0 265.65   11.95  12.00  11.97  11.94  70.74  67.30  63.81  63.80
10:11:24  51.7   0.0   0.0  48.3   0.0   32    134   8530    0    0    0 265.50   11.94  11.95  12.00  11.90  70.74  67.22  63.73  63.81
10:11:25  51.7   0.0   0.0  48.3   0.0   32     86   8324    0    0    0 265.52   11.97  12.03  12.04  11.98  70.68  67.29  63.81  63.74
10:11:26  51.7   0.0   0.0  48.3   0.0   32     84   8588    0    0    0 265.66   12.02  11.95  12.02  11.93  70.75  67.30  63.80  63.80
10:11:27  51.7   0.0   0.0  48.3   0.0   32    251   8351    0    0    1 265.58   11.98  12.02  11.97  12.00  70.75  67.30  63.73  63.80
10:11:28  51.7   0.0   0.0  48.3   0.0   32     77   8496    0    0    0 265.45   11.95  11.98  11.95  11.88  70.68  67.23  63.81  63.74
10:11:29  51.7   0.0   0.0  48.3   0.0   32     75   8287    0    0    0 265.66   12.01  11.94  12.00  11.91  70.75  67.30  63.80  63.80
10:11:30  51.7   0.0   0.0  48.3   0.0   32     91   8417    0    0    0 265.58   11.96  11.94  11.96  11.88  70.75  67.30  63.74  63.80
-------- ----- ----- ----- ----- ----- ---- ------ ------ ---- ---- ---- ------  ------ ------ ------ ------ ------ ------ ------ ------
 Average  51.7   0.0   0.0  48.2   0.0 32.0  252.8 8431.3  0.0  0.0  0.0 265.61   11.98  11.98  11.99  11.94  70.73  67.29  63.78  63.82
  StdDev   0.1   0.0   0.0   0.1   0.0  0.0  281.8  108.6  0.0  0.0  0.1   0.11    0.03   0.04   0.03   0.06   0.03   0.05   0.03   0.08
-------- ----- ----- ----- ----- ----- ---- ------ ------ ---- ---- ---- ------  ------ ------ ------ ------ ------ ------ ------ ------
 Minimum  51.7   0.0   0.0  47.8   0.0 32.0   70.0 8270.0  0.0  0.0  0.0 265.44   11.91  11.86  11.90  11.68  70.66  67.21  63.73  63.73
 Maximum  52.0   0.0   0.2  48.3   0.1 32.0 1193.0 8651.0  0.0  0.0  1.0 265.90   12.03  12.03  12.06  12.02  70.76  67.54  63.81  64.04
-------- ----- ----- ----- ----- ----- ---- ------ ------ ---- ---- ---- ------  ------ ------ ------ ------ ------ ------ ------ ------
Summary:
CPU: 265.61 Watts on average with standard deviation 0.11  
Note: power read from RAPL domains: dram, dram, dram, dram, package-0, package-1, package-2, package-3.
These readings do not cover all the hardware in this device.

Histogram (of 60 power measurements)

  Range (Watts)   Count
265.435 - 265.481     7 ##################
265.482 - 265.527     5 #############
265.528 - 265.573     9 ########################
265.574 - 265.620    13 ##################################
265.621 - 265.666    15 ########################################
265.667 - 265.713     3 ########
265.714 - 265.759     0 
265.760 - 265.806     5 #############
265.807 - 265.852     0 
265.853 - 265.898     3 ########

Histogram (of 60 CPU utilization measurements)

 Range (%CPU)   Count
51.675 - 51.723    42 ########################################
51.724 - 51.771     6 #####
51.772 - 51.820     0 
51.821 - 51.868     3 ##
51.869 - 51.916     1 
51.917 - 51.965     0 
51.966 - 52.013     0 
52.014 - 52.062     4 ###
52.063 - 52.110     2 #
52.111 - 52.158     2 #
