Running for 60.0 seconds (60 samples at 1.0 second intervals).
Power measurements will start in 0 seconds time.

  Time    User  Nice   Sys  Idle    IO  Run Ctxt/s  IRQ/s Fork Exec Exit  Watts    dram   dram   dram   dram  pkg-0  pkg-1  pkg-2  pkg-3
10:11:31  99.0   0.0   0.0   1.0   0.0   61   1100  15457    0    0    0 268.52   11.96  12.02  12.01  11.74  71.58  68.99  64.06  63.89
10:11:32  99.8   0.0   0.0   0.2   0.0   61    830  15455    0    0    0 268.01   11.98  11.92  12.00  11.82  71.10  69.00  64.06  63.85
10:11:33  99.8   0.0   0.0   0.2   0.0   61    378  15359    0    0    0 269.03   11.97  11.95  11.96  11.92  72.15  68.82  64.05  64.02
10:11:34  99.5   0.0   0.0   0.5   0.0   61    784  15545    0    0    0 268.73   11.96  11.97  11.97  11.95  71.28  68.84  64.26  64.36
10:11:35  99.9   0.0   0.0   0.1   0.0   61    819  15414    0    0    0 268.34   11.96  11.97  11.96  11.99  71.16  69.00  64.20  63.98
10:11:36  99.4   0.0   0.0   0.6   0.0   61    401  15410    0    0    0 267.83   12.00  11.92  11.96  11.89  70.84  68.94  64.18  63.87
10:11:37  99.4   0.0   0.0   0.6   0.0   61    667  15363    0    0    0 268.37   12.01  11.94  11.96  11.95  71.01  69.02  64.34  63.99
10:11:38  99.6   0.0   0.0   0.4   0.0   61    663  15460    0    0    0 268.47   12.00  11.91  11.97  12.04  71.14  69.01  64.13  64.19
10:11:39  99.8   0.0   0.0   0.2   0.0   61    441  15343    0    0    0 268.18   11.97  11.97  11.91  11.91  71.22  68.95  63.95  64.06
10:11:40 100.0   0.0   0.0   0.0   0.0   61    616  15411    0    0    0 268.36   11.97  11.98  11.95  11.97  71.07  69.02  64.11  64.16
10:11:41 100.0   0.0   0.0   0.0   0.0   61    430  15371    0    0    0 269.09   12.00  12.01  12.01  12.04  71.90  69.01  64.15  64.02
10:11:42  98.7   0.0   0.0   1.3   0.0   61    526  15594    5    4    4 268.14   12.03  12.01  11.96  12.01  70.88  69.02  64.04  64.20
10:11:43  98.3   0.0   0.0   1.7   0.0   61    359  15359    0    0    0 268.28   11.94  12.00  11.96  11.93  70.71  68.94  64.19  64.44
10:11:44  98.3   0.0   0.0   1.7   0.0   61    300  15430    0    0    0 267.75   12.02  11.98  11.91  12.02  70.75  69.01  63.90  64.08
10:11:45  98.3   0.0   0.0   1.7   0.0   61    266  15375    0    0    0 267.70   11.97  11.96  11.95  11.99  70.75  69.01  63.85  64.10
10:11:46  98.3   0.0   0.0   1.7   0.0   61    272  15412    0    0    0 268.66   11.96  12.00  12.06  12.01  70.74  68.94  64.30  64.68
10:11:47  98.3   0.0   0.0   1.7   0.0   61    349  15336    0    0    0 267.82   11.98  11.98  11.99  11.99  70.76  69.02  64.06  63.98
10:11:48  96.8   0.0   0.0   3.2   0.0   61    383  15170    0    0    0 267.78   12.01  12.01  12.02  11.97  70.76  68.99  64.09  63.94
10:11:49  96.7   0.0   0.0   3.3   0.0   61    426  15140    0    0    0 268.58   12.02  11.98  12.04  12.00  71.28  68.88  64.17  64.25
10:11:50  96.7   0.0   0.0   3.3   0.0   61    434  15229    0    0    0 268.64   12.00  12.02  12.02  11.83  70.86  69.01  64.07  64.70
10:11:51  96.7   0.0   0.0   3.3   0.0   61    537  15127    0    0    0 268.35   11.98  12.01  11.96  11.95  70.77  68.97  64.39  64.23
10:11:52  96.7   0.0   0.0   3.3   0.0   61    527  15220    0    0    2 267.82   11.88  11.97  11.93  11.97  70.78  68.90  63.93  64.21
  Time    User  Nice   Sys  Idle    IO  Run Ctxt/s  IRQ/s Fork Exec Exit  Watts    dram   dram   dram   dram  pkg-0  pkg-1  pkg-2  pkg-3
10:11:53  96.5   0.0   0.0   3.5   0.0   61    431  15105    0    0    0 267.97   11.97  12.02  11.98  11.94  70.86  69.01  63.84  64.26
10:11:54  95.0   0.0   0.0   5.0   0.0   61    659  15003    0    0    0 267.54   12.00  11.95  11.95  11.93  70.75  68.73  63.86  64.20
10:11:55  95.0   0.0   0.0   5.0   0.0   62    693  14913    0    0    0 267.83   11.94  11.99  11.99  11.98  70.69  68.89  63.99  64.26
10:11:56  95.0   0.0   0.0   5.0   0.0   61    580  14946    0    0    0 267.71   11.90  12.01  11.95  11.91  70.76  69.01  64.07  63.88
10:11:57  95.0   0.0   0.0   5.0   0.0   61    576  14878    0    0    0 267.74   11.98  12.03  11.99  11.85  70.74  68.92  64.00  64.08
10:11:58  95.0   0.0   0.0   5.0   0.0   61    611  14944    0    0    0 267.76   12.00  12.02  12.03  11.80  70.75  68.88  64.03  64.10
10:11:59  95.0   0.0   0.0   5.0   0.0   61    660  14948    0    0    0 267.78   11.94  12.02  11.97  11.74  70.70  68.92  63.93  64.23
10:12:00  96.0   0.0   0.0   4.0   0.0   61   1212  15221    0    0    0 268.74   12.00  11.94  12.04  11.86  70.81  68.88  64.39  64.65
10:12:01  98.3   0.0   0.0   1.7   0.0   61    281  15371    0    0    0 268.09   11.98  12.01  12.01  11.89  70.74  68.98  64.36  64.01
10:12:02  98.3   0.0   0.0   1.7   0.0   61    272  15398    0    0    0 268.27   12.00  11.96  12.00  11.91  70.76  68.90  64.64  63.98
10:12:03  98.3   0.0   0.0   1.7   0.0   61    328  15353    0    0    0 267.24   11.96  12.03  11.99  11.90  70.69  67.76  64.57  64.22
10:12:04  98.3   0.0   0.0   1.7   0.0   61    321  15431    0    0    0 266.45   12.03  12.01  11.95  11.93  70.75  67.31  64.46  63.93
10:12:05  98.3   0.0   0.0   1.7   0.0   61    230  15387    0    0    0 265.87   11.94  12.02  11.98  11.88  70.76  67.23  64.04  63.83
10:12:06  98.3   0.0   0.0   1.7   0.0   61    253  15407    0    0    0 265.64   11.98  12.03  11.97  12.00  70.74  67.29  63.78  63.83
10:12:07  98.3   0.0   0.0   1.7   0.0   61    326  15385    0    0    0 266.04   12.00  11.98  11.95  11.90  70.94  67.28  63.89  63.92
10:12:08  98.3   0.0   0.0   1.7   0.0   61    241  15396    0    0    0 265.84   11.97  12.01  11.98  11.96  70.88  67.23  63.86  63.87
10:12:09  97.6   0.0   0.0   2.4   0.0   61    294  15255    0    0    0 265.77   12.01  11.90  12.02  11.98  70.71  67.29  63.81  63.95
10:12:10  96.7   0.0   0.0   3.3   0.0   61    432  15161    0    0    0 265.78   12.03  12.00  11.93  11.99  70.77  67.33  63.81  63.87
10:12:11  96.7   0.0   0.0   3.4   0.0   61    499  15056    0    0    0 265.82   11.91  11.94  11.91  11.85  70.77  67.25  63.84  63.97
10:12:12  96.7   0.0   0.0   3.3   0.0   61    399  15219    0    0    0 265.91   11.93  12.04  11.98  11.91  70.67  67.30  63.95  63.98
10:12:13  96.7   0.0   0.0   3.3   0.0   61    397  15057    0    0    0 265.81   12.00  11.95  12.02  11.97  70.75  67.30  63.83  63.94
10:12:14  96.7   0.0   0.0   3.3   0.0   61    477  15284    0    0    0 266.05   12.01  11.97  11.92  11.94  70.85  67.27  63.90  64.04
  Time    User  Nice   Sys  Idle    IO  Run Ctxt/s  IRQ/s Fork Exec Exit  Watts    dram   dram   dram   dram  pkg-0  pkg-1  pkg-2  pkg-3
10:12:15  95.7   0.0   0.0   4.3   0.0   61    604  15019    0    0    0 266.03   11.91  11.97  12.03  11.99  70.76  67.30  63.94  64.03
10:12:16  95.0   0.0   0.0   5.0   0.0   61    556  15007    0    0    0 265.92   11.96  12.02  12.00  11.93  70.68  67.30  63.89  64.06
10:12:17  95.0   0.0   0.0   5.0   0.0   61    591  14848    0    0    0 266.02   12.03  11.98  12.03  11.94  70.75  67.24  63.79  64.23
10:12:18  95.0   0.0   0.0   5.0   0.0   61    602  15010    0    0    0 266.18   11.98  11.98  11.97  12.00  70.75  67.29  63.83  64.31
10:12:19  95.0   0.0   0.0   5.0   0.0   61    658  14853    0    0    0 266.27   11.97  11.93  11.93  12.00  70.71  67.32  63.86  64.37
10:12:20  95.0   0.0   0.0   5.0   0.0   61    595  15036    0    0    0 265.69   11.97  12.01  12.03  11.99  70.74  67.25  63.81  63.88
10:12:21  95.0   0.0   0.0   5.0   0.0   61    628  14828    0    0    0 266.06   12.05  11.92  12.01  11.91  71.03  67.30  63.81  63.93
10:12:22  95.0   0.0   0.0   5.0   0.0   61    601  14994    0    0    0 266.09   11.97  11.97  11.85  11.99  70.71  67.42  63.80  64.16
10:12:23  95.0   0.0   0.0   5.0   0.0   61    656  14915    0    0    0 266.14   11.96  12.02  11.91  11.97  70.79  67.54  63.89  63.92
10:12:24  95.0   0.0   0.0   5.0   0.0   61    646  15030    0    0    0 265.78   11.95  11.97  12.00  12.01  70.78  67.28  63.75  63.96
10:12:25  95.0   0.0   0.0   5.0   0.0   61    593  14855    0    0    0 265.72   11.96  11.92  11.96  11.99  70.75  67.29  63.80  63.88
10:12:26  95.0   0.0   0.0   5.0   0.0   61    634  15015    0    0    0 266.02   11.95  11.95  11.95  11.96  70.73  67.27  63.79  64.22
10:12:27  95.0   0.0   0.0   5.0   0.0   61    691  14823    0    0    0 265.81   12.01  11.96  11.99  11.95  70.84  67.25  63.76  63.97
10:12:28  95.0   0.0   0.0   5.0   0.0   61    604  15001    0    0    0 266.24   11.96  12.00  12.00  11.97  70.74  67.30  63.80  64.41
10:12:29  95.0   0.0   0.0   5.0   0.0   61    600  14836    0    0    0 266.02   11.96  11.96  11.98  11.92  70.74  67.29  63.82  64.16
10:12:30  95.0   0.0   0.0   5.0   0.0   61    613  15015    0    0    0 266.05   11.97  11.97  12.01  11.99  70.75  67.28  63.90  64.13
-------- ----- ----- ----- ----- ----- ---- ------ ------ ---- ---- ---- ------  ------ ------ ------ ------ ------ ------ ------ ------
 Average  97.0   0.0   0.0   3.0   0.0 61.0  525.9 15186.4  0.1  0.1  0.1 267.17   11.98  11.98  11.98  11.94  70.88  68.19  64.01  64.10
  StdDev   1.8   0.0   0.0   1.8   0.0  0.1  193.6  217.1  0.6  0.5  0.6   1.14    0.03   0.03   0.04   0.07   0.28   0.82   0.21   0.20
-------- ----- ----- ----- ----- ----- ---- ------ ------ ---- ---- ---- ------  ------ ------ ------ ------ ------ ------ ------ ------
 Minimum  95.0   0.0   0.0   0.0   0.0 61.0  230.0 14823.0  0.0  0.0  0.0 265.64   11.88  11.90  11.85  11.74  70.67  67.23  63.75  63.83
 Maximum 100.0   0.0   0.0   5.0   0.0 62.0 1212.0 15594.0  5.0  4.0  4.0 269.09   12.05  12.04  12.06  12.04  72.15  69.02  64.64  64.70
-------- ----- ----- ----- ----- ----- ---- ------ ------ ---- ---- ---- ------  ------ ------ ------ ------ ------ ------ ------ ------
Summary:
CPU: 267.17 Watts on average with standard deviation 1.14  
Note: power read from RAPL domains: dram, dram, dram, dram, package-0, package-1, package-2, package-3.
These readings do not cover all the hardware in this device.

Histogram (of 60 power measurements)

  Range (Watts)   Count
265.640 - 265.983    13 ########################################
265.984 - 266.328    13 ########################################
266.329 - 266.673     1 ###
266.674 - 267.018     0 
267.019 - 267.362     1 ###
267.363 - 267.707     2 ######
267.708 - 268.052    12 ####################################
268.053 - 268.397     9 ###########################
268.398 - 268.742     7 #####################
268.743 - 269.086     2 ######

Histogram (of 60 CPU utilization measurements)

  Range (%CPU)    Count
 95.000 -  95.499    21 ########################################
 95.500 -  95.999     1 #
 96.000 -  96.499     1 #
 96.500 -  96.999    11 ####################
 97.000 -  97.499     0 
 97.500 -  97.999     1 #
 98.000 -  98.499    13 ########################
 98.500 -  98.999     2 ###
 99.000 -  99.499     2 ###
 99.500 -  99.999     8 ###############
