fnl@fnl-one:~$ powerstat -RDH
Running for 60.0 seconds (60 samples at 1.0 second intervals).
Power measurements will start in 0 seconds time.

  Time    User  Nice   Sys  Idle    IO  Run Ctxt/s  IRQ/s  Watts    dram   dram   dram   dram  pkg-0  pkg-1  pkg-2  pkg-3
15:54:37   0.9   0.0   0.2  98.9   0.0    2   2850    797 221.86   12.01  11.99  11.99  11.35  54.92  56.20  51.04  59.70
15:54:38   1.5   0.0   0.5  98.0   0.0    1   6158   1130 225.38   12.10  11.96  12.05  11.52  62.02  51.87  50.93  60.55
15:54:39   0.6   0.0   0.3  99.1   0.0    2   2734   1247 222.74   12.02  11.98  12.02  11.35  59.66  51.58  50.47  61.03
15:54:40   0.9   0.0   0.3  98.8   0.0    1   3593    804 222.53   12.03  12.01  12.13  11.32  55.22  56.27  50.61  60.42
15:54:41   1.3   0.0   0.2  98.5   0.0    2   3672    974 224.00   12.15  12.02  12.03  11.33  59.14  54.32  50.38  60.16
15:54:42   1.8   0.0   0.4  97.8   0.0    1   5249   1100 227.09   12.09  12.01  12.05  11.40  59.83  51.60  55.66  60.00
15:54:43   2.4   0.0   0.5  97.1   0.0    3   6682   2294 225.22   12.04  12.03  12.12  11.42  60.49  51.53  53.48  59.72
15:54:44   1.8   0.0   0.4  97.8   0.0    1   4589   1121 221.43   12.06  12.02  12.02  11.42  60.37  51.58  51.08  58.40
15:54:45   0.8   0.0   0.3  98.9   0.0    1   2503    902 220.86   11.91  12.00  12.06  11.43  60.13  51.59  51.16  57.97
15:54:46   1.3   0.0   0.4  98.3   0.0    2   5777    818 223.15   12.03  12.05  12.04  11.42  61.02  51.54  51.00  59.60
15:54:47   0.4   0.0   0.2  99.4   0.0    2   2077    719 215.25   11.97  11.97  12.20  11.55  59.45  51.59  50.54  53.67
15:54:48   0.5   0.0   0.2  99.2   0.0    1   2438    683 217.31   11.99  12.01  12.24  11.42  54.57  51.58  53.54  57.62
15:54:49   0.2   0.0   0.1  99.6   0.0    2    993    545 226.22   12.02  12.00  12.36  11.40  52.93  56.68  56.11  60.49
15:54:50   0.5   0.0   0.2  99.3   0.0    1   1914    774 228.00   12.03  11.94  12.57  11.43  59.43  56.78  56.43  55.36
15:54:51   1.5   0.0   0.5  98.1   0.0    2   4000   1081 228.77   12.06  12.03  12.44  11.39  58.25  55.47  56.72  58.32
15:54:52   1.3   0.0   0.3  98.4   0.0    1   4296    923 224.34   12.07  11.94  12.09  11.42  60.67  51.59  51.45  60.64
15:54:53   1.9   0.0   0.6  97.5   0.0    1   5638   1251 223.27   12.07  11.91  11.99  11.41  60.93  51.53  51.09  59.72
15:54:54   0.9   0.0   0.2  98.9   0.0    2   2606    634 221.84   11.95  11.96  12.25  11.37  59.57  51.59  50.84  59.84
15:54:55   0.3   0.0   0.1  99.5   0.0    1   1224    775 221.67   11.96  11.96  12.11  11.34  54.72  53.70  54.16  59.09
15:54:56   0.6   0.0   0.2  99.2   0.0    1   2401    645 216.36   11.96  11.95  12.14  11.46  56.18  53.04  50.71  56.43
15:54:57   1.0   0.0   0.3  98.7   0.0    1   3331    730 219.37   11.94  11.98  12.29  11.30  54.18  54.14  50.74  60.31
15:54:58   0.6   0.0   0.2  99.2   0.0    1   2724    612 210.25   11.90  12.02  12.54  11.36  56.51  49.39  48.10  56.26
  Time    User  Nice   Sys  Idle    IO  Run Ctxt/s  IRQ/s  Watts    dram   dram   dram   dram  pkg-0  pkg-1  pkg-2  pkg-3
15:54:59   0.6   0.0   0.2  99.3   0.0    1   2123    613 225.34   11.99  12.01  12.41  11.35  59.59  56.70  50.44  58.61
15:55:00   1.1   0.0   0.3  98.7   0.0    3   4618    904 214.29   11.96  12.02  12.40  11.44  54.26  50.31  51.19  58.52
15:55:01   1.0   0.0   0.2  98.8   0.0    1   3331    706 222.10   11.74  11.97  12.45  11.43  55.17  51.60  56.59  58.75
15:55:02   0.5   0.0   0.2  99.3   0.0    1   2091    732 218.53   11.98  12.01  12.38  11.39  53.43  51.59  56.82  56.70
15:55:03   0.6   0.0   0.1  99.2   0.0    1   1947    700 220.18   11.96  12.00  12.49  11.32  53.68  51.53  56.83  58.14
15:55:04   0.7   0.0   0.3  99.0   0.0    1   1819    889 219.55   11.98  11.99  12.51  11.35  56.46  51.58  56.80  54.70
15:55:05   0.5   0.0   0.1  99.3   0.0    1   1318    565 219.74   12.01  12.01  12.22  11.40  53.77  51.60  56.80  57.58
15:55:06   0.3   0.0   0.1  99.7   0.0    1    945    452 219.41   11.93  12.02  12.35  11.37  53.61  51.61  56.82  57.37
15:55:07   0.4   0.0   0.1  99.5   0.0    1   1307    554 224.97   11.96  11.97  12.53  11.33  53.52  56.71  56.83  57.91
15:55:08   0.8   0.0   0.2  99.0   0.0    1   2424    775 220.79   11.94  11.96  12.45  11.30  53.77  51.67  56.63  58.72
15:55:09   1.2   0.0   0.2  98.6   0.0    1   4169    743 226.79   11.96  11.94  12.17  11.44  53.78  55.05  56.82  61.14
15:55:10   0.7   0.0   0.2  99.1   0.0    1   2336    646 227.92   11.96  11.95  12.12  11.38  55.07  56.83  56.82  59.20
15:55:11   0.7   0.0   0.2  99.1   0.0    2   2474    670 229.49   11.74  11.98  12.17  11.41  54.17  56.80  56.81  61.71
15:55:12   0.9   0.0   0.2  99.0   0.0    2   3042    974 216.82   11.90  11.97  12.23  11.35  53.64  51.62  51.55  60.01
15:55:13   0.9   0.0   0.2  98.9   0.0    1   2495    819 220.06   11.94  11.97  12.27  11.41  53.74  56.74  50.28  59.30
15:55:14   0.6   0.0   0.2  99.2   0.0    3   2839    733 226.47   11.81  11.98  12.26  11.35  59.31  59.19  50.47  57.50
15:55:15   0.7   0.0   0.4  98.9   0.0    5   3541    811 231.67   11.97  11.99  12.39  11.33  59.76  61.47  53.57  56.88
15:55:16   1.2   0.0   0.5  98.3   0.0    1   5296   1058 229.55   12.03  12.04  12.33  11.36  59.94  60.79  51.49  57.33
15:55:17   0.8   0.0   0.3  98.9   0.0    1   3489    737 221.87   11.97  11.97  12.27  11.38  54.30  60.72  50.46  56.39
15:55:18   0.8   0.0   0.5  98.8   0.0    1   3043    920 222.90   11.83  12.02  12.44  11.37  56.08  59.39  49.98  57.45
15:55:19   0.7   0.0   0.2  99.2   0.0    1   2166    732 221.69   11.75  12.02  12.21  11.32  57.58  58.38  50.30  55.42
15:55:20   0.5   0.0   0.1  99.4   0.0    1   1967    750 222.54   11.74  12.00  12.58  11.35  64.46  57.38  50.91  49.78
  Time    User  Nice   Sys  Idle    IO  Run Ctxt/s  IRQ/s  Watts    dram   dram   dram   dram  pkg-0  pkg-1  pkg-2  pkg-3
15:55:21   0.6   0.0   0.1  99.3   0.0    1   1943    643 221.81   11.88  12.01  12.24  11.36  63.36  54.32  54.04  50.09
15:55:22   0.8   0.0   0.2  99.1   0.0    2   2321    631 224.72   11.75  11.95  12.03  11.38  62.18  56.72  55.72  50.10
15:55:23   0.4   0.0   0.1  99.5   0.0    1   1456    538 226.27   11.51  12.02  12.30  11.37  63.10  56.81  56.29  50.08
15:55:24   1.1   0.0   0.3  98.7   0.0    1   3909    862 219.51   11.50  12.02  12.05  11.37  64.77  51.57  53.19  49.99
15:55:25   0.8   0.0   0.2  98.9   0.0    3   3081    685 223.35   11.79  12.02  12.00  11.37  65.53  51.54  56.14  50.14
15:55:26   0.8   0.0   0.1  99.1   0.0    1   2565    624 227.24   11.97  11.98  12.12  11.38  64.48  51.60  56.07  55.08
15:55:27   1.1   0.0   0.3  98.6   0.0    1   4887    826 227.24   11.99  11.97  12.21  11.40  64.88  51.61  55.78  54.97
15:55:28   1.0   0.0   0.4  98.7   0.0    1   4401   1133 221.77   11.80  11.96  12.19  11.36  64.40  52.86  50.87  53.63
15:55:29   0.2   0.0   0.1  99.7   0.0    1    945    454 224.79   11.79  11.99  12.14  11.37  62.33  55.76  49.91  56.79
15:55:30   0.6   0.0   0.3  99.1   0.0    1   2217    751 225.98   11.93  11.92  12.38  11.38  63.43  59.67  49.86  53.03
15:55:31   0.6   0.0   0.2  99.3   0.0    1   1856    621 223.46   11.98  11.98  12.40  11.34  62.27  61.56  49.81  49.82
15:55:32   1.1   0.0   0.4  98.5   0.0    1   3421    937 218.70   12.05  12.01  12.08  11.35  62.03  56.63  50.00  50.05
15:55:33   1.0   0.0   0.2  98.8   0.0    1   2613    702 216.65   11.98  11.98  12.09  11.40  60.45  56.25  49.83  50.12
15:55:34   0.9   0.0   0.3  98.8   0.0    1   2519    715 215.08   11.97  11.89  12.49  11.41  60.24  55.15  49.86  49.83
15:55:35   1.0   0.0   0.3  98.7   0.0    1   2835    780 217.83   11.96  12.02  12.19  11.31  60.89  56.78  50.11  50.05
15:55:36   1.4   0.0   0.2  98.4   0.0    3   3818   1084 213.57   11.91  11.93  12.11  11.37  57.47  55.23  52.48  48.40
-------- ----- ----- ----- ----- ----- ---- ------ ------ ------  ------ ------ ------ ------ ------ ------ ------ ------
 Average   0.9   0.0   0.3  98.9   0.0  1.4 3016.9  817.1 222.29   11.94  11.99  12.24  11.38  58.52  54.47  52.86  56.44
  StdDev   0.4   0.0   0.1   0.5   0.0  0.8 1321.2  266.8   4.32    0.12   0.03   0.17   0.05   3.73   3.14   2.78   3.80
-------- ----- ----- ----- ----- ----- ---- ------ ------ ------  ------ ------ ------ ------ ------ ------ ------ ------
 Minimum   0.2   0.0   0.1  97.1   0.0  1.0  945.0  452.0 210.25   11.50  11.89  11.99  11.30  52.93  49.39  48.10  48.40
 Maximum   2.4   0.0   0.6  99.7   0.0  5.0 6682.0 2294.0 231.67   12.15  12.05  12.58  11.55  65.53  61.56  56.83  61.71
-------- ----- ----- ----- ----- ----- ---- ------ ------ ------  ------ ------ ------ ------ ------ ------ ------ ------
Summary:
CPU: 222.29 Watts on average with standard deviation 4.32  
Note: power read from RAPL domains: dram, dram, dram, dram, package-0, package-1, package-2, package-3.
These readings do not cover all the hardware in this device.

Histogram (of 60 power measurements)

  Range (Watts)   Count
210.253 - 212.393     1 ###
212.394 - 214.535     2 ######
214.536 - 216.676     4 ############
216.677 - 218.817     5 ###############
218.818 - 220.959     9 ###########################
220.960 - 223.100    13 ########################################
223.101 - 225.241    10 ##############################
225.242 - 227.383    10 ##############################
227.384 - 229.524     4 ############
229.525 - 231.666     2 ######

Histogram (of 60 CPU utilization measurements)

Range (%CPU)  Count
0.288 - 0.547     6 #################
0.548 - 0.806    12 ##################################
0.807 - 1.066    12 ##################################
1.067 - 1.325    14 ########################################
1.326 - 1.585     7 ####################
1.586 - 1.844     3 ########
1.845 - 2.104     2 #####
2.105 - 2.363     2 #####
2.364 - 2.623     1 ##
2.624 - 2.883     1 ##
