fnl@fnl-one:~$ powerstat -RDH
Running for 60.0 seconds (60 samples at 1.0 second intervals).
Power measurements will start in 0 seconds time.

  Time    User  Nice   Sys  Idle    IO  Run Ctxt/s  IRQ/s  Watts    dram   dram   dram   dram  pkg-0  pkg-1  pkg-2  pkg-3
15:56:37  50.5   0.0   0.1  49.4   0.0   41   1660  10857 265.96   11.67  11.96  12.02  11.42  69.46  65.54  65.54  65.42
15:56:38  51.2   0.0   0.2  48.6   0.0   41   3065  11237 266.56   11.85  12.00  12.01  11.37  69.94  65.54  65.54  65.53
15:56:39  51.6   0.0   0.4  48.1   0.0   43   4658  11391 266.73   11.92  11.96  11.97  11.47  70.29  65.50  65.50  65.44
15:56:40  51.5   0.0   0.4  48.0   0.0   41   4406  11509 266.17   11.84  11.99  12.02  11.42  70.03  65.51  65.51  65.12
15:56:41  50.6   0.0   0.2  49.2   0.0   41   2119  11002 265.81   11.84  11.98  12.04  11.29  69.52  65.53  65.54  65.22
15:56:42  50.4   0.0   0.1  49.5   0.0   41   1564  10960 265.40   11.77  11.97  11.99  11.32  69.28  65.48  65.48  65.17
15:56:43  50.9   0.0   0.2  48.9   0.0   41   2627  11129 266.00   11.73  11.94  11.99  11.41  69.55  65.56  65.56  65.33
15:56:44  51.1   0.0   0.4  48.5   0.0   41   4606  11332 265.24   11.96  11.98  12.00  11.39  69.33  65.72  65.52  64.67
15:56:45  50.8   0.0   0.3  48.8   0.0   41   3223  11115 265.85   11.99  11.98  12.03  11.38  69.58  65.51  65.51  65.26
15:56:46  51.3   0.0   0.5  48.2   0.0   41   3921  11394 266.08   11.95  12.00  11.94  11.33  69.80  65.51  65.50  65.27
15:56:47  50.6   0.0   0.2  49.1   0.0   42   1908  10967 265.99   11.85  12.03  12.02  11.43  69.50  65.75  65.75  65.00
15:56:48  50.4   0.0   0.2  49.4   0.0   41   1498  10919 264.40   11.58  11.93  11.96  11.36  69.25  65.29  65.29  64.58
15:56:49  50.6   0.0   0.2  49.2   0.0   42   1526  10927 265.83   11.71  11.98  12.08  11.39  69.29  65.76  65.64  65.14
15:56:50  50.3   0.0   0.1  49.6   0.0   42   1001  10901 263.98   11.74  11.99  11.97  11.35  69.08  65.47  65.37  64.05
15:56:51  50.5   0.0   0.3  49.2   0.0   41   1799  10910 265.07   11.87  12.00  11.98  11.36  69.04  65.50  65.50  65.03
15:56:52  51.0   0.0   0.2  48.8   0.0   42   2063  11275 265.95   11.96  12.00  12.04  11.39  69.36  65.51  65.51  65.57
15:56:53  52.5   0.0   0.4  47.2   0.0   57   6747  11867 267.29   11.99  12.00  11.96  11.53  70.38  65.54  65.48  65.89
15:56:54  54.7   0.0   0.6  44.7   0.0   42  13568  12251 267.94   12.07  12.00  12.06  11.67  70.11  67.07  65.62  65.13
15:56:55  52.3   0.0   0.3  47.5   0.0   57   7853  11657 260.82   11.96  11.93  12.15  11.48  64.28  67.06  65.56  63.92
15:56:56  53.5   0.0   0.4  46.1   0.0   42   5960  11985 260.72   11.98  12.02  12.09  11.52  63.53  67.32  65.51  64.36
15:56:57  54.1   0.0   0.5  45.4   0.0   43  10367  12082 263.33   12.01  12.00  12.11  11.59  65.26  67.24  65.58  65.24
15:56:58  54.1   0.0   0.7  45.2   0.0   42  11834  12273 264.15   12.03  11.95  12.10  11.56  66.06  67.24  65.44  65.40
  Time    User  Nice   Sys  Idle    IO  Run Ctxt/s  IRQ/s  Watts    dram   dram   dram   dram  pkg-0  pkg-1  pkg-2  pkg-3
15:56:59  52.9   0.0   0.3  46.8   0.0   41   6050  11807 261.56   12.09  12.03  12.13  11.43  63.27  67.28  65.55  65.47
15:57:00  52.4   0.0   0.4  47.2   0.0   42   8522  11984 262.18   11.88  11.99  12.08  11.40  64.60  66.78  65.58  65.23
15:57:01  50.7   0.0   0.1  49.2   0.0   43   3908  11257 257.71   12.01  12.01  12.22  11.36  59.76  67.02  65.55  65.38
15:57:02  52.2   0.0   0.3  47.5   0.0   42   7325  12923 260.96   12.01  12.01  12.00  11.38  63.22  67.10  65.52  65.12
15:57:03  51.3   0.0   0.3  48.4   0.0   41   4797  11844 261.26   11.95  12.03  12.04  11.44  63.57  67.24  65.51  64.94
15:57:04  51.1   0.0   0.2  48.6   0.0   44   4809  11568 263.43   12.02  11.96  12.02  11.36  66.15  67.22  65.51  64.55
15:57:05  51.6   0.0   0.2  48.2   0.0   42   3241  12253 260.81   12.04  12.00  12.04  11.34  64.26  66.44  65.53  64.58
15:57:06  52.3   0.0   0.3  47.4   0.0   42   8016  12075 260.95   12.05  11.93  12.10  11.41  62.69  67.18  65.54  65.54
15:57:07  51.9   0.0   0.3  47.8   0.0   42   6303  11785 262.66   12.00  11.91  11.98  11.38  64.44  67.28  65.54  65.39
15:57:08  52.0   0.0   0.4  47.6   0.0   41   5486  11820 260.58   11.85  11.96  11.99  11.31  62.81  66.87  65.48  65.42
15:57:09  51.0   0.0   0.2  48.7   0.0   41   4142  11400 263.24   12.03  11.94  12.10  11.38  65.73  66.54  65.56  65.40
15:57:10  50.8   0.0   0.2  49.0   0.0   41   3114  11049 266.12   11.94  11.99  12.13  11.39  68.27  66.78  65.57  65.50
15:57:11  50.9   0.0   0.3  48.8   0.0   41   3248  11110 265.82   11.97  11.98  12.08  11.34  69.19  65.78  65.47  65.38
15:57:12  50.7   0.0   0.2  49.2   0.0   41   2270  11047 265.10   11.94  11.97  12.12  11.32  68.99  65.48  65.54  65.09
15:57:13  50.6   0.0   0.1  49.3   0.0   42   1813  10863 265.38   11.97  12.02  12.14  11.40  69.74  65.55  65.55  64.55
15:57:14  50.7   0.0   0.2  49.1   0.0   41   1871  11524 265.74   11.95  12.00  12.01  11.36  69.51  65.55  65.49  65.19
15:57:15  50.6   0.0   0.3  49.1   0.0   41   1913  10977 265.34   11.95  12.01  11.96  11.36  68.93  65.48  65.53  65.40
15:57:16  50.6   0.0   0.2  49.2   0.0   43   1950  11002 265.14   12.02  11.97  12.02  11.34  69.07  65.97  65.54  64.55
15:57:17  50.6   0.0   0.3  49.1   0.0   41   1841  10993 265.07   12.02  11.95  12.03  11.36  69.16  65.77  65.48  64.66
15:57:18  50.8   0.0   0.2  49.0   0.0   41   2546  10935 265.70   11.95  11.99  12.25  11.37  69.18  65.50  65.50  65.52
15:57:19  51.3   0.0   0.5  48.3   0.0   41   3995  11324 266.54   11.98  12.03  12.30  11.38  69.86  65.54  65.54  65.61
15:57:20  51.1   0.0   0.3  48.6   0.0   41   3024  11329 265.55   12.00  11.95  12.27  11.40  69.54  65.51  65.51  64.99
  Time    User  Nice   Sys  Idle    IO  Run Ctxt/s  IRQ/s  Watts    dram   dram   dram   dram  pkg-0  pkg-1  pkg-2  pkg-3
15:57:21  50.6   0.0   0.1  49.3   0.0   41   1799  10935 266.07   11.97  12.01  12.08  11.36  69.74  65.53  65.53  65.28
15:57:22  50.6   0.0   0.2  49.1   0.0   41   2022  11056 264.90   11.93  11.94  11.99  11.36  68.99  65.56  65.55  64.79
15:57:23  51.0   0.0   0.2  48.8   0.0   41   2637  11180 264.87   11.96  11.96  12.05  11.37  69.77  65.53  65.46  64.11
15:57:24  50.5   0.0   0.1  49.4   0.0   41   1582  10891 264.49   12.04  11.96  12.07  11.29  69.45  65.52  65.54  63.98
15:57:25  50.5   0.0   0.2  49.3   0.0   41   1534  10916 265.01   12.05  11.97  12.06  11.39  69.89  65.53  65.54  64.04
15:57:26  51.1   0.0   0.2  48.7   0.0   42   3027  11090 265.83   12.02  12.00  12.22  11.41  70.42  65.60  65.60  64.21
15:57:27  51.0   0.0   0.3  48.7   0.0   41   3044  11122 264.79   11.86  11.91  12.14  11.39  70.01  65.42  65.41  63.95
15:57:28  51.1   0.0   0.2  48.7   0.0   57   3093  11065 266.12   11.85  12.01  12.12  11.34  70.07  65.54  65.54  64.98
15:57:29  50.9   0.0   0.1  48.9   0.0   43   2263  11007 266.37   11.79  11.99  12.14  11.34  69.94  65.62  65.62  65.19
15:57:30  50.4   0.0   0.2  49.4   0.0   41   1183  10811 265.13   12.01  11.90  12.31  11.40  69.36  65.39  65.39  65.00
15:57:31  50.7   0.0   0.3  49.0   0.0   41   2143  11072 265.84   12.02  11.96  12.24  11.30  69.37  65.66  65.54  65.27
15:57:32  50.5   0.0   0.2  49.3   0.0   43   1805  11018 265.99   12.00  11.92  12.16  11.40  69.42  65.64  65.67  65.26
15:57:33  50.7   0.0   0.3  49.0   0.0   41   1698  10998 265.51   12.01  11.99  12.13  11.40  69.51  65.46  65.38  65.16
15:57:34  50.7   0.0   0.3  49.0   0.0   41   2239  11079 265.96   12.04  11.93  12.07  11.42  69.39  65.55  65.54  65.49
15:57:35  50.7   0.0   0.2  49.2   0.0   43   1826  11011 266.67   11.98  12.02  12.26  11.39  69.86  65.76  65.60  65.45
15:57:36  50.7   0.0   0.2  49.1   0.0   41   2280  11097 264.93   12.02  11.95  12.15  11.34  68.52  65.83  65.47  65.10
-------- ----- ----- ----- ----- ----- ---- ------ ------ ------  ------ ------ ------ ------ ------ ------ ------ ------
 Average  51.2   0.0   0.3  48.5   0.0 42.3 3705.5 11319.3 264.68   11.94  11.98  12.08  11.39  68.13  65.99  65.52  65.04
  StdDev   1.0   0.0   0.1   1.1   0.0  3.5 2645.2  457.3   2.03    0.10   0.03   0.09   0.07   2.55   0.68   0.07   0.48
-------- ----- ----- ----- ----- ----- ---- ------ ------ ------  ------ ------ ------ ------ ------ ------ ------ ------
 Minimum  50.3   0.0   0.1  44.7   0.0 41.0 1001.0 10811.0 257.71   11.58  11.90  11.94  11.29  59.76  65.29  65.29  63.92
 Maximum  54.7   0.0   0.7  49.6   0.0 57.0 13568.0 12923.0 267.94   12.09  12.03  12.31  11.67  70.42  67.32  65.75  65.89
-------- ----- ----- ----- ----- ----- ---- ------ ------ ------  ------ ------ ------ ------ ------ ------ ------ ------
Summary:
CPU: 264.68 Watts on average with standard deviation 2.03  
Note: power read from RAPL domains: dram, dram, dram, dram, package-0, package-1, package-2, package-3.
These readings do not cover all the hardware in this device.

Histogram (of 60 power measurements)

  Range (Watts)   Count
257.714 - 258.736     1 #
258.737 - 259.758     0 
259.759 - 260.781     2 ###
260.782 - 261.803     6 ##########
261.804 - 262.826     2 ###
262.827 - 263.849     3 #####
263.850 - 264.871     6 ##########
264.872 - 265.894    22 ########################################
265.895 - 266.916    16 #############################
266.917 - 267.939     2 ###

Histogram (of 60 CPU utilization measurements)

 Range (%CPU)   Count
50.438 - 50.923    23 ########################################
50.924 - 51.409    17 #############################
51.410 - 51.895     6 ##########
51.896 - 52.381     3 #####
52.382 - 52.866     6 ##########
52.867 - 53.352     1 #
53.353 - 53.838     0 
53.839 - 54.324     1 #
54.325 - 54.810     2 ###
54.811 - 55.296     1 #

