fnl@fnl-one:~$ powerstat -RDH
Running for 60.0 seconds (60 samples at 1.0 second intervals).
Power measurements will start in 0 seconds time.

  Time    User  Nice   Sys  Idle    IO  Run Ctxt/s  IRQ/s  Watts    dram   dram   dram   dram  pkg-0  pkg-1  pkg-2  pkg-3
15:58:44  99.3   0.0   0.0   0.6   0.0   99   2249  20596 273.58   11.97  12.05  12.29  11.34  71.66  68.56  67.24  66.13
15:58:45  99.5   0.0   0.2   0.3   0.0   97   3902  20831 274.47   12.02  12.01  12.20  11.36  72.14  68.52  67.28  66.53
15:58:46  98.9   0.0   0.1   1.0   0.0   82   1559  20493 273.92   11.91  11.97  12.44  11.40  71.36  68.76  67.28  66.52
15:58:47  98.2   0.0   0.1   1.6   0.0   83   2325  20605 272.96   11.93  12.04  12.45  11.37  71.51  68.12  67.30  66.03
15:58:48  98.4   0.0   0.2   1.5   0.0   81   2621  20810 271.88   12.00  11.98  12.38  11.31  71.38  67.38  67.19  65.94
15:58:49  98.8   0.0   0.1   1.0   0.0   81   2233  20616 272.02   11.98  11.95  12.33  11.32  71.48  67.22  67.27  66.05
15:58:50  99.2   0.0   0.1   0.7   0.0   83   2706  20738 272.21   12.00  12.04  12.51  11.32  71.70  67.48  67.31  65.72
15:58:51  99.1   0.0   0.1   0.8   0.0   81   2286  20538 272.12   12.01  11.99  12.19  11.38  71.32  67.22  67.18  66.41
15:58:52  99.1   0.0   0.1   0.9   0.0   82   2106  20691 271.95   12.07  11.96  12.21  11.36  71.18  67.32  67.28  66.16
15:58:53  98.9   0.0   0.2   0.9   0.0   81   2280  20849 272.48   12.03  12.01  12.34  11.38  71.14  67.37  67.28  66.69
15:58:54  99.0   0.0   0.1   0.9   0.0   82   1746  20633 272.61   11.98  12.00  12.37  11.39  71.32  67.42  67.20  66.67
15:58:55  98.9   0.0   0.1   1.1   0.0   81   1019  20498 272.65   11.97  11.95  12.49  11.38  71.06  67.39  67.28  66.93
15:58:56  98.9   0.0   0.1   1.0   0.0   81   2072  20601 273.45   11.97  12.00  12.39  11.35  71.31  67.79  67.28  67.07
15:58:57  98.9   0.0   0.1   1.0   0.0   83   1359  20662 273.07   11.99  11.96  12.13  11.34  71.30  67.42  67.26  67.10
15:58:58  99.0   0.0   0.0   1.0   0.0   81   1389  20479 272.63   11.94  11.98  12.40  11.36  71.20  67.25  67.23  66.95
15:58:59  99.0   0.0   0.1   0.9   0.0   81   1887  20615 273.24   12.03  11.98  12.48  11.35  71.49  67.36  67.27  67.11
15:59:00  99.0   0.0   0.1   0.8   0.0   82   2390  20837 273.34   11.97  12.00  12.22  11.30  71.49  67.28  67.28  67.29
15:59:01  99.1   0.0   0.1   0.8   0.0   97   1839  20710 271.99   12.03  12.03  12.18  11.34  71.08  67.28  67.25  66.38
15:59:02  99.7   0.0   0.1   0.2   0.0   83   3364  21486 273.43   12.00  11.99  12.08  11.33  71.79  67.31  67.25  67.08
15:59:03  99.4   0.0   0.1   0.5   0.0   82   2345  20946 273.16   11.95  12.02  12.03  11.40  71.68  67.26  67.25  66.98
15:59:04  99.3   0.0   0.1   0.5   0.0   97   2752  20823 273.35   11.99  12.01  12.27  11.30  71.86  67.31  67.24  66.93
15:59:05  99.2   0.0   0.2   0.6   0.0   83   2436  20851 273.66   12.02  11.97  12.25  11.37  71.91  67.34  67.27  67.13
  Time    User  Nice   Sys  Idle    IO  Run Ctxt/s  IRQ/s  Watts    dram   dram   dram   dram  pkg-0  pkg-1  pkg-2  pkg-3
15:59:06  99.8   0.0   0.0   0.2   0.0   81   1783  20728 273.90   12.01  12.01  12.26  11.30  71.70  67.88  67.22  67.10
15:59:07  99.7   0.0   0.1   0.2   0.0   82   2176  20914 274.04   11.93  12.03  12.21  11.38  72.13  67.71  67.28  66.93
15:59:08  99.0   0.0   0.1   0.9   0.0   97   1714  20537 274.32   12.03  11.92  12.07  11.35  71.44  68.56  67.28  67.05
15:59:09  99.0   0.0   0.1   0.9   0.0   81   1597  20585 273.24   12.01  11.98  12.06  11.31  71.39  67.47  67.28  67.10
15:59:10  99.0   0.0   0.1   0.9   0.0   82   2410  20706 273.16   12.02  11.97  11.99  11.39  71.48  67.21  67.21  67.26
15:59:11  99.5   0.0   0.0   0.5   0.0   81    862  20501 272.92   12.00  11.99  12.19  11.40  71.28  67.29  67.28  67.08
15:59:12  99.6   0.0   0.1   0.3   0.0   81   1380  20539 273.03   11.98  11.95  12.07  11.40  71.31  67.32  67.28  67.11
15:59:13  99.5   0.0   0.1   0.5   0.0   82   1863  20490 272.98   11.98  11.98  12.09  11.35  71.70  67.21  67.21  66.86
15:59:14  99.8   0.0   0.0   0.1   0.0   81   1155  20512 272.84   12.01  12.01  11.99  11.29  71.43  67.28  67.28  66.85
15:59:15  99.7   0.0   0.1   0.2   0.0   81   1574  20517 273.61   11.97  12.01  12.10  11.32  71.85  67.28  67.27  67.21
15:59:16  99.8   0.0   0.1   0.1   0.0   82   1979  20627 274.95   11.99  12.00  12.10  11.33  71.88  67.81  67.60  67.66
15:59:17  99.8   0.0   0.1   0.2   0.0   81   1359  20381 272.72   12.07  11.97  12.07  11.32  71.36  67.78  66.89  66.69
15:59:18  99.6   0.0   0.1   0.3   0.0   81   1151  20669 273.77   11.94  11.95  12.09  11.42  71.47  67.90  67.27  67.13
15:59:19  99.7   0.0   0.1   0.2   0.0   83   1064  20546 273.78   11.99  11.96  11.97  11.31  71.56  67.63  67.28  67.31
15:59:20  99.9   0.0   0.0   0.1   0.0   81    630  20348 273.01   12.00  11.98  12.20  11.43  71.32  67.41  67.21  67.07
15:59:21  99.5   0.0   0.1   0.4   0.0   81   1172  20540 273.73   12.00  11.97  12.10  11.40  71.63  67.56  67.28  67.26
15:59:22  99.8   0.0   0.0   0.2   0.0   82    770  20477 273.27   11.99  11.95  12.14  11.38  71.37  67.42  67.21  67.27
15:59:23  99.9   0.0   0.1   0.0   0.0   81    777  20471 273.34   12.03  12.02  12.21  11.36  71.47  67.31  67.28  67.28
15:59:24  99.9   0.0   0.1   0.0   0.0   81   1247  20556 273.31   11.98  12.01  12.32  11.37  71.61  67.28  67.28  67.15
15:59:25  99.5   0.0   0.1   0.5   0.0   81    923  20464 273.02   11.97  11.95  12.33  11.32  71.30  67.33  67.21  67.17
15:59:26  99.5   0.0   0.1   0.4   0.0   81   1154  20546 272.99   11.97  12.02  12.29  11.32  71.40  67.31  67.28  67.00
15:59:27  99.6   0.0   0.1   0.4   0.0   81   1195  20519 273.08   11.97  11.97  12.28  11.38  71.32  67.41  67.27  67.07
  Time    User  Nice   Sys  Idle    IO  Run Ctxt/s  IRQ/s  Watts    dram   dram   dram   dram  pkg-0  pkg-1  pkg-2  pkg-3
15:59:28  99.8   0.0   0.0   0.2   0.0   81    907  20462 273.46   11.99  11.96  12.13  11.29  71.34  67.95  67.28  66.87
15:59:29  99.7   0.0   0.1   0.2   0.0   81   1170  20486 273.07   11.94  11.94  12.06  11.33  71.28  67.52  67.21  67.07
15:59:30  99.7   0.0   0.1   0.2   0.0   81   1169  20593 273.30   11.99  12.05  12.04  11.35  71.41  67.41  67.29  67.19
15:59:31  99.8   0.0   0.0   0.2   0.0   81    926  20352 272.85   11.98  11.93  12.22  11.38  71.18  67.54  67.26  66.86
15:59:32  99.6   0.0   0.1   0.3   0.0   81   1296  20516 272.83   11.89  12.00  12.18  11.34  71.53  67.31  67.21  66.78
15:59:33  99.7   0.0   0.1   0.3   0.0   81    921  20440 273.06   12.05  12.01  12.09  11.30  71.35  67.28  67.28  67.15
15:59:34  99.9   0.0   0.0   0.0   0.0   81    861  20619 273.39   12.00  11.96  11.99  11.39  71.30  67.55  67.28  67.25
15:59:35  99.6   0.0   0.1   0.2   0.0   81   1306  20497 272.94   12.06  12.01  12.04  11.37  71.24  67.21  67.21  67.28
15:59:36  99.9   0.0   0.0   0.1   0.0   81   1125  20460 273.07   12.02  11.96  12.14  11.33  71.15  67.51  67.28  67.14
15:59:37  99.7   0.0   0.1   0.2   0.0   81    834  20474 273.47   12.01  11.95  12.00  11.34  71.23  67.74  67.28  67.22
15:59:38  99.6   0.0   0.1   0.3   0.0   81   1101  20624 273.36   12.00  12.00  11.90  11.40  71.13  67.86  67.24  67.13
15:59:39  99.9   0.0   0.0   0.1   0.0   81    771  20494 272.56   12.01  12.00  12.09  11.36  70.98  67.37  67.23  66.98
15:59:40  99.6   0.0   0.1   0.3   0.0   81   1302  20546 272.98   12.04  12.03  12.12  11.33  71.33  67.30  67.27  67.08
15:59:41  99.0   0.0   0.1   0.9   0.0   82   1278  20534 273.57   11.96  12.01  12.13  11.37  71.48  67.94  67.23  66.91
15:59:42  98.7   0.0   0.1   1.2   0.0   81    851  20587 272.38   11.85  12.00  12.33  11.31  71.29  67.78  67.29  66.02
15:59:43  98.8   0.0   0.1   1.1   0.0   81   1377  20590 273.76   12.02  11.98  12.51  11.36  71.24  68.25  67.27  67.00
-------- ----- ----- ----- ----- ----- ---- ------ ------ ------  ------ ------ ------ ------ ------ ------ ------ ------
 Average  99.4   0.0   0.1   0.5   0.0 82.8 1599.9 20605.9 273.15   11.99  11.99  12.20  11.35  71.44  67.55  67.26  66.91
  StdDev   0.4   0.0   0.0   0.4   0.0  4.5  686.9  176.3   0.60    0.04   0.03   0.15   0.03   0.25   0.37   0.07   0.40
-------- ----- ----- ----- ----- ----- ---- ------ ------ ------  ------ ------ ------ ------ ------ ------ ------ ------
 Minimum  98.2   0.0   0.0   0.0   0.0 81.0  630.0 20348.0 271.88   11.85  11.92  11.90  11.29  70.98  67.21  66.89  65.72
 Maximum  99.9   0.0   0.2   1.6   0.0 99.0 3902.0 21486.0 274.95   12.07  12.05  12.51  11.43  72.14  68.76  67.60  67.66
-------- ----- ----- ----- ----- ----- ---- ------ ------ ------  ------ ------ ------ ------ ------ ------ ------ ------
Summary:
CPU: 273.15 Watts on average with standard deviation 0.60  
Note: power read from RAPL domains: dram, dram, dram, dram, package-0, package-1, package-2, package-3.
These readings do not cover all the hardware in this device.

Histogram (of 60 power measurements)

  Range (Watts)   Count
271.880 - 272.186     5 ###########
272.187 - 272.493     3 #######
272.494 - 272.800     5 ###########
272.801 - 273.107    17 ########################################
273.108 - 273.414    12 ############################
273.415 - 273.721     8 ##################
273.722 - 274.028     6 ##############
274.029 - 274.335     2 ####
274.336 - 274.642     1 ##
274.643 - 274.949     1 ##

Histogram (of 60 CPU utilization measurements)

  Range (%CPU)    Count
 98.350 -  98.514     2 ####
 98.515 -  98.679     0 
 98.680 -  98.844     1 ##
 98.845 -  99.009     4 ########
 99.010 -  99.174    12 ##########################
 99.175 -  99.339     3 ######
 99.340 -  99.504     4 ########
 99.505 -  99.669     6 #############
 99.670 -  99.834    18 ########################################
 99.835 -  99.999    10 ######################

