Running for 60.0 seconds (60 samples at 1.0 second intervals).
Power measurements will start in 0 seconds time.

  Time    User  Nice   Sys  Idle    IO  Run Ctxt/s  IRQ/s  Watts    dram   dram   dram   dram  pkg-0  pkg-1  pkg-2  pkg-3
16:35:32   0.8   0.0   0.2  99.0   0.0    1   2112   1048 135.68   11.67  12.02  11.90  11.43  35.63  33.88  33.96  32.20
16:35:33   0.5   0.0   0.2  99.3   0.0    1   1569    712 135.61   11.43  11.97  12.02  11.37  35.53  33.89  33.98  32.21
16:35:34   0.2   0.0   0.0  99.8   0.0    1    586    527 135.78   11.61  11.96  12.01  11.35  35.75  33.89  33.95  32.19
16:35:35   0.5   0.0   0.2  99.2   0.0    1   1448    658 135.39   11.46  11.97  12.01  11.37  35.51  33.71  33.97  32.20
16:35:36   0.3   0.0   0.2  99.5   0.0    2   1140    770 135.38   11.36  11.97  12.07  11.35  35.54  33.69  33.97  32.18
16:35:37   0.3   0.0   0.1  99.6   0.0    1    938    603 135.54   11.41  11.97  12.00  11.46  35.39  33.97  33.98  32.20
16:35:38   0.5   0.0   0.2  99.3   0.0    1   1428    649 135.86   11.39  12.00  12.00  11.60  35.73  33.97  33.94  32.21
16:35:39   0.2   0.0   0.1  99.6   0.0    1    979    491 135.81   11.48  11.94  12.02  11.62  35.67  33.94  33.98  32.21
16:35:40   0.4   0.0   0.1  99.5   0.0    1   1108    752 135.59   11.49  12.01  12.06  11.52  35.72  33.73  33.97  32.17
16:35:41   0.5   0.0   0.2  99.3   0.0    1   1353    574 135.77   11.61  11.97  12.01  11.39  35.65  33.97  33.94  32.21
16:35:42   0.0   0.0   0.0 100.0   0.0    1    108    425 135.78   11.87  12.00  11.99  11.53  35.67  33.94  33.97  32.20
16:35:43   0.3   0.0   0.1  99.6   0.0    1    538    499 135.80   11.87  11.98  11.99  11.55  35.68  33.96  33.96  32.20
16:35:44   0.0   0.0   0.1  99.9   0.0    1    344    624 135.79   11.64  12.01  11.97  11.48  35.66  33.92  33.99  32.22
16:35:45   0.2   0.0   0.1  99.7   0.0    1    486    529 135.76   11.67  12.05  12.03  11.70  35.63  33.96  33.97  32.20
16:35:46   0.1   0.0   0.1  99.8   0.0    1    568    491 135.80   11.75  11.95  12.04  11.66  35.71  33.98  33.94  32.18
16:35:47   0.0   0.0   0.0 100.0   0.0    1    114    397 135.76   11.75  11.97  12.09  11.58  35.62  33.93  33.99  32.22
16:35:48   0.3   0.0   0.1  99.6   0.0    1    720    699 135.08   11.65  11.97  12.15  11.42  35.66  33.26  33.96  32.20
16:35:49   0.1   0.0   0.2  99.7   0.0    1    563    486 135.80   11.89  11.95  12.06  11.42  35.75  33.93  33.94  32.18
16:35:50   0.0   0.0   0.0 100.0   0.0    1     96    403 135.77   11.91  11.99  12.05  11.43  35.65  33.92  33.99  32.22
16:35:51   0.2   0.0   0.1  99.7   0.0    1    530    461 135.59   11.85  12.05  11.99  11.42  35.47  33.96  33.96  32.19
16:35:52   0.1   0.0   0.1  99.8   0.0    3    654    631 135.64   11.83  12.03  12.03  11.35  35.53  33.90  33.99  32.22
16:35:53   0.1   0.0   0.1  99.9   0.0    1    131    518 135.13   11.70  11.99  11.96  11.39  35.07  33.94  33.94  32.17
  Time    User  Nice   Sys  Idle    IO  Run Ctxt/s  IRQ/s  Watts    dram   dram   dram   dram  pkg-0  pkg-1  pkg-2  pkg-3
16:35:54   0.2   0.0   0.1  99.7   0.0    1    573    498 135.91   11.83  12.02  11.95  11.41  35.57  33.96  33.96  32.42
16:35:55   0.0   0.0   0.1  99.9   0.0    1    113    391 135.56   11.79  12.01  12.04  11.40  35.43  33.99  33.95  32.19
16:35:56   0.2   0.0   0.1  99.7   0.0    1    695    668 135.73   11.71  12.04  12.04  11.39  35.64  33.92  33.96  32.20
16:35:57   0.2   0.0   0.1  99.7   0.0    1    541    472 135.68   11.91  12.01  11.99  11.51  35.53  33.98  33.97  32.20
16:35:58   0.0   0.0   0.0 100.0   0.0    1     84    384 135.77   11.99  11.96  11.98  11.45  35.68  33.95  33.95  32.19
16:35:59   0.3   0.0   0.1  99.6   0.0    1    559    477 135.65   11.93  11.97  11.98  11.35  35.53  33.97  33.96  32.20
16:36:00   0.7   0.0   0.2  99.2   0.0    1   1570    779 135.74   11.95  12.03  12.03  11.35  35.62  33.95  33.97  32.20
16:36:01   0.0   0.0   0.0 100.0   0.0    1    115    453 135.49   11.82  11.94  12.03  11.37  35.36  33.97  33.96  32.19
16:36:02   0.2   0.0   0.1  99.7   0.0    1    547    494 135.65   11.77  11.93  12.04  11.36  35.52  33.97  33.97  32.20
16:36:03   0.0   0.0   0.0 100.0   0.0    2    146    391 135.32   11.84  12.00  12.11  11.39  35.16  33.98  33.99  32.19
16:36:04   0.2   0.0   0.1  99.7   0.0    1    686    669 135.65   11.77  11.97  12.07  11.29  35.50  33.96  33.96  32.23
16:36:05   0.3   0.0   0.2  99.5   0.0    1    820    628 135.36   11.54  11.94  12.04  11.43  35.27  33.97  33.94  32.18
16:36:06   0.0   0.0   0.0 100.0   0.0    1    143    408 135.71   11.60  11.93  12.16  11.33  35.57  33.92  33.99  32.22
16:36:07   0.2   0.0   0.1  99.7   0.0    1    589    518 135.54   11.86  11.97  12.01  11.35  35.42  33.96  33.96  32.19
16:36:08   0.1   0.0   0.1  99.7   0.0    1    742    674 135.46   11.98  11.94  12.09  11.40  35.39  33.97  33.93  32.18
16:36:09   0.0   0.0   0.0 100.0   0.0    1    100    393 135.47   11.96  11.95  12.00  11.40  35.30  33.96  33.99  32.22
16:36:10   0.2   0.0   0.1  99.7   0.0    1    568    604 135.67   11.85  11.98  12.13  11.50  35.55  33.96  33.96  32.19
16:36:11   0.0   0.0   0.0 100.0   0.0    2    121    395 135.62   11.92  11.99  12.09  11.40  35.54  33.94  33.95  32.19
16:36:12   0.2   0.0   0.1  99.7   0.0    1    667    627 135.34   11.99  12.04  11.91  11.41  35.21  33.97  33.96  32.20
16:36:13   0.2   0.0   0.1  99.7   0.0    1    547    488 135.37   11.97  12.03  12.05  11.40  35.22  33.97  33.97  32.21
16:36:14   0.0   0.0   0.0 100.0   0.0    1     94    393 135.76   11.94  11.95  12.09  11.38  35.66  33.96  33.96  32.19
16:36:15   0.2   0.0   0.2  99.6   0.0    1    598    441 135.17   11.98  12.00  12.03  11.41  35.05  33.96  33.96  32.19
  Time    User  Nice   Sys  Idle    IO  Run Ctxt/s  IRQ/s  Watts    dram   dram   dram   dram  pkg-0  pkg-1  pkg-2  pkg-3
16:36:16   0.2   0.0   0.1  99.7   0.0    1    687    707 135.48   12.00  12.06  12.03  11.45  35.32  33.97  33.97  32.21
16:36:17   0.0   0.0   0.0 100.0   0.0    1     94    329 135.10   11.83  12.00  12.08  11.43  35.00  33.95  33.95  32.19
16:36:18   0.2   0.0   0.1  99.7   0.0    1    549    650 135.74   11.75  12.02  12.11  11.35  35.62  33.96  33.96  32.20
16:36:19   0.0   0.0   0.1  99.9   0.0    2    137    345 135.64   11.90  12.00  12.01  11.36  35.48  33.99  33.95  32.22
16:36:20   0.2   0.0   0.1  99.8   0.0    1    667    691 135.12   11.84  11.90  11.99  11.29  35.24  33.71  33.97  32.20
16:36:21   0.2   0.0   0.1  99.7   0.0    1    535    402 135.26   11.85  11.95  12.03  11.37  35.16  33.94  33.97  32.17
16:36:22   0.0   0.0   0.0 100.0   0.0    1     89    468 135.53   11.89  11.94  12.02  11.33  35.58  33.79  33.96  32.21
16:36:23   0.2   0.0   0.1  99.7   0.0    1    538    408 134.84   12.02  11.99  12.05  11.46  34.68  33.96  34.00  32.20
16:36:24   0.3   0.0   0.1  99.7   0.0    1    706    748 135.27   11.90  12.00  11.99  11.39  35.22  33.93  33.94  32.18
16:36:25   0.0   0.0   0.1  99.9   0.0    1    109    307 134.94   11.43  11.98  11.99  11.38  34.77  33.99  33.95  32.22
16:36:26   0.2   0.0   0.1  99.7   0.0    1    514    662 135.84   11.72  12.04  12.29  11.39  35.68  33.96  34.00  32.20
16:36:27   0.0   0.0   0.1  99.9   0.0    2    186    281 134.93   11.94  12.02  12.12  11.32  34.84  33.95  33.95  32.19
16:36:28   0.2   0.0   0.0  99.8   0.0    1    618    737 135.27   11.74  11.98  12.04  11.34  35.14  33.96  33.96  32.20
16:36:29   0.2   0.0   0.1  99.6   0.0    1    514    334 135.10   11.93  12.02  12.08  11.40  34.95  33.97  33.97  32.20
16:36:30   0.0   0.0   0.0 100.0   0.0    1     90    548 135.53   11.93  12.01  12.02  11.36  35.43  33.96  33.95  32.19
16:36:31   0.2   0.0   0.1  99.7   0.0    1    541    317 135.20   11.83  12.00  12.05  11.33  35.07  33.97  33.96  32.20
-------- ----- ----- ----- ----- ----- ---- ------ ------ ------  ------ ------ ------ ------ ------ ------ ------ ------
 Average   0.2   0.0   0.1  99.7   0.0  1.1  578.4  535.4 135.53   11.78  11.99  12.04  11.42  35.44  33.92  33.96  32.20
  StdDev   0.2   0.0   0.1   0.2   0.0  0.4  436.4  149.1   0.27    0.18   0.04   0.06   0.09   0.26   0.11   0.02   0.03
-------- ----- ----- ----- ----- ----- ---- ------ ------ ------  ------ ------ ------ ------ ------ ------ ------ ------
 Minimum   0.0   0.0   0.0  99.0   0.0  1.0   84.0  281.0 134.84   11.36  11.90  11.90  11.29  34.68  33.26  33.93  32.17
 Maximum   0.8   0.0   0.2 100.0   0.0  3.0 2112.0 1048.0 135.91   12.02  12.06  12.29  11.70  35.75  33.99  34.00  32.42
-------- ----- ----- ----- ----- ----- ---- ------ ------ ------  ------ ------ ------ ------ ------ ------ ------ ------
Summary:
CPU: 135.53 Watts on average with standard deviation 0.27  
Note: power read from RAPL domains: dram, dram, dram, dram, package-0, package-1, package-2, package-3.
These readings do not cover all the hardware in this device.

Histogram (of 60 power measurements)

  Range (Watts)   Count
134.835 - 134.942     3 #########
134.943 - 135.049     0 
135.050 - 135.157     5 ###############
135.158 - 135.264     3 #########
135.265 - 135.372     5 ###############
135.373 - 135.480     6 ##################
135.481 - 135.587     7 #####################
135.588 - 135.695    11 #################################
135.696 - 135.802    13 ########################################
135.803 - 135.910     7 #####################

Histogram (of 60 CPU utilization measurements)

Range (%CPU)  Count
0.000 - 0.099    15 ############################
0.100 - 0.199     5 #########
0.200 - 0.299     9 #################
0.300 - 0.399    21 ########################################
0.400 - 0.498     3 #####
0.499 - 0.598     1 #
0.599 - 0.698     2 ###
0.699 - 0.798     2 ###
0.799 - 0.898     1 #
0.899 - 0.998     1 #
