Running for 60.0 seconds (60 samples at 1.0 second intervals).
Power measurements will start in 0 seconds time.

  Time    User  Nice   Sys  Idle    IO  Run Ctxt/s  IRQ/s  Watts    dram   dram   dram   dram  pkg-0  pkg-1  pkg-2  pkg-3
16:36:32  50.6   0.0   0.2  49.2   0.0   43   1821  11457 137.32   12.02  11.99  12.02  11.36  35.81  34.01  33.99  33.51
16:36:33  50.3   0.0   0.1  49.7   0.0   42    639  10705 137.56   11.92  11.95  12.03  11.37  35.74  34.06  33.98  33.79
16:36:34  50.6   0.0   0.2  49.2   0.0   41   1894  11151 138.01   11.59  12.00  12.02  11.46  35.79  34.08  34.28  33.86
16:36:35  50.6   0.0   0.2  49.2   0.0   42   1834  11004 138.60   11.69  12.02  12.01  11.43  35.81  34.83  34.23  33.73
16:36:36  50.2   0.0   0.1  49.7   0.0   41    667  10830 138.91   11.66  11.96  12.00  11.36  35.73  34.46  35.11  33.61
16:36:37  50.7   0.0   0.2  49.1   0.0   41   1538  10889 139.42   11.78  11.98  12.02  11.34  35.80  34.65  35.09  33.89
16:36:38  50.4   0.0   0.1  49.5   0.0   42   1074  10906 138.10   11.93  12.00  12.00  11.34  35.76  34.14  34.43  33.77
16:36:39  50.4   0.0   0.1  49.4   0.0   41    911  10763 137.81   11.67  12.00  12.09  11.37  35.72  34.00  34.28  33.80
16:36:40  50.7   0.0   0.2  49.1   0.0   41   1382  11048 138.27   11.66  11.91  12.28  11.35  35.76  34.18  34.49  33.84
16:36:41  50.3   0.0   0.1  49.6   0.0   43    852  10654 138.06   11.89  12.00  12.14  11.43  35.77  34.02  34.51  33.76
16:36:42  50.5   0.0   0.2  49.3   0.0   41   1082  11013 138.30   11.92  11.95  12.07  11.35  35.72  34.05  34.67  33.85
16:36:43  50.3   0.0   0.2  49.5   0.0   41    653  10769 138.01   11.96  12.00  12.17  11.40  35.76  34.10  34.41  33.74
16:36:44  50.0   0.0   0.0  50.0   0.0   41    228  10769 138.07   11.97  11.98  12.11  11.39  35.72  34.03  34.50  33.82
16:36:45  50.3   0.0   0.2  49.5   0.0   41    649  10782 138.75   11.95  11.97  12.08  11.39  35.74  34.03  35.14  33.84
16:36:46  50.1   0.0   0.1  49.8   0.0   42    200  10788 138.00   11.89  11.99  12.13  11.42  35.72  34.03  34.34  33.92
16:36:47  50.2   0.0   0.1  49.7   0.0   41    561  10670 138.04   11.95  11.93  12.04  11.35  35.75  34.16  34.32  33.81
16:36:48  50.3   0.0   0.1  49.6   0.0   41    703  10912 138.34   11.91  11.96  12.01  11.43  35.74  34.10  34.61  33.89
16:36:49  50.1   0.0   0.0  49.9   0.0   41     98  10561 138.23   11.96  11.94  12.01  11.33  35.73  34.08  34.52  33.90
16:36:50  50.3   0.0   0.2  49.6   0.0   41    579  10957 138.18   11.73  12.00  12.08  11.38  35.73  34.40  34.23  33.82
16:36:51  50.3   0.0   0.2  49.6   0.0   41    651  10737 137.73   11.99  11.95  11.99  11.36  35.77  34.05  34.06  33.85
16:36:52  50.0   0.0   0.0  50.0   0.0   41    219  10778 138.26   11.89  11.92  12.02  11.42  35.73  34.38  34.30  33.85
16:36:53  50.3   0.0   0.1  49.6   0.0   41    624  10703 137.74   12.00  11.99  12.05  11.35  35.73  33.99  34.13  33.89
  Time    User  Nice   Sys  Idle    IO  Run Ctxt/s  IRQ/s  Watts    dram   dram   dram   dram  pkg-0  pkg-1  pkg-2  pkg-3
16:36:54  50.1   0.0   0.1  49.9   0.0   42    125  10729 138.11   11.90  12.01  12.06  11.43  35.76  34.04  34.43  33.88
16:36:55  50.3   0.0   0.1  49.6   0.0   41    616  10744 138.10   11.65  11.99  12.06  11.49  35.74  34.17  34.33  33.85
16:36:56  50.3   0.0   0.1  49.6   0.0   41    687  10910 139.03   11.71  11.98  12.10  11.33  35.75  34.61  34.76  33.91
16:36:57  50.0   0.0   0.0  49.9   0.0   41     94  10565 137.67   11.66  11.99  12.25  11.38  35.73  34.04  34.05  33.85
16:36:58  50.3   0.0   0.2  49.6   0.0   41    589  10924 138.33   11.94  11.97  12.24  11.34  35.73  34.10  34.57  33.93
16:36:59  50.2   0.0   0.1  49.6   0.0   41    631  10746 138.80   11.91  11.97  12.06  11.39  35.73  34.62  34.59  33.85
16:37:00  50.5   0.0   0.1  49.5   0.0   41   1086  11256 138.44   11.88  11.96  12.17  11.43  35.81  34.35  34.38  33.90
16:37:01  50.3   0.0   0.2  49.6   0.0   41    590  10732 137.70   11.95  11.95  12.32  11.42  35.74  34.01  34.09  33.86
16:37:02  50.1   0.0   0.0  49.9   0.0   41    161  10701 138.52   11.95  12.02  12.32  11.47  35.75  34.52  34.33  33.92
16:37:03  50.3   0.0   0.1  49.6   0.0   41    624  10783 138.80   11.98  11.96  12.19  11.37  35.74  34.72  34.44  33.90
16:37:04  50.3   0.0   0.2  49.6   0.0   41    700  10892 139.01   11.94  11.97  12.09  11.39  35.75  34.94  34.42  33.90
16:37:05  50.1   0.0   0.1  49.9   0.0   41    157  10612 138.42   11.86  11.99  11.98  11.38  35.73  34.57  34.25  33.86
16:37:06  50.2   0.0   0.1  49.6   0.0   41    582  10844 138.97   11.90  11.98  12.06  11.36  35.73  34.99  34.36  33.89
16:37:07  50.2   0.0   0.1  49.7   0.0   57    524  10827 137.96   11.91  12.04  12.07  11.34  35.74  34.61  34.33  33.28
16:37:08  50.1   0.0   0.0  49.8   0.0   41    365  10748 137.98   11.85  11.90  12.02  11.37  35.74  34.25  34.66  33.33
16:37:09  50.3   0.0   0.2  49.6   0.0   41    579  10702 137.90   11.63  12.01  12.05  11.39  35.75  34.20  34.29  33.68
16:37:10  50.0   0.0   0.0  50.0   0.0   41    104  10705 137.85   11.68  12.01  12.11  11.32  35.71  34.01  34.25  33.89
16:37:11  50.3   0.0   0.1  49.6   0.0   41    648  10690 139.54   11.70  11.96  12.12  11.39  35.75  34.47  35.38  33.94
16:37:12  50.3   0.0   0.2  49.6   0.0   41    755  10920 138.53   11.51  12.03  12.14  11.38  35.75  34.51  34.42  33.84
16:37:13  50.0   0.0   0.0  49.9   0.0   41    110  10571 137.97   11.76  11.99  12.03  11.27  35.71  34.03  34.35  33.88
16:37:14  50.3   0.0   0.1  49.6   0.0   41    549  10839 138.67   11.88  11.94  12.02  11.31  35.75  34.32  34.72  33.89
16:37:15  50.1   0.0   0.2  49.7   0.0   42    273  10762 138.31   11.74  11.96  12.07  11.33  35.75  34.12  34.58  33.87
  Time    User  Nice   Sys  Idle    IO  Run Ctxt/s  IRQ/s  Watts    dram   dram   dram   dram  pkg-0  pkg-1  pkg-2  pkg-3
16:37:16  50.2   0.0   0.1  49.7   0.0   41    595  10893 138.14   11.55  11.94  12.03  11.36  35.75  34.01  34.50  33.87
16:37:17  50.3   0.0   0.2  49.6   0.0   41    566  10722 138.38   11.71  12.04  11.98  11.37  35.75  34.30  34.41  33.92
16:37:18  50.0   0.0   0.0  50.0   0.0   41    104  10696 137.80   11.72  11.92  12.02  11.30  35.75  34.01  34.22  33.82
16:37:19  50.2   0.0   0.2  49.6   0.0   41    622  10740 138.90   11.72  12.01  12.05  11.37  35.77  34.11  35.11  33.91
16:37:20  50.3   0.0   0.1  49.6   0.0   41    638  10932 138.08   11.69  12.03  11.98  11.34  35.73  34.13  34.31  33.91
16:37:21  50.1   0.0   0.0  49.9   0.0   41    103  10559 138.20   11.74  12.02  11.99  11.37  35.75  34.38  34.22  33.85
16:37:22  50.3   0.0   0.2  49.6   0.0   41    595  10849 138.41   11.82  11.93  12.07  11.32  35.77  34.16  34.71  33.77
16:37:23  50.1   0.0   0.1  49.9   0.0   42    194  10704 137.95   11.99  12.01  12.03  11.33  35.71  34.22  34.20  33.82
16:37:24  50.2   0.0   0.1  49.7   0.0   41    604  10849 138.19   11.98  12.03  11.96  11.41  35.78  34.37  34.24  33.80
16:37:25  50.3   0.0   0.2  49.5   0.0   41    612  10785 137.96   11.94  11.99  12.00  11.42  35.75  34.09  34.25  33.87
16:37:26  50.1   0.0   0.0  49.9   0.0   41    103  10698 138.50   11.94  12.05  11.97  11.51  35.73  34.21  34.74  33.82
16:37:27  50.3   0.0   0.1  49.6   0.0   41    658  10728 138.68   11.87  11.97  11.97  11.41  35.79  34.83  34.25  33.81
16:37:28  50.3   0.0   0.1  49.6   0.0   41    720  10889 138.49   11.88  11.99  12.00  11.42  35.76  34.74  34.13  33.86
16:37:29  50.0   0.0   0.0  49.9   0.0   41    107  10578 138.43   11.89  11.99  11.99  11.54  35.72  34.31  34.48  33.93
16:37:30  50.2   0.0   0.1  49.6   0.0   42    536  10781 138.91   11.94  11.94  11.94  11.58  35.76  34.34  34.90  33.91
16:37:31  50.1   0.0   0.1  49.9   0.0   42    185  10751 137.99   11.71  11.95  12.09  11.63  35.75  34.14  34.27  33.84
-------- ----- ----- ----- ----- ----- ---- ------ ------ ------  ------ ------ ------ ------ ------ ------ ------ ------
 Average  50.2   0.0   0.1  49.7   0.0 41.5  605.8 10803.4 138.29   11.83  11.98  12.07  11.39  35.75  34.27  34.44  33.83
  StdDev   0.2   0.0   0.1   0.2   0.0  2.1  421.8  160.3   0.44    0.13   0.04   0.08   0.06   0.02   0.27   0.29   0.12
-------- ----- ----- ----- ----- ----- ---- ------ ------ ------  ------ ------ ------ ------ ------ ------ ------ ------
 Minimum  50.0   0.0   0.0  49.1   0.0 41.0   94.0 10559.0 137.32   11.51  11.90  11.94  11.27  35.71  33.99  33.98  33.28
 Maximum  50.7   0.0   0.2  50.0   0.0 57.0 1894.0 11457.0 139.54   12.02  12.05  12.32  11.63  35.81  34.99  35.38  33.94
-------- ----- ----- ----- ----- ----- ---- ------ ------ ------  ------ ------ ------ ------ ------ ------ ------ ------
Summary:
CPU: 138.29 Watts on average with standard deviation 0.44  
Note: power read from RAPL domains: dram, dram, dram, dram, package-0, package-1, package-2, package-3.
These readings do not cover all the hardware in this device.

Histogram (of 60 power measurements)

  Range (Watts)   Count
137.324 - 137.544     1 ##
137.545 - 137.765     5 #############
137.766 - 137.986     9 ########################
137.987 - 138.207    15 ########################################
138.208 - 138.429    10 ##########################
138.430 - 138.650     7 ##################
138.651 - 138.871     5 #############
138.872 - 139.092     6 ################
139.093 - 139.314     0 
139.315 - 139.535     2 #####

Histogram (of 60 CPU utilization measurements)

 Range (%CPU)   Count
50.038 - 50.122    14 #####################
50.123 - 50.208     3 ####
50.209 - 50.294     4 ######
50.295 - 50.380     3 ####
50.381 - 50.465    26 ########################################
50.466 - 50.551     3 ####
50.552 - 50.637     1 #
50.638 - 50.723     1 #
50.724 - 50.808     2 ###
50.809 - 50.894     3 ####
