Running for 60.0 seconds (60 samples at 1.0 second intervals).
Power measurements will start in 0 seconds time.

  Time    User  Nice   Sys  Idle    IO  Run Ctxt/s  IRQ/s  Watts    dram   dram   dram   dram  pkg-0  pkg-1  pkg-2  pkg-3
16:37:33  99.4   0.0   0.1   0.5   0.0   82   1094  20695 140.95   11.84  11.99  12.13  11.62  35.89  35.44  35.66  33.96
16:37:34  99.6   0.0   0.1   0.3   0.0   81   1237  20564 140.13   11.76  12.06  12.19  11.68  35.90  34.58  35.68  33.97
16:37:35  99.8   0.0   0.2   0.1   0.0   81    926  20500 140.23   11.75  12.02  12.01  11.57  36.01  34.61  35.63  33.98
16:37:36  99.7   0.0   0.0   0.3   0.0   81    894  20512 140.43   11.77  12.01  12.04  11.47  36.02  34.92  35.55  33.94
16:37:37  99.8   0.0   0.1   0.1   0.0   81   1168  20525 140.82   11.76  11.96  12.31  11.37  36.10  35.24  35.50  33.97
16:37:38  99.4   0.0   0.1   0.5   0.0   82    699  20605 140.80   11.91  11.98  12.21  11.40  35.85  35.35  35.65  33.96
16:37:39  99.8   0.0   0.1   0.1   0.0   81    973  20436 140.97   11.88  11.96  12.09  11.40  35.99  35.33  35.68  33.98
16:37:40  99.8   0.0   0.1   0.1   0.0   81   1325  20768 141.36   11.89  12.05  12.09  11.43  36.15  35.62  35.63  33.96
16:37:41  99.8   0.0   0.0   0.2   0.0   81    377  20315 140.68   12.01  12.03  12.02  11.45  35.88  35.13  35.71  33.96
16:37:42  99.7   0.0   0.2   0.2   0.0   81   1111  20736 140.13   11.84  12.03  12.02  11.38  36.08  34.58  35.50  33.96
16:37:43  99.8   0.0   0.1   0.1   0.0   81    805  20517 140.98   11.86  11.96  12.22  11.45  36.06  35.35  35.60  33.98
16:37:44 100.0   0.0   0.0   0.0   0.0   81    274  20463 140.72   11.81  11.99  12.09  11.32  35.72  35.54  35.50  33.96
16:37:45  99.6   0.0   0.2   0.2   0.0   81    543  20425 140.30   11.85  11.93  11.99  11.35  35.82  35.09  35.43  33.97
16:37:46  99.9   0.0   0.1   0.0   0.0   82    155  20477 139.93   11.84  11.99  12.08  11.48  35.79  34.76  35.43  33.95
16:37:47  99.6   0.0   0.2   0.2   0.0   81    557  20426 140.52   11.71  12.02  12.04  11.49  35.76  35.34  35.44  33.98
16:37:48  99.8   0.0   0.2   0.0   0.0   82    629  20654 140.79   11.62  12.03  12.06  11.53  35.77  35.51  35.54  33.97
16:37:49  99.9   0.0   0.0   0.1   0.0   81    213  20297 140.11   11.86  11.96  12.21  11.62  35.82  35.08  35.27  33.94
16:37:50  99.5   0.0   0.3   0.2   0.0   81    613  20621 140.02   11.66  11.97  12.08  11.54  35.89  35.29  34.87  33.97
16:37:51  99.8   0.0   0.0   0.2   0.0   81    108  20311 139.07   11.87  11.96  12.20  11.39  35.75  34.60  34.74  33.98
16:37:52  99.5   0.0   0.4   0.2   0.0   81    762  20590 139.93   11.85  12.05  12.21  11.51  36.01  35.45  34.51  33.96
16:37:53 100.0   0.0   0.0   0.0   0.0   82    113  20320 139.98   11.68  12.00  12.29  11.71  35.82  35.36  34.85  33.95
16:37:54  99.5   0.0   0.3   0.2   0.0   81    627  20639 140.79   11.55  12.03  12.33  11.54  36.21  35.58  35.03  33.96
  Time    User  Nice   Sys  Idle    IO  Run Ctxt/s  IRQ/s  Watts    dram   dram   dram   dram  pkg-0  pkg-1  pkg-2  pkg-3
16:37:55  99.7   0.0   0.3   0.0   0.0   82    301  20452 140.24   11.62  11.99  12.14  11.48  35.81  35.09  35.38  33.95
16:37:56  99.8   0.0   0.1   0.2   0.0   81    614  20574 140.80   11.74  12.00  12.12  11.48  36.12  35.06  35.63  34.00
16:37:57  99.6   0.0   0.2   0.2   0.0   81    677  20479 140.42   11.87  12.04  12.30  11.43  36.29  34.66  35.54  33.94
16:37:58 100.0   0.0   0.0   0.0   0.0   81    105  20427 140.26   11.94  12.03  12.16  11.54  35.74  35.53  35.03  33.96
16:37:59  99.7   0.0   0.2   0.2   0.0   81    513  20472 140.49   11.86  11.98  12.03  11.48  35.76  35.66  35.08  33.97
16:38:00  99.9   0.0   0.1   0.0   0.0   83   1096  20670 140.55   11.88  12.01  12.05  11.44  36.26  34.80  35.53  33.97
16:38:01  99.8   0.0   0.2   0.0   0.0   81    571  20448 139.59   11.95  11.97  12.05  11.47  35.89  34.34  35.38  33.98
16:38:02  99.8   0.0   0.1   0.1   0.0   81    583  20661 140.40   11.78  12.01  12.05  11.39  36.23  34.82  35.41  33.94
16:38:03  99.9   0.0   0.0   0.1   0.0   81    153  20314 139.53   11.82  11.96  12.07  11.48  35.92  34.42  35.22  33.97
16:38:04  99.7   0.0   0.2   0.2   0.0   81    695  20629 139.86   11.68  12.03  11.96  11.57  35.90  34.87  35.13  33.96
16:38:05  99.9   0.0   0.1   0.0   0.0   82    209  20436 140.77   11.97  11.99  12.10  11.41  36.01  35.29  35.52  33.95
16:38:06  99.8   0.0   0.0   0.2   0.0   81    467  20480 140.20   11.91  12.04  12.03  11.48  36.06  34.97  35.21  33.97
16:38:07  99.7   0.0   0.3   0.0   0.0   81    701  20515 139.28   11.85  11.91  11.98  11.52  35.97  34.10  35.23  33.98
16:38:08 100.0   0.0   0.0   0.0   0.0   81    262  20370 140.16   11.92  12.01  12.05  11.76  36.40  34.69  35.12  33.96
16:38:09  99.8   0.0   0.2   0.0   0.0   81    703  20454 139.86   11.71  12.03  12.12  11.63  36.22  34.29  35.39  33.96
16:38:10 100.0   0.0   0.0   0.0   0.0   81    103  20421 139.49   11.93  11.96  12.23  11.74  36.01  34.06  35.42  33.99
16:38:11  99.8   0.0   0.2   0.0   0.0   81    591  20422 139.98   11.82  12.04  12.25  11.61  35.89  34.68  35.44  33.96
16:38:12  99.8   0.0   0.2   0.0   0.0   82    404  20478 140.10   11.74  11.98  12.20  11.63  35.73  35.13  35.29  33.95
16:38:13 100.0   0.0   0.0   0.0   0.0   81    464  20462 139.60   11.75  12.02  12.03  11.61  36.13  34.51  35.00  33.95
16:38:14  99.8   0.0   0.1   0.1   0.0   81    577  20530 140.87   11.64  12.02  11.95  11.46  36.02  35.58  35.30  33.97
16:38:15  99.9   0.0   0.1   0.0   0.0   81    157  20390 140.27   11.90  11.99  12.01  11.61  35.79  35.48  35.05  33.95
16:38:16  99.7   0.0   0.1   0.2   0.0   81    822  20587 140.78   12.04  11.99  12.06  11.38  36.19  35.62  35.01  33.97
  Time    User  Nice   Sys  Idle    IO  Run Ctxt/s  IRQ/s  Watts    dram   dram   dram   dram  pkg-0  pkg-1  pkg-2  pkg-3
16:38:17  99.9   0.0   0.1   0.0   0.0   82    129  20382 141.05   11.88  11.91  12.16  11.38  36.46  35.75  34.89  33.95
16:38:18  99.6   0.0   0.1   0.2   0.0   81    555  20546 141.33   11.65  11.93  12.29  11.47  36.87  35.44  35.06  33.96
16:38:19  99.9   0.0   0.1   0.0   0.0   81    544  20492 140.66   11.51  12.00  12.48  11.53  36.02  35.42  35.23  33.99
16:38:20 100.0   0.0   0.0   0.0   0.0   81    272  20400 142.01   11.79  11.94  12.22  11.59  37.26  35.33  35.48  33.94
16:38:21  99.8   0.0   0.1   0.0   0.0   81    553  20630 142.29   11.85  12.02  12.36  11.49  37.19  35.60  35.53  33.97
16:38:22 100.0   0.0   0.0   0.0   0.0   82    108  20398 141.43   11.80  12.03  12.33  11.41  36.73  35.44  35.28  33.98
16:38:23  99.8   0.0   0.1   0.0   0.0   81    443  20454 141.77   11.79  12.01  12.42  11.49  36.88  35.63  35.29  33.97
16:38:24  99.9   0.0   0.1   0.0   0.0   81    663  20465 142.33   11.84  11.96  12.11  11.34  37.21  35.74  35.41  33.97
16:38:25 100.0   0.0   0.1   0.0   0.0   81    159  20402 141.37   11.94  11.98  12.09  11.43  36.42  35.69  35.30  33.95
16:38:26  99.7   0.0   0.1   0.2   0.0   81    520  20587 141.05   11.86  12.01  12.04  11.50  36.04  35.74  35.30  33.98
16:38:27  99.9   0.0   0.1   0.0   0.0   82    193  20413 140.41   11.66  12.03  11.98  11.47  35.84  35.38  35.26  33.94
16:38:28  99.8   0.0   0.0   0.2   0.0   81    609  20501 140.57   11.99  12.06  12.01  11.39  36.06  35.50  35.04  33.98
16:38:29  99.8   0.0   0.2   0.0   0.0   81    520  20583 141.61   12.01  11.96  12.09  11.42  36.93  35.67  35.03  33.98
16:38:30 100.0   0.0   0.0   0.0   0.0   81    107  20379 141.38   11.85  12.01  12.14  11.43  36.91  35.64  34.88  33.94
16:38:31  99.6   0.0   0.1   0.2   0.0   81    566  20499 141.49   11.61  11.98  12.28  11.38  36.55  35.73  35.23  33.98
16:38:32  99.9   0.0   0.1   0.0   0.0   81    342  20434 140.48   11.96  11.94  12.20  11.44  35.90  35.74  34.87  33.98
-------- ----- ----- ----- ----- ----- ---- ------ ------ ------  ------ ------ ------ ------ ------ ------ ------ ------
 Average  99.8   0.0   0.1   0.1   0.0 81.2  537.6 20493.9 140.57   11.81  12.00  12.13  11.49  36.13  35.18  35.30  33.96
  StdDev   0.2   0.0   0.1   0.1   0.0  0.5  312.9  107.6   0.69    0.12   0.04   0.12   0.10   0.39   0.46   0.27   0.01
-------- ----- ----- ----- ----- ----- ---- ------ ------ ------  ------ ------ ------ ------ ------ ------ ------ ------
 Minimum  99.4   0.0   0.0   0.0   0.0 81.0  103.0 20297.0 139.07   11.51  11.91  11.95  11.32  35.72  34.06  34.51  33.94
 Maximum 100.0   0.0   0.4   0.5   0.0 83.0 1325.0 20768.0 142.33   12.04  12.06  12.48  11.76  37.26  35.75  35.71  34.00
-------- ----- ----- ----- ----- ----- ---- ------ ------ ------  ------ ------ ------ ------ ------ ------ ------ ------
Summary:
CPU: 140.57 Watts on average with standard deviation 0.69  
Note: power read from RAPL domains: dram, dram, dram, dram, package-0, package-1, package-2, package-3.
These readings do not cover all the hardware in this device.

Histogram (of 60 power measurements)

  Range (Watts)   Count
139.066 - 139.392     2 ######
139.393 - 139.719     4 #############
139.720 - 140.046     7 #######################
140.047 - 140.372    11 ####################################
140.373 - 140.699    11 ####################################
140.700 - 141.026    12 ########################################
141.027 - 141.353     3 ##########
141.354 - 141.680     6 ####################
141.681 - 142.007     1 ###
142.008 - 142.334     3 ##########

Histogram (of 60 CPU utilization measurements)

  Range (%CPU)    Count
 99.462 -  99.515     2 ##
 99.516 -  99.569     0 
 99.570 -  99.623     0 
 99.624 -  99.676     1 #
 99.677 -  99.730     1 #
 99.731 -  99.784     3 ####
 99.785 -  99.838    14 ##################
 99.839 -  99.892     5 ######
 99.893 -  99.945     4 #####
 99.946 -  99.999    30 ########################################
