fnl@fnl-one:~$ powerstat -RDH
Running for 60.0 seconds (60 samples at 1.0 second intervals).
Power measurements will start in 0 seconds time.

  Time    User  Nice   Sys  Idle    IO  Run Ctxt/s  IRQ/s  Watts    dram   dram   dram   dram  pkg-0  pkg-1  pkg-2  pkg-3
15:43:28   0.4   0.0   0.2  99.5   0.0    2   1656    806 224.49   11.83  11.98  11.92  11.43  58.92  55.42  55.05  55.10
15:43:29   0.4   0.0   0.1  99.5   0.0    1   1549    449 224.88   11.66  12.02  12.11  11.46  59.31  55.09  55.08  55.40
15:43:30   0.4   0.0   0.1  99.5   0.0    1   1475    634 226.19   11.94  11.95  12.12  11.42  59.21  55.08  55.08  56.82
15:43:31   0.3   0.0   0.1  99.6   0.0    1    998    328 226.04   11.99  11.95  12.04  11.50  59.18  55.04  55.02  56.80
15:43:32   0.3   0.0   0.1  99.5   0.0    1   2059    696 226.49   11.96  11.96  12.01  11.57  59.53  55.08  55.09  56.79
15:43:33   0.4   0.0   0.1  99.5   0.0    1   1481    446 224.50   11.92  12.02  12.13  11.48  59.19  55.08  55.14  55.09
15:43:34   0.2   0.0   0.1  99.7   0.0    1    993    555 224.15   11.88  12.00  11.99  11.41  58.98  55.04  55.03  55.09
15:43:35   0.4   0.0   0.2  99.4   0.0    2   1942    403 225.41   11.60  11.97  11.95  11.50  60.05  55.08  55.13  55.15
15:43:36   0.3   0.0   0.2  99.5   0.0    1   1586    789 224.58   11.58  12.04  12.04  11.37  59.31  55.10  55.05  55.12
15:43:37   0.3   0.0   0.0  99.6   0.0    1   1138    412 224.19   11.86  11.95  12.04  11.41  58.97  55.05  55.08  55.09
15:43:38   0.5   0.0   0.2  99.4   0.0    1   1794    648 224.77   11.86  11.98  12.02  11.50  59.44  55.09  55.04  55.20
15:43:39   0.3   0.0   0.1  99.6   0.0    1   1388    382 224.59   11.77  12.00  12.10  11.40  59.30  55.09  55.08  55.12
15:43:40   0.3   0.0   0.1  99.6   0.0    1   1471    664 224.41   11.77  11.96  12.05  11.35  59.15  55.03  55.13  55.10
15:43:41   0.4   0.0   0.2  99.5   0.0    1   1396    464 224.55   11.77  11.96  11.99  11.36  59.27  55.08  55.02  55.17
15:43:42   0.8   0.0   0.2  99.1   0.0    3   3029    738 225.21   12.00  11.98  11.97  11.40  59.78  55.10  55.08  55.24
15:43:43   2.1   0.0   0.5  97.4   0.0    1   7665   1103 227.29   11.98  11.95  11.98  11.72  60.93  55.13  55.08  56.16
15:43:44   0.5   0.0   0.2  99.3   0.0    1   1910    774 224.80   11.96  12.04  12.04  11.46  58.55  55.04  55.03  56.18
15:43:45   0.9   0.0   0.3  98.8   0.0    3   4331    943 225.90   11.91  11.94  11.98  11.51  58.81  55.14  55.09  56.87
15:43:46   0.7   0.0   0.1  99.1   0.0    2   3259    735 226.05   11.80  11.94  12.05  11.32  58.62  55.95  55.11  56.37
15:43:47   0.7   0.0   0.2  99.1   0.0    2   3336    603 227.29   11.68  11.94  12.01  11.41  58.60  56.76  55.02  56.91
15:43:48   1.0   0.0   0.2  98.7   0.0    2   3016    958 227.97   11.75  11.97  12.02  11.36  59.02  57.52  55.08  56.36
15:43:49   0.4   0.0   0.1  99.5   0.0    1   1483    667 232.54   11.65  11.96  12.03  11.38  58.73  59.91  58.05  55.85
  Time    User  Nice   Sys  Idle    IO  Run Ctxt/s  IRQ/s  Watts    dram   dram   dram   dram  pkg-0  pkg-1  pkg-2  pkg-3
15:43:50   0.6   0.0   0.2  99.3   0.0    1   1751    628 231.25   11.72  11.91  12.02  11.45  58.52  57.97  58.57  56.18
15:43:51   0.5   0.0   0.1  99.4   0.0    1   1616    468 230.08   11.74  12.01  12.02  11.40  58.59  56.83  58.51  56.15
15:43:52   0.5   0.0   0.2  99.3   0.0    1   1791    720 230.11   11.92  12.00  11.99  11.42  58.73  56.82  58.57  55.99
15:43:53   0.6   0.0   0.2  99.2   0.0    1   1878    695 226.98   11.98  12.00  11.94  11.44  58.59  56.77  55.43  56.19
15:43:54   0.5   0.0   0.1  99.3   0.0    1   1632    581 226.46   11.98  12.01  12.04  11.51  58.53  56.82  55.03  56.08
15:43:55   0.4   0.0   0.2  99.4   0.0    2   1669    473 226.68   11.92  12.04  11.97  11.49  58.59  56.81  55.09  56.19
15:43:56   0.7   0.0   0.2  99.2   0.0    1   1787    728 226.87   11.96  12.03  12.02  11.48  58.69  56.83  55.11  56.24
15:43:57   0.5   0.0   0.2  99.4   0.0    1   1791    544 226.68   12.05  11.86  12.05  11.42  59.16  56.77  55.05  55.70
15:43:58   0.5   0.0   0.2  99.4   0.0    1   1705    596 226.60   11.90  12.03  12.01  11.47  58.54  56.77  55.08  56.20
15:43:59   0.5   0.0   0.2  99.3   0.0    1   1743    513 226.63   11.99  11.97  12.01  11.52  58.56  56.80  55.70  55.58
15:44:00   0.3   0.0   0.0  99.6   0.0    1    883    586 226.06   12.02  12.03  12.02  11.64  58.65  56.78  55.05  55.57
15:44:01   0.6   0.0   0.2  99.1   0.0    1   2316    683 226.87   11.97  12.00  12.04  11.57  58.67  56.80  55.49  55.92
15:44:02   0.3   0.0   0.1  99.6   0.0    1    976    525 226.34   11.99  12.01  12.07  11.46  58.57  56.82  55.52  55.43
15:44:03   0.3   0.0   0.1  99.6   0.0    1    961    413 226.08   11.94  11.99  12.14  11.57  58.90  56.84  55.11  55.23
15:44:04   0.4   0.0   0.1  99.5   0.0    1   1350    628 226.51   11.96  12.01  12.04  11.51  58.67  56.77  55.12  55.95
15:44:05   0.2   0.0   0.1  99.6   0.0    2    991    468 226.12   11.96  11.99  12.02  11.58  58.58  56.80  55.51  55.24
15:44:06   0.5   0.0   0.2  99.3   0.0    1   1364    639 226.26   11.86  11.96  12.02  11.48  58.54  56.79  55.07  55.86
15:44:07   0.3   0.0   0.1  99.6   0.0    1   1208    416 226.16   11.85  11.96  12.00  11.44  58.58  56.58  55.11  55.90
15:44:08   0.2   0.0   0.1  99.7   0.0    1    984    587 226.37   11.93  11.95  12.01  11.34  58.87  56.81  55.49  55.20
15:44:09   0.4   0.0   0.2  99.4   0.0    1   1490   1382 226.28   11.94  12.00  11.98  11.45  58.73  56.63  55.49  55.44
15:44:10   0.3   0.0   0.2  99.5   0.0    1   1256    542 226.30   11.85  11.99  12.00  11.50  58.59  56.75  55.06  55.91
15:44:11   0.3   0.0   0.1  99.7   0.0    1    842    368 226.05   11.99  11.96  12.02  11.43  58.58  56.76  55.09  55.62
  Time    User  Nice   Sys  Idle    IO  Run Ctxt/s  IRQ/s  Watts    dram   dram   dram   dram  pkg-0  pkg-1  pkg-2  pkg-3
15:44:12   0.3   0.0   0.1  99.5   0.0    1   1300    628 226.36   11.98  12.01  11.98  11.37  58.89  56.50  55.05  55.92
15:44:13   0.4   0.0   0.1  99.4   0.0    1   1321    530 227.06   12.01  11.95  12.12  11.44  59.37  56.74  55.08  55.88
15:44:14   0.3   0.0   0.1  99.6   0.0    1    947    498 226.43   11.95  11.97  12.06  11.50  58.95  56.79  55.49  55.21
15:44:15   0.4   0.0   0.2  99.4   0.0    2   1335    481 226.46   11.96  12.01  12.12  11.53  58.59  56.76  55.75  55.36
15:44:16   0.3   0.0   0.1  99.5   0.0    1   1080    626 225.99   11.80  11.96  11.98  11.41  58.63  56.73  55.16  55.46
15:44:17   0.2   0.0   0.1  99.7   0.0    1    923    521 225.36   11.82  12.01  12.06  11.42  58.61  56.01  55.10  55.65
15:44:18   0.4   0.0   0.1  99.5   0.0    1   1215    498 226.27   11.84  12.08  12.02  11.55  58.59  56.63  55.09  55.97
15:44:19   0.2   0.0   0.1  99.7   0.0    1    808    435 225.75   11.86  12.00  12.12  11.46  58.52  56.61  55.02  55.60
15:44:20   0.5   0.0   0.2  99.3   0.0    1   1403    636 226.76   11.81  11.97  12.07  11.54  59.06  56.65  55.09  55.95
15:44:21   0.3   0.0   0.1  99.5   0.0    1   1264    564 226.44   11.83  11.96  12.01  11.52  58.60  56.82  55.09  55.93
15:44:22   0.3   0.0   0.1  99.7   0.0    1    794    420 225.95   11.93  11.91  12.00  11.39  58.53  56.77  55.02  55.64
15:44:23   0.4   0.0   0.1  99.4   0.0    1   1335    525 226.45   12.04  11.95  12.03  11.38  58.59  56.82  55.09  55.95
15:44:24   0.3   0.0   0.2  99.5   0.0    1   1453    567 226.72   11.98  12.00  11.99  11.44  58.59  56.83  55.38  55.93
15:44:25   0.3   0.0   0.1  99.7   0.0    2    941    594 226.61   11.99  11.97  11.99  11.35  58.96  56.80  55.21  55.63
15:44:26   0.4   0.0   0.2  99.4   0.0    1   1327    514 226.33   11.98  11.97  11.99  11.40  58.52  56.76  55.10  55.94
15:44:27   0.4   0.0   0.1  99.5   0.0    1   1243    512 226.43   12.01  12.02  11.98  11.44  58.58  56.82  55.08  55.95
-------- ----- ----- ----- ----- ----- ---- ------ ------ ------  ------ ------ ------ ------ ------ ------ ------ ------
 Average   0.4   0.0   0.1  99.4   0.0  1.2 1660.5  598.8 226.36   11.89  11.98  12.02  11.46  58.88  56.32  55.38  55.78
  StdDev   0.3   0.0   0.1   0.3   0.0  0.5 1023.8  178.7   1.52    0.11   0.04   0.05   0.08   0.44   0.93   0.84   0.50
-------- ----- ----- ----- ----- ----- ---- ------ ------ ------  ------ ------ ------ ------ ------ ------ ------ ------
 Minimum   0.2   0.0   0.0  97.4   0.0  1.0  794.0  328.0 224.15   11.58  11.86  11.92  11.32  58.52  55.03  55.02  55.09
 Maximum   2.1   0.0   0.5  99.7   0.0  3.0 7665.0 1382.0 232.54   12.05  12.08  12.14  11.72  60.93  59.91  58.57  56.91
-------- ----- ----- ----- ----- ----- ---- ------ ------ ------  ------ ------ ------ ------ ------ ------ ------ ------
Summary:
CPU: 226.36 Watts on average with standard deviation 1.52  
Note: power read from RAPL domains: dram, dram, dram, dram, package-0, package-1, package-2, package-3.
These readings do not cover all the hardware in this device.

Histogram (of 60 power measurements)

  Range (Watts)   Count
224.153 - 224.991    11 ##############
224.992 - 225.831     4 #####
225.832 - 226.670    30 ########################################
226.671 - 227.509    10 #############
227.510 - 228.348     1 #
228.349 - 229.187     0 
229.188 - 230.026     0 
230.027 - 230.865     2 ##
230.866 - 231.704     1 #
231.705 - 232.543     1 #

Histogram (of 60 CPU utilization measurements)

Range (%CPU)  Count
0.288 - 0.521    28 ########################################
0.522 - 0.754    23 ################################
0.755 - 0.988     6 ########
0.989 - 1.222     1 #
1.223 - 1.456     1 #
1.457 - 1.689     0 
1.690 - 1.923     0 
1.924 - 2.157     0 
2.158 - 2.391     0 
2.392 - 2.625     1 #

