fnl@fnl-one:~$ powerstat -RDH
Running for 60.0 seconds (60 samples at 1.0 second intervals).
Power measurements will start in 0 seconds time.

  Time    User  Nice   Sys  Idle    IO  Run Ctxt/s  IRQ/s  Watts    dram   dram   dram   dram  pkg-0  pkg-1  pkg-2  pkg-3
15:46:56  50.6   0.0   0.1  49.3   0.0   41   1483  11028 264.13   12.02  11.99  12.01  11.45  69.18  65.50  65.55  63.90
15:46:57  50.6   0.0   0.2  49.1   0.0   41   1794  11878 264.71   11.99  12.02  11.99  11.55  69.51  65.55  65.54  64.12
15:46:58  50.5   0.0   0.2  49.3   0.0   42   1347  10962 264.34   11.91  11.97  12.02  11.39  69.19  65.48  65.48  64.20
15:46:59  50.4   0.0   0.1  49.4   0.0   41   1515  10784 262.79   12.00  11.92  12.01  11.35  67.89  65.54  65.49  63.87
15:47:00  50.9   0.0   0.3  48.8   0.0   41   2714  11479 264.82   11.99  11.98  12.02  11.42  69.64  65.53  65.55  64.10
15:47:01  50.5   0.0   0.2  49.3   0.0   43   1437  10985 264.88   12.06  11.98  12.01  11.45  69.32  65.59  65.57  64.41
15:47:02  50.5   0.0   0.2  49.3   0.0   41   1574  10984 263.67   11.94  11.97  12.01  11.33  69.00  65.45  65.49  63.73
15:47:03  50.6   0.0   0.2  49.2   0.0   41   1928  10874 264.15   11.90  11.97  11.99  11.43  69.21  65.48  65.39  64.07
15:47:04  50.3   0.0   0.1  49.6   0.0   41   1145  10870 264.30   12.00  11.99  11.98  11.45  69.32  65.52  65.52  63.94
15:47:05  50.5   0.0   0.2  49.3   0.0   41   1404  10785 264.67   12.01  11.97  12.05  11.36  69.42  65.54  65.54  64.17
15:47:06  50.7   0.0   0.2  49.1   0.0   41   1648  10993 264.66   11.99  12.01  12.02  11.38  69.61  65.54  65.54  63.97
15:47:07  50.3   0.0   0.1  49.6   0.0   41    947  10660 264.30   11.98  11.98  12.00  11.38  69.34  65.47  65.48  64.01
15:47:08  50.6   0.0   0.2  49.2   0.0   41   1883  11062 264.83   11.99  11.95  11.96  11.39  69.65  65.54  65.54  64.09
15:47:09  50.5   0.0   0.2  49.3   0.0   41   1314  10905 264.62   11.99  12.00  12.04  11.41  69.54  65.53  65.53  64.01
15:47:10  50.3   0.0   0.1  49.6   0.0   41    866  10816 264.17   12.00  11.94  12.00  11.45  69.22  65.49  65.49  63.97
15:47:11  50.6   0.0   0.2  49.2   0.0   41   1718  10849 264.54   11.95  11.99  11.98  11.40  69.34  65.52  65.52  64.16
15:47:12  50.5   0.0   0.2  49.4   0.0   41   1453  10988 264.40   12.00  11.95  12.00  11.55  69.31  65.54  65.54  64.02
15:47:13  50.3   0.0   0.1  49.6   0.0   41    882  10660 264.38   11.97  12.00  11.98  11.60  69.23  65.54  65.48  64.12
15:47:14  50.6   0.0   0.2  49.2   0.0   41   1636  10964 265.21   11.90  11.99  11.98  11.38  69.54  65.58  65.54  64.56
15:47:15  50.5   0.0   0.2  49.2   0.0   41   1368  10808 264.64   12.00  11.96  11.99  11.42  69.22  65.50  65.53  64.39
15:47:16  50.5   0.0   0.1  49.4   0.0   41   1550  10984 264.53   11.96  11.92  12.02  11.39  69.49  65.54  65.54  63.96
15:47:17  50.8   0.0   0.2  49.0   0.0   41   2192  10934 264.93   11.98  12.00  11.96  11.50  69.72  65.53  65.47  64.21
  Time    User  Nice   Sys  Idle    IO  Run Ctxt/s  IRQ/s  Watts    dram   dram   dram   dram  pkg-0  pkg-1  pkg-2  pkg-3
15:47:18  50.5   0.0   0.1  49.4   0.0   41   1332  10794 264.32   11.97  11.97  12.01  11.48  69.39  65.48  65.54  63.92
15:47:19  50.9   0.0   0.2  49.0   0.0   41   2119  10880 264.74   12.02  12.01  12.02  11.45  69.71  65.53  65.54  63.97
15:47:20  50.7   0.0   0.2  49.1   0.0   41   1925  10963 264.76   11.99  11.96  12.00  11.35  69.58  65.53  65.47  64.17
15:47:21  50.5   0.0   0.1  49.4   0.0   41   1407  10806 264.98   11.98  11.98  11.97  11.33  69.29  66.31  65.54  63.83
15:47:22  50.8   0.0   0.2  49.0   0.0   41   2292  10986 264.36   12.05  11.90  12.04  11.35  68.64  65.51  65.53  64.67
15:47:23  50.7   0.0   0.2  49.1   0.0   41   1892  10926 263.32   12.04  11.95  11.95  11.51  68.29  65.53  65.54  63.96
15:47:24  50.5   0.0   0.1  49.4   0.0   41   1785  11019 262.84   12.05  11.88  12.03  11.41  67.92  65.58  65.46  63.89
15:47:25  50.8   0.0   0.2  49.0   0.0   41   2666  11161 264.11   11.95  12.00  12.01  11.40  68.43  66.13  65.54  64.01
15:47:26  50.7   0.0   0.2  49.2   0.0   41   2289  11053 263.91   12.01  11.93  11.95  11.38  68.17  66.25  65.56  63.93
15:47:27  50.5   0.0   0.1  49.3   0.0   41   1640  10845 263.87   11.99  11.95  12.03  11.36  68.87  65.66  65.47  63.86
15:47:28  50.8   0.0   0.2  49.0   0.0   41   2418  11026 264.63   11.94  11.97  12.01  11.35  69.61  65.53  65.54  63.94
15:47:29  50.6   0.0   0.1  49.3   0.0   41   1442  10773 264.45   11.93  11.96  12.03  11.50  69.45  65.52  65.53  63.96
15:47:30  50.5   0.0   0.2  49.4   0.0   41   1293  10842 264.41   11.96  11.89  12.00  11.40  69.52  65.49  65.49  63.91
15:47:31  50.6   0.0   0.1  49.2   0.0   41   1678  10872 264.60   12.01  11.96  12.04  11.40  69.59  65.53  65.53  63.95
15:47:32  50.5   0.0   0.1  49.4   0.0   41   1480  10845 264.47   11.98  11.97  11.98  11.49  69.51  65.54  65.54  63.87
15:47:33  50.8   0.0   0.3  48.9   0.0   41   2209  11060 264.58   12.02  11.91  12.07  11.45  69.59  65.47  65.48  64.04
15:47:34  50.7   0.0   0.2  49.1   0.0   41   1710  10958 264.54   11.98  12.01  12.03  11.63  69.31  65.53  65.53  64.16
15:47:35  50.5   0.0   0.1  49.3   0.0   41   1321  10829 264.26   11.90  12.02  12.00  11.58  69.29  65.54  65.54  63.89
15:47:36  50.8   0.0   0.2  48.9   0.0   41   2317  11081 264.54   11.92  11.97  11.99  11.53  69.40  65.54  65.48  64.12
15:47:37  50.7   0.0   0.2  49.2   0.0   41   1803  10911 264.40   11.90  11.87  12.02  11.53  69.45  65.46  65.54  63.94
15:47:38  50.6   0.0   0.1  49.3   0.0   41   1514  10849 264.19   11.94  11.91  12.03  11.66  69.30  65.55  65.54  63.81
15:47:39  50.8   0.0   0.2  49.0   0.0   41   2259  10951 263.79   12.02  11.96  12.05  11.57  68.76  65.53  65.47  64.03
  Time    User  Nice   Sys  Idle    IO  Run Ctxt/s  IRQ/s  Watts    dram   dram   dram   dram  pkg-0  pkg-1  pkg-2  pkg-3
15:47:40  50.7   0.0   0.2  49.2   0.0   41   2166  11004 263.66   12.01  12.00  12.00  11.62  68.61  65.49  65.56  63.99
15:47:41  50.6   0.0   0.3  49.2   0.0   41   1855  10876 264.15   11.99  11.93  11.97  11.54  69.07  65.57  65.51  64.01
15:47:42  50.7   0.0   0.2  49.2   0.0   41   1942  11017 264.57   12.01  12.00  12.00  11.49  69.55  65.58  65.47  63.97
15:47:43  50.5   0.0   0.1  49.4   0.0   42   1464  10821 264.49   11.96  12.01  12.01  11.40  69.41  65.58  65.54  63.96
15:47:44  50.6   0.0   0.2  49.2   0.0   41   2132  10972 264.65   11.98  11.98  11.99  11.43  69.53  65.47  65.54  64.11
15:47:45  50.7   0.0   0.2  49.2   0.0   41   1913  10948 264.47   11.96  12.04  12.03  11.39  69.43  65.55  65.47  64.02
15:47:46  50.4   0.0   0.1  49.5   0.0   41   1451  10792 264.35   11.97  11.98  12.04  11.51  69.41  65.56  65.55  63.84
15:47:47  50.8   0.0   0.2  49.0   0.0   41   2221  10948 265.03   11.92  11.98  11.99  11.49  69.77  65.67  65.53  64.06
15:47:48  50.7   0.0   0.1  49.2   0.0   41   1879  10973 264.61   11.98  11.95  12.02  11.56  69.62  65.47  65.48  64.04
15:47:49  50.5   0.0   0.1  49.4   0.0   41   1286  10751 264.53   11.83  11.91  12.12  11.45  69.52  65.54  65.54  63.93
15:47:50  50.8   0.0   0.2  49.0   0.0   41   2205  11034 264.84   12.00  11.97  11.98  11.51  69.60  65.59  65.52  64.12
15:47:51  50.7   0.0   0.2  49.2   0.0   41   1786  10846 264.75   11.97  11.97  12.00  11.44  69.66  65.53  65.54  64.02
15:47:52  50.6   0.0   0.1  49.3   0.0   41   1777  10887 264.54   11.95  12.04  12.04  11.40  69.63  65.54  65.48  63.88
15:47:53  50.6   0.0   0.3  49.1   0.0   41   1799  10993 264.67   11.94  12.01  12.04  11.37  69.41  65.54  65.54  64.17
15:47:54  50.6   0.0   0.2  49.2   0.0   42   1606  10853 264.78   11.84  11.90  12.02  11.44  69.60  65.54  65.47  64.16
15:47:55  50.7   0.0   0.2  49.1   0.0   41   1934  10916 264.94   11.95  12.01  11.97  11.50  69.52  65.54  65.48  64.41
-------- ----- ----- ----- ----- ----- ---- ------ ------ ------  ------ ------ ------ ------ ------ ------ ------ ------
 Average  50.6   0.0   0.2  49.2   0.0 41.1 1733.4 10938.5 264.41   11.97  11.97  12.01  11.45  69.29  65.57  65.52  64.04
  StdDev   0.1   0.0   0.1   0.2   0.0  0.3  404.0  174.1   0.46    0.05   0.04   0.03   0.08   0.43   0.16   0.03   0.17
-------- ----- ----- ----- ----- ----- ---- ------ ------ ------  ------ ------ ------ ------ ------ ------ ------ ------
 Minimum  50.3   0.0   0.1  48.8   0.0 41.0  866.0 10660.0 262.79   11.83  11.87  11.95  11.33  67.89  65.45  65.39  63.73
 Maximum  50.9   0.0   0.3  49.6   0.0 43.0 2714.0 11878.0 265.21   12.06  12.04  12.12  11.66  69.77  66.31  65.57  64.67
-------- ----- ----- ----- ----- ----- ---- ------ ------ ------  ------ ------ ------ ------ ------ ------ ------ ------
Summary:
CPU: 264.41 Watts on average with standard deviation 0.46  
Note: power read from RAPL domains: dram, dram, dram, dram, package-0, package-1, package-2, package-3.
These readings do not cover all the hardware in this device.

Histogram (of 60 power measurements)

  Range (Watts)   Count
262.787 - 263.028     2 ####
263.029 - 263.271     0 
263.272 - 263.514     1 ##
263.515 - 263.756     2 ####
263.757 - 263.999     3 ######
264.000 - 264.241     6 ############
264.242 - 264.484    14 #############################
264.485 - 264.727    19 ########################################
264.728 - 264.969    10 #####################
264.970 - 265.212     3 ######

Histogram (of 60 CPU utilization measurements)

 Range (%CPU)   Count
50.375 - 50.461     4 ##########
50.462 - 50.547     1 ##
50.548 - 50.634     8 ####################
50.635 - 50.720    13 ################################
50.721 - 50.807     5 ############
50.808 - 50.893    16 ########################################
50.894 - 50.980     2 #####
50.981 - 51.066    10 #########################
51.067 - 51.153     0 
51.154 - 51.239     1 ##

