fnl@fnl-one:~$ powerstat -RDH
Running for 60.0 seconds (60 samples at 1.0 second intervals).
Power measurements will start in 0 seconds time.

  Time    User  Nice   Sys  Idle    IO  Run Ctxt/s  IRQ/s  Watts    dram   dram   dram   dram  pkg-0  pkg-1  pkg-2  pkg-3
15:48:47  99.5   0.0   0.1   0.4   0.0   81   1750  20688 273.14   11.93  11.92  12.27  11.45  72.24  67.27  67.26  66.36
15:48:48  99.7   0.0   0.1   0.2   0.0   99   2958  20892 273.20   11.99  12.03  12.05  11.36  72.16  67.28  67.21  66.55
15:48:49  99.4   0.0   0.1   0.5   0.0   81   3890  20899 272.87   11.94  11.99  12.05  11.39  72.07  67.40  67.28  66.11
15:48:50  99.4   0.0   0.1   0.5   0.0   82   3515  20800 272.83   11.97  11.98  12.02  11.36  72.05  67.31  67.28  66.19
15:48:51  99.5   0.0   0.1   0.4   0.0   84   4257  20943 273.26   12.04  12.00  12.03  11.41  72.20  67.82  67.28  65.96
15:48:52  99.6   0.0   0.1   0.3   0.0   81   2438  20688 272.70   11.92  12.00  12.00  11.40  71.92  67.29  67.20  66.28
15:48:53  99.6   0.0   0.1   0.2   0.0   82   3389  20921 274.19   12.00  11.95  12.19  11.34  72.17  68.39  67.31  66.32
15:48:54  99.6   0.0   0.1   0.2   0.0   82   3844  21017 274.45   11.97  12.01  12.05  11.38  72.14  68.88  67.26  66.18
15:48:55  99.3   0.0   0.2   0.5   0.0   82   2947  20905 274.19   11.94  11.99  12.04  11.33  71.79  68.63  67.20  66.57
15:48:56  99.4   0.0   0.1   0.5   0.0   85   2359  20637 274.80   12.03  11.98  12.02  11.35  72.00  69.00  67.26  66.53
15:48:57  98.6   0.0   0.0   1.3   0.0   81   1744  20476 275.19   11.97  12.04  12.05  11.34  71.94  68.93  67.30  67.02
15:48:58  98.7   0.0   0.1   1.2   0.0   97   2126  20584 274.58   11.92  12.01  12.07  11.35  71.96  68.48  67.21  66.93
15:48:59  99.3   0.0   0.1   0.6   0.0   82   3426  20767 274.82   11.92  11.96  12.08  11.35  72.06  68.62  67.30  66.84
15:49:00  99.6   0.0   0.1   0.3   0.0   82   4225  21096 275.57   11.95  11.98  12.05  11.31  72.46  69.25  67.26  66.59
15:49:01  99.5   0.0   0.1   0.4   0.0   82   2923  20925 275.65   11.92  11.94  11.99  11.51  72.42  69.15  67.23  66.84
15:49:02  98.8   0.0   0.1   1.1   0.0   81   2834  20897 274.25   11.95  11.94  11.95  11.39  71.76  68.42  67.28  66.79
15:49:03  99.7   0.0   0.1   0.2   0.0   83   2163  20856 274.96   11.85  11.95  11.92  11.36  71.88  69.23  67.25  66.59
15:49:04  99.3   0.0   0.2   0.5   0.0   82   2643  20737 274.68   11.90  11.98  12.03  11.43  71.90  69.04  67.27  66.48
15:49:05  99.6   0.0   0.1   0.4   0.0   81    829  20484 273.81   11.91  12.03  11.97  11.48  71.57  68.95  67.22  66.06
15:49:06  98.9   0.0   0.1   1.0   0.0   81   1506  20515 273.79   11.84  11.96  12.03  11.38  71.36  69.08  67.26  66.09
15:49:07  99.5   0.0   0.1   0.4   0.0   82   2124  20708 274.49   11.70  12.00  12.12  11.48  71.92  69.06  67.26  66.26
15:49:08  99.6   0.0   0.0   0.4   0.0   82   1453  20710 273.65   11.85  11.97  12.08  11.53  71.40  69.08  67.24  65.93
  Time    User  Nice   Sys  Idle    IO  Run Ctxt/s  IRQ/s  Watts    dram   dram   dram   dram  pkg-0  pkg-1  pkg-2  pkg-3
15:49:09  98.7   0.0   0.1   1.2   0.0   81   1568  20731 274.16   11.83  12.01  11.99  11.54  71.68  69.00  67.27  66.20
15:49:10  99.4   0.0   0.2   0.4   0.0   82   4028  21081 275.25   11.86  12.01  11.91  11.55  72.04  69.18  67.25  66.79
15:49:11  99.2   0.0   0.1   0.8   0.0   82   3342  21003 275.16   11.77  11.97  11.95  11.61  71.97  69.11  67.24  66.85
15:49:12  99.7   0.0   0.1   0.2   0.0   81   1625  20722 275.33   11.95  11.97  11.94  11.50  72.00  68.96  67.29  67.08
15:49:13  99.6   0.0   0.0   0.4   0.0   81   1035  20534 274.81   11.89  12.05  12.02  11.50  71.74  68.89  67.28  66.90
15:49:14  99.4   0.0   0.1   0.5   0.0   82   1633  20632 274.89   11.90  11.98  11.98  11.53  71.48  68.94  67.26  67.21
15:49:15  99.5   0.0   0.1   0.4   0.0   81   1700  20689 275.50   11.90  12.01  12.00  11.51  72.23  68.95  67.26  67.06
15:49:16  99.2   0.0   0.0   0.8   0.0   81   1161  20506 274.12   12.02  12.03  11.94  11.58  71.85  68.71  67.21  66.35
15:49:17  99.8   0.0   0.1   0.1   0.0   81   1856  20520 275.16   11.93  12.03  12.01  11.65  71.62  69.41  67.28  66.86
15:49:18  99.6   0.0   0.1   0.3   0.0   81   1520  20518 274.61   11.88  11.96  12.00  11.44  71.06  69.34  67.29  66.93
15:49:19  99.8   0.0   0.0   0.2   0.0   81   1189  20564 274.86   11.90  11.99  12.03  11.46  71.86  69.16  67.20  66.63
15:49:20  99.4   0.0   0.1   0.5   0.0   82   2138  20604 275.55   12.00  12.04  12.01  11.52  71.71  69.51  67.30  67.03
15:49:21  99.5   0.0   0.1   0.4   0.0   82   1103  20444 275.67   11.95  11.92  11.95  11.58  72.18  69.30  67.26  66.93
15:49:22  99.9   0.0   0.0   0.1   0.0   81   1215  20438 275.05   12.01  11.96  11.98  11.42  71.54  69.20  67.27  67.04
15:49:23  99.7   0.0   0.0   0.3   0.0   81   1248  20509 274.92   11.92  12.02  12.00  11.54  71.32  69.15  67.22  67.23
15:49:24 100.0   0.0   0.0   0.0   0.0   82    764  20449 274.99   11.96  12.02  11.98  11.57  71.52  69.22  67.30  66.95
15:49:25  99.5   0.0   0.2   0.3   0.0   81   1248  20595 274.55   12.05  11.90  12.05  11.53  70.97  69.22  67.26  67.10
15:49:26  99.6   0.0   0.1   0.4   0.0   81   1108  20655 274.65   12.00  12.00  11.95  11.65  71.55  68.83  67.22  67.04
15:49:27  99.9   0.0   0.0   0.1   0.0   82   1183  20525 274.28   11.98  11.97  11.99  11.46  71.47  68.97  67.24  66.59
15:49:28  99.6   0.0   0.2   0.2   0.0   81   1331  20727 275.16   12.00  11.99  12.03  11.63  71.73  69.00  67.27  67.16
15:49:29  99.6   0.0   0.1   0.3   0.0   82    758  20532 274.49   12.01  11.94  11.97  11.60  71.31  69.02  67.28  66.88
15:49:30  98.9   0.0   0.1   0.9   0.0   81    987  20531 273.83   12.01  12.02  12.01  11.59  71.06  68.95  67.22  66.60
  Time    User  Nice   Sys  Idle    IO  Run Ctxt/s  IRQ/s  Watts    dram   dram   dram   dram  pkg-0  pkg-1  pkg-2  pkg-3
15:49:31  99.4   0.0   0.2   0.4   0.0   81   1351  20552 273.86   11.99  11.97  11.96  11.60  70.86  69.00  67.27  66.73
15:49:32  99.7   0.0   0.0   0.3   0.0   81    907  20496 274.46   12.04  11.99  12.02  11.47  71.33  69.02  67.28  66.83
15:49:33  99.4   0.0   0.2   0.4   0.0   81   1265  20602 274.12   11.98  12.01  11.96  11.59  71.17  68.95  67.21  66.80
15:49:34  99.8   0.0   0.1   0.1   0.0   83    795  20426 273.31   12.02  11.95  12.04  11.52  70.84  69.01  67.27  66.19
15:49:35  98.8   0.0   0.1   1.0   0.0   81   1031  20565 273.39   12.02  11.99  12.00  11.43  71.15  69.01  67.29  65.94
15:49:36  98.9   0.0   0.1   1.0   0.0   81   1381  20673 273.61   12.01  12.02  11.95  11.42  71.13  69.01  67.20  66.26
15:49:37  99.8   0.0   0.0   0.2   0.0   81    816  20444 273.39   11.95  11.98  12.04  11.42  71.19  68.95  67.28  65.96
15:49:38  99.8   0.0   0.1   0.1   0.0   81   1177  20568 274.18   11.95  11.96  12.01  11.53  71.64  69.01  67.27  66.26
15:49:39  99.7   0.0   0.1   0.2   0.0   81   1358  20582 273.68   11.92  12.00  12.06  11.56  71.35  69.01  67.28  66.04
15:49:40  99.7   0.0   0.1   0.2   0.0   82   3257  21149 273.94   12.00  12.03  11.94  11.40  71.22  69.02  67.20  66.50
15:49:41  99.6   0.0   0.1   0.3   0.0   82   4380  21291 275.20   12.04  11.98  12.04  11.43  71.90  68.96  67.30  67.04
15:49:42  99.7   0.0   0.2   0.1   0.0   82   3145  21494 274.66   11.96  12.03  12.02  11.48  71.54  69.01  67.28  66.83
15:49:43  99.8   0.0   0.1   0.1   0.0   81   4205  21549 274.55   12.06  11.97  12.01  11.48  71.95  68.94  67.21  66.44
15:49:44  99.2   0.0   0.1   0.7   0.0   98   2924  21022 274.62   11.99  11.97  11.96  11.50  71.64  69.05  67.45  66.48
15:49:45  99.3   0.0   0.1   0.6   0.0   81   1002  20496 274.24   12.05  12.04  12.01  11.50  71.15  69.27  67.27  66.54
15:49:46  99.5   0.0   0.1   0.4   0.0   81   1395  20623 274.39   12.02  11.90  12.06  11.44  71.55  68.69  67.29  66.85
-------- ----- ----- ----- ----- ----- ---- ------ ------ ------  ------ ------ ------ ------ ------ ------ ------ ------
 Average  99.5   0.0   0.1   0.4   0.0 82.4 2057.9 20719.8 274.39   11.95  11.99  12.01  11.47  71.68  68.84  67.26  66.61
  StdDev   0.3   0.0   0.0   0.3   0.0  3.7 1079.5  251.4   0.75    0.07   0.03   0.06   0.09   0.40   0.53   0.04   0.37
-------- ----- ----- ----- ----- ----- ---- ------ ------ ------  ------ ------ ------ ------ ------ ------ ------ ------
 Minimum  98.6   0.0   0.0   0.0   0.0 81.0  758.0 20426.0 272.70   11.70  11.90  11.91  11.31  70.84  67.27  67.20  65.93
 Maximum 100.0   0.0   0.2   1.3   0.0 99.0 4380.0 21549.0 275.67   12.06  12.05  12.27  11.65  72.46  69.51  67.45  67.23
-------- ----- ----- ----- ----- ----- ---- ------ ------ ------  ------ ------ ------ ------ ------ ------ ------ ------
Summary:
CPU: 274.39 Watts on average with standard deviation 0.75  
Note: power read from RAPL domains: dram, dram, dram, dram, package-0, package-1, package-2, package-3.
These readings do not cover all the hardware in this device.

Histogram (of 60 power measurements)

  Range (Watts)   Count
272.701 - 272.997     3 ############
272.998 - 273.294     3 ############
273.295 - 273.592     3 ############
273.593 - 273.889     7 ############################
273.890 - 274.186     6 ########################
274.187 - 274.484     7 ############################
274.485 - 274.781    10 ########################################
274.782 - 275.078     9 ####################################
275.079 - 275.375     7 ############################
275.376 - 275.673     5 ####################

Histogram (of 60 CPU utilization measurements)

  Range (%CPU)    Count
 98.675 -  98.806     1 ##
 98.807 -  98.939     3 ########
 98.940 -  99.071     4 ###########
 99.072 -  99.204     0 
 99.205 -  99.336     3 ########
 99.337 -  99.469     2 #####
 99.470 -  99.601    13 #####################################
 99.602 -  99.734    14 ########################################
 99.735 -  99.867    12 ##################################
 99.868 -  99.999     8 ######################

