Running for 60.0 seconds (60 samples at 1.0 second intervals).
Power measurements will start in 0 seconds time.

  Time    User  Nice   Sys  Idle    IO  Run Ctxt/s  IRQ/s Fork Exec Exit  Watts    dram   dram  pkg-0  pkg-1
11:09:45   0.5   0.0   0.1  99.4   0.0    1    829    702    0    0    0 134.51   11.99  11.94  69.11  65.40
11:09:46   0.0   0.0   0.0 100.0   0.0    1    114    238    0    0    0 133.52   12.02  12.02  68.04  65.48
11:09:47   0.0   0.0   0.0 100.0   0.0    1    122    571    0    0    3 134.47   11.96  12.01  69.00  65.47
11:09:48   0.0   0.0   0.0 100.0   0.0    1     68    237    0    0    0 134.27   11.95  11.97  69.00  65.27
11:09:49   0.0   0.0   0.0 100.0   0.0    1    117    530    0    0    0 133.61   12.00  12.00  68.71  64.89
11:09:50   0.0   0.0   0.0 100.0   0.0    1     80    246    0    0    0 133.44   12.01  12.03  68.95  64.50
11:09:51   0.0   0.0   0.0 100.0   0.0    1     76    496    0    0    0 134.55   11.96  11.97  69.02  65.53
11:09:52   0.0   0.0   0.0 100.0   0.0    1     74    263    0    0    0 134.28   11.96  11.97  68.88  65.40
11:09:53   0.0   0.0   0.0 100.0   0.0    1     98    559    0    0    0 133.66   12.01  12.00  69.02  64.64
11:09:54   0.0   0.0   0.1  99.9   0.0    1    283    221    0    0    0 134.25   11.95  12.06  68.90  65.35
11:09:55   0.0   0.0   0.0 100.0   0.0    1     74    516    0    0    0 134.52   12.03  11.98  68.98  65.53
11:09:56   0.0   0.0   0.0 100.0   0.0    1     54    198    0    0    0 134.48   11.95  11.98  68.94  65.54
11:09:57   0.0   0.0   0.0 100.0   0.0    1    114    557    0    0    0 134.44   11.92  11.91  68.97  65.46
11:09:58   0.0   0.0   0.0 100.0   0.0    1     82    247    0    0    0 134.35   11.97  12.03  68.82  65.53
11:09:59   0.0   0.0   0.0 100.0   0.0    1     70    420    0    0    0 134.47   11.94  11.98  68.94  65.52
11:10:00   0.0   0.0   0.0 100.0   0.0    1     73    295    0    0    0 134.47   12.01  11.96  69.00  65.47
11:10:01   0.3   0.0   0.2  99.5   0.0    1    974    561    0    0    0 134.50   11.90  12.07  68.98  65.52
11:10:02   0.0   0.0   0.0 100.0   0.0    1     98    303    0    0    0 134.33   11.95  11.97  68.80  65.53
11:10:03   0.0   0.0   0.0 100.0   0.0    1     71    459    0    0    0 134.46   12.02  12.02  68.99  65.47
11:10:04   0.1   0.0   0.1  99.8   0.0    1    118    291    0    0    0 134.27   11.95  12.03  69.01  65.26
11:10:05   0.0   0.0   0.0 100.0   0.0    1    102    485    0    0    0 134.12   11.94  11.97  68.67  65.45
11:10:06   0.0   0.0   0.0 100.0   0.0    1     80    282    0    0    0 133.91   11.96  12.00  68.44  65.47
  Time    User  Nice   Sys  Idle    IO  Run Ctxt/s  IRQ/s Fork Exec Exit  Watts    dram   dram  pkg-0  pkg-1
11:10:07   0.0   0.0   0.0 100.0   0.0    1     82    459    0    0    0 134.00   11.98  12.00  68.47  65.54
11:10:08   0.0   0.0   0.0 100.0   0.0    1     54    291    0    0    0 134.48   12.01  12.01  68.94  65.54
11:10:09   0.0   0.0   0.0 100.0   0.0    1     96    495    0    0    0 134.43   12.04  12.01  68.96  65.47
11:10:10   0.0   0.0   0.0 100.0   0.0    1    100    315    0    0    0 133.94   12.00  12.01  68.40  65.54
11:10:11   0.0   0.0   0.0 100.0   0.0    1     72    429    0    0    0 134.39   12.00  12.00  68.85  65.54
11:10:12   0.0   0.0   0.0 100.0   0.0    1     68    279    0    0    0 134.21   11.96  12.01  68.78  65.43
11:10:13   0.0   0.0   0.0 100.0   0.0    1     96    492    0    0    0 133.88   12.01  11.98  68.79  65.09
11:10:14   0.0   0.0   0.0  99.9   0.0    1    256    289    0    0    0 134.01   11.96  12.06  68.48  65.54
11:10:15   0.0   0.0   0.0 100.0   0.0    1     96    462    0    0    0 134.41   11.97  12.03  68.94  65.47
11:10:16   0.0   0.0   0.0 100.0   0.0    1     61    263    0    0    0 134.55   12.02  11.98  69.01  65.53
11:10:17   0.0   0.0   0.0 100.0   0.0    1    110    536    0    0    0 134.39   11.91  12.03  68.84  65.54
11:10:18   0.0   0.0   0.0 100.0   0.0    1     78    308    0    0    0 134.13   12.00  12.02  68.74  65.39
11:10:19   0.0   0.0   0.0 100.0   0.0    1     62    419    0    0    0 134.46   11.95  11.97  68.98  65.47
11:10:20   0.0   0.0   0.0 100.0   0.0    1     80    312    0    0    0 134.44   11.94  11.98  69.00  65.44
11:10:21   0.0   0.0   0.0 100.0   0.0    1    108    474    0    0    0 134.43   11.97  12.01  68.90  65.53
11:10:22   0.0   0.0   0.0 100.0   0.0    1    106    301    0    0    0 134.32   11.94  12.03  68.85  65.47
11:10:23   0.0   0.0   0.0 100.0   0.0    1     84    454    0    0    0 134.53   12.04  11.97  69.02  65.51
11:10:24   0.0   0.0   0.0 100.0   0.0    1     72    262    0    0    0 134.07   12.01  11.98  68.92  65.15
11:10:25   0.0   0.0   0.0  99.9   0.0    1    110    535    0    0    0 134.39   12.00  11.97  68.94  65.45
11:10:26   0.0   0.0   0.0 100.0   0.0    1     74    288    0    0    0 134.18   12.02  12.01  68.67  65.51
11:10:27   0.0   0.0   0.0 100.0   0.0    1     66    460    0    0    0 134.36   11.97  12.06  68.85  65.52
11:10:28   0.0   0.0   0.1  99.9   0.0    1    411    415    5    4    3 134.23   11.97  11.97  68.90  65.32
  Time    User  Nice   Sys  Idle    IO  Run Ctxt/s  IRQ/s Fork Exec Exit  Watts    dram   dram  pkg-0  pkg-1
11:10:29   0.0   0.0   0.0 100.0   0.0    1    120    474    0    0    0 134.12   11.97  12.02  68.77  65.35
11:10:30   0.0   0.0   0.0 100.0   0.0    1    109    335    0    0    0 133.17   11.96  12.05  68.82  64.35
11:10:31   0.0   0.0   0.0 100.0   0.0    1     77    440    0    0    0 134.42   12.06  11.92  69.00  65.41
11:10:32   0.0   0.0   0.0 100.0   0.0    1     58    283    0    0    0 134.35   11.97  12.02  68.82  65.53
11:10:33   0.0   0.0   0.0 100.0   0.0    1    114    535    0    0    0 133.51   11.98  11.94  68.55  64.96
11:10:34   0.0   0.0   0.1  99.9   0.1    1    100    289    0    0    0 133.07   11.97  11.92  68.27  64.80
11:10:35   0.0   0.0   0.0 100.0   0.0    1     72    453    0    0    0 133.32   12.03  11.95  68.74  64.58
11:10:36   0.0   0.0   0.0 100.0   0.0    1     56    260    0    0    0 134.31   12.02  11.92  68.93  65.38
11:10:37   0.0   0.0   0.0 100.0   0.0    1     99    493    0    0    0 134.43   12.01  12.02  69.01  65.42
11:10:38   0.0   0.0   0.0 100.0   0.0    1    144    317    0    0    2 133.64   11.91  11.98  68.41  65.24
11:10:39   0.0   0.0   0.0 100.0   0.0    1     88    442    0    0    0 134.41   12.02  12.02  68.95  65.46
11:10:40   0.0   0.0   0.0 100.0   0.0    1     70    301    0    0    0 134.12   11.96  11.95  68.96  65.16
11:10:41   0.0   0.0   0.0 100.0   0.0    1    100    470    0    0    0 133.60   12.00  11.98  68.56  65.04
11:10:42   0.0   0.0   0.0 100.0   0.0    1     78    341    0    0    0 134.25   11.97  11.98  68.93  65.33
11:10:43   0.0   0.0   0.0 100.0   0.0    1     78    454    0    0    0 134.40   12.00  11.98  68.95  65.45
11:10:44   0.0   0.0   0.0  99.9   0.0    1     72    257    0    0    0 134.55   11.94  12.00  69.02  65.53
-------- ----- ----- ----- ----- ----- ---- ------ ------ ---- ---- ---- ------  ------ ------ ------ ------
 Average   0.0   0.0   0.0 100.0   0.0  1.0  125.8  389.3  0.1  0.1  0.1 134.18   11.98  11.99  68.83  65.34
  StdDev   0.1   0.0   0.0   0.1   0.0  0.0  155.0  116.3  0.6  0.5  0.6   0.37    0.04   0.04   0.21   0.28
-------- ----- ----- ----- ----- ----- ---- ------ ------ ---- ---- ---- ------  ------ ------ ------ ------
 Minimum   0.0   0.0   0.0  99.4   0.0  1.0   54.0  198.0  0.0  0.0  0.0 133.07   11.90  11.91  68.04  64.35
 Maximum   0.5   0.0   0.2 100.0   0.1  1.0  974.0  702.0  5.0  4.0  3.0 134.55   12.06  12.07  69.11  65.54
-------- ----- ----- ----- ----- ----- ---- ------ ------ ---- ---- ---- ------  ------ ------ ------ ------
Summary:
CPU: 134.18 Watts on average with standard deviation 0.37  
Note: power read from RAPL domains: dram, dram, package-0, package-1.
These readings do not cover all the hardware in this device.

Histogram (of 60 power measurements)

  Range (Watts)   Count
133.069 - 133.216     2 ###
133.217 - 133.364     1 #
133.365 - 133.512     2 ###
133.513 - 133.660     5 #########
133.661 - 133.809     0 
133.810 - 133.957     3 #####
133.958 - 134.105     3 #####
134.106 - 134.253     9 ################
134.254 - 134.402    13 #######################
134.403 - 134.550    22 ########################################

Histogram (of 60 CPU utilization measurements)

Range (%CPU)  Count
0.000 - 0.062    52 ########################################
0.063 - 0.124     5 ###
0.125 - 0.187     0 
0.188 - 0.249     1 
0.250 - 0.312     0 
0.313 - 0.375     0 
0.376 - 0.437     0 
0.438 - 0.500     1 
0.501 - 0.562     0 
0.563 - 0.625     1 
