Running for 60.0 seconds (60 samples at 1.0 second intervals).
Power measurements will start in 0 seconds time.

  Time    User  Nice   Sys  Idle    IO  Run Ctxt/s  IRQ/s Fork Exec Exit  Watts    dram   dram  pkg-0  pkg-1
11:10:45  52.5   0.0   0.0  47.5   0.0   22    617   6263    0    0    0 137.16   11.95  12.00  69.87  67.29
11:10:46  52.5   0.0   0.0  47.5   0.0   22    320   5770    0    0    0 137.88   11.95  11.94  70.67  67.21
11:10:47  52.5   0.0   0.0  47.5   0.0   22    348   6105    0    0    0 138.03   11.97  11.94  70.76  67.27
11:10:48  52.5   0.0   0.0  47.5   0.0   22    309   5806    0    0    0 138.04   12.00  11.95  70.75  67.29
11:10:49  52.5   0.0   0.0  47.5   0.0   22    315   6064    0    0    0 137.88   11.98  12.02  70.68  67.20
11:10:50  52.5   0.0   0.0  47.5   0.0   22    303   5843    0    0    0 138.03   12.02  12.02  70.75  67.28
11:10:51  52.5   0.0   0.0  47.5   0.0   22    289   6049    0    0    0 138.03   11.98  11.98  70.75  67.28
11:10:52  52.5   0.0   0.0  47.4   0.0   22    299   5807    0    0    0 137.89   11.96  12.01  70.68  67.21
11:10:53  52.5   0.0   0.0  47.5   0.0   22    267   6080    0    0    0 138.02   12.01  11.97  70.75  67.27
11:10:54  52.6   0.0   0.0  47.4   0.0   22    350   5809    0    0    0 138.02   11.98  11.95  70.75  67.27
11:10:55  52.5   0.0   0.0  47.5   0.0   22    304   6093    0    0    0 138.03   11.95  11.96  70.75  67.27
11:10:56  52.5   0.0   0.0  47.5   0.0   22    284   5760    0    0    0 137.89   11.96  12.00  70.67  67.21
11:10:57  52.5   0.0   0.0  47.5   0.0   22    340   6110    0    0    0 138.03   11.97  11.96  70.75  67.27
11:10:58  52.5   0.0   0.0  47.4   0.0   22    318   5851    0    0    0 138.03   12.00  12.00  70.76  67.28
11:10:59  52.5   0.0   0.0  47.5   0.0   22    339   6066    0    0    0 137.89   11.98  11.95  70.68  67.21
11:11:00  53.1   0.0   0.1  46.8   0.0   22   1032   5845    0    0    0 138.30   11.97  11.94  70.98  67.32
11:11:01  52.5   0.0   0.0  47.5   0.0   22    256   6045    0    0    0 137.99   12.01  11.94  70.76  67.23
11:11:02  52.5   0.0   0.0  47.5   0.0   22    291   5807    0    0    0 138.03   12.00  12.02  70.75  67.27
11:11:03  52.5   0.0   0.0  47.5   0.0   22    308   6093    0    0    0 137.90   11.95  11.98  70.68  67.22
11:11:04  52.6   0.0   0.0  47.4   0.0   22    262   5764    0    0    0 138.02   11.98  12.00  70.75  67.27
11:11:05  52.5   0.0   0.0  47.5   0.0   22    295   6108    0    0    0 138.03   11.95  11.96  70.75  67.28
11:11:06  52.5   0.0   0.0  47.4   0.0   22    264   5807    0    0    0 138.03   12.00  12.02  70.75  67.28
  Time    User  Nice   Sys  Idle    IO  Run Ctxt/s  IRQ/s Fork Exec Exit  Watts    dram   dram  pkg-0  pkg-1
11:11:07  52.5   0.0   0.0  47.5   0.0   22    262   6086    0    0    0 137.89   11.96  11.94  70.68  67.21
11:11:08  52.5   0.0   0.0  47.5   0.0   22    333   5818    0    0    0 138.03   11.97  12.00  70.76  67.27
11:11:09  52.5   0.0   0.0  47.5   0.0   22    360   6088    0    0    0 138.03   12.00  11.97  70.75  67.28
11:11:10  52.5   0.0   0.0  47.5   0.0   22    256   5803    0    0    0 137.89   11.96  11.95  70.67  67.21
11:11:11  52.5   0.0   0.0  47.5   0.0   22    270   6058    0    0    0 138.03   12.02  11.98  70.76  67.28
11:11:12  52.5   0.0   0.0  47.5   0.0   22    354   5825    0    0    0 138.03   12.03  11.96  70.75  67.28
11:11:13  52.5   0.0   0.0  47.5   0.0   22    319   6106    0    0    0 137.96   11.98  12.02  70.68  67.28
11:11:14  52.5   0.0   0.1  47.4   0.0   22    319   5827    0    0    0 137.97   11.90  12.01  70.75  67.22
11:11:15  52.5   0.0   0.0  47.5   0.0   22    303   6091    0    0    0 138.03   12.01  11.94  70.75  67.28
11:11:16  52.5   0.0   0.0  47.5   0.0   22    336   5779    0    0    0 138.02   11.96  12.00  70.75  67.27
11:11:17  52.5   0.0   0.0  47.5   0.0   22    266   6093    0    0    0 137.90   11.96  12.00  70.69  67.21
11:11:18  52.5   0.0   0.0  47.5   0.0   22    293   5809    0    0    0 138.03   12.01  11.95  70.75  67.28
11:11:19  52.5   0.0   0.0  47.5   0.0   22    278   6047    0    0    0 138.02   12.02  12.01  70.74  67.28
11:11:20  52.5   0.0   0.0  47.5   0.0   22    305   5802    0    0    0 137.89   12.01  11.97  70.69  67.21
11:11:21  52.5   0.0   0.0  47.5   0.0   22    354   6078    0    0    0 138.03   12.02  12.00  70.75  67.28
11:11:22  52.5   0.0   0.0  47.4   0.0   22    286   5858    0    0    0 138.03   11.96  12.02  70.75  67.28
11:11:23  52.5   0.0   0.0  47.5   0.0   22    313   6097    0    0    0 138.03   11.98  11.96  70.75  67.28
11:11:24  52.5   0.0   0.1  47.4   0.0   22    300   5784    0    0    0 137.89   11.95  12.03  70.68  67.21
11:11:25  52.5   0.0   0.0  47.4   0.0   22    264   6025    0    0    0 138.03   12.01  11.92  70.76  67.28
11:11:26  52.5   0.0   0.0  47.5   0.0   22    189   5794    0    0    0 138.03   11.97  12.04  70.75  67.28
11:11:27  52.6   0.0   0.0  47.4   0.0   22    352   6058    0    0    1 137.89   11.98  12.01  70.68  67.21
11:11:28  52.5   0.0   0.0  47.5   0.0   22    281   5857    0    0    0 138.03   11.98  11.96  70.75  67.28
  Time    User  Nice   Sys  Idle    IO  Run Ctxt/s  IRQ/s Fork Exec Exit  Watts    dram   dram  pkg-0  pkg-1
11:11:29  52.5   0.0   0.0  47.5   0.0   22    297   6002    0    0    0 138.03   11.95  11.98  70.75  67.28
11:11:30  52.5   0.0   0.0  47.4   0.0   22    337   5878    0    0    0 137.89   11.97  11.94  70.67  67.21
11:11:31  52.5   0.0   0.0  47.5   0.0   22    295   6034    0    0    0 138.03   11.96  11.97  70.75  67.28
11:11:32  52.5   0.0   0.0  47.5   0.0   22    348   5875    0    0    0 138.03   11.91  11.96  70.76  67.28
11:11:33  52.5   0.0   0.0  47.4   0.0   22    343   6052    0    0    0 137.89   12.04  11.98  70.68  67.21
11:11:34  52.5   0.0   0.0  47.4   0.0   22    306   5863    0    0    0 138.02   11.98  12.06  70.74  67.28
11:11:35  52.5   0.0   0.0  47.5   0.0   22    264   6017    0    0    0 138.03   11.97  12.01  70.75  67.27
11:11:36  52.5   0.0   0.0  47.5   0.0   22    296   5828    0    0    0 137.96   12.00  12.00  70.68  67.27
11:11:37  52.6   0.0   0.0  47.4   0.0   22    372   6062    0    0    0 137.97   11.94  12.04  70.76  67.22
11:11:38  52.5   0.0   0.0  47.5   0.0   22    346   5886    0    0    0 138.03   12.00  12.00  70.76  67.28
11:11:39  52.5   0.0   0.0  47.4   0.0   22    385   6062    0    0    0 138.03   12.02  11.98  70.75  67.28
11:11:40  52.5   0.0   0.0  47.5   0.0   22    341   5879    0    0    0 137.90   12.00  12.03  70.68  67.21
11:11:41  52.5   0.0   0.0  47.4   0.0   22    313   6000    0    0    0 138.03   11.96  12.00  70.75  67.28
11:11:42  52.5   0.0   0.0  47.5   0.0   22    335   5902    0    0    0 138.03   11.92  12.04  70.75  67.28
11:11:43  52.5   0.0   0.0  47.5   0.0   22    265   6018    0    0    0 137.89   11.94  12.00  70.68  67.21
11:11:44  52.6   0.0   0.0  47.4   0.0   22    235   5821    0    0    0 138.03   12.01  12.03  70.75  67.28
-------- ----- ----- ----- ----- ----- ---- ------ ------ ---- ---- ---- ------  ------ ------ ------ ------
 Average  52.5   0.0   0.0  47.4   0.0 22.0  323.0 5948.4  0.0  0.0  0.0 137.98   11.98  11.99  70.72  67.26
  StdDev   0.1   0.0   0.0   0.1   0.0  0.0  106.9  130.3  0.0  0.0  0.1   0.13    0.03   0.03   0.12   0.03
-------- ----- ----- ----- ----- ----- ---- ------ ------ ---- ---- ---- ------  ------ ------ ------ ------
 Minimum  52.5   0.0   0.0  46.8   0.0 22.0  189.0 5760.0  0.0  0.0  0.0 137.16   11.90  11.92  69.87  67.20
 Maximum  53.1   0.0   0.1  47.5   0.0 22.0 1032.0 6263.0  0.0  0.0  1.0 138.30   12.04  12.06  70.98  67.32
-------- ----- ----- ----- ----- ----- ---- ------ ------ ---- ---- ---- ------  ------ ------ ------ ------
Summary:
CPU: 137.98 Watts on average with standard deviation 0.13  
Note: power read from RAPL domains: dram, dram, package-0, package-1.
These readings do not cover all the hardware in this device.

Histogram (of 60 power measurements)

  Range (Watts)   Count
137.161 - 137.274     1 
137.275 - 137.387     0 
137.388 - 137.501     0 
137.502 - 137.614     0 
137.615 - 137.728     0 
137.729 - 137.841     0 
137.842 - 137.955    17 ################
137.956 - 138.068    41 ########################################
138.069 - 138.182     0 
138.183 - 138.295     1 

Histogram (of 60 CPU utilization measurements)

 Range (%CPU)   Count
52.513 - 52.580    58 ########################################
52.581 - 52.648     1 
52.649 - 52.716     0 
52.717 - 52.783     0 
52.784 - 52.851     0 
52.852 - 52.919     0 
52.920 - 52.987     0 
52.988 - 53.055     0 
53.056 - 53.123     0 
53.124 - 53.191     1 
