Running for 60.0 seconds (60 samples at 1.0 second intervals).
Power measurements will start in 0 seconds time.

  Time    User  Nice   Sys  Idle    IO  Run Ctxt/s  IRQ/s Fork Exec Exit  Watts    dram   dram  pkg-0  pkg-1
11:11:45 100.0   0.0   0.0   0.0   0.0   42    311  10405    0    0    0 139.22   12.03  12.01  70.76  68.46
11:11:46 100.0   0.0   0.0   0.0   0.0   42    217  10313    0    0    0 139.68   11.98  12.02  70.68  69.00
11:11:47  99.9   0.0   0.0   0.1   0.0   42    167  10406    0    0    0 139.13   12.03  11.87  70.77  68.36
11:11:48 100.0   0.0   0.0   0.0   0.0   42    172  10328    0    0    0 138.59   12.02  11.98  70.75  67.83
11:11:49 100.0   0.0   0.0   0.0   0.0   42    172  10351    0    0    0 138.56   12.01  11.97  70.75  67.81
11:11:50 100.0   0.0   0.0   0.0   0.0   42    155  10327    0    0    0 138.58   11.96  11.94  70.68  67.89
11:11:51 100.0   0.0   0.0   0.0   0.0   42    191  10341    0    0    0 138.83   11.95  11.97  70.75  68.08
11:11:52 100.0   0.0   0.0   0.0   0.0   42    173  10342    0    0    0 138.58   12.00  11.98  70.74  67.83
11:11:53 100.0   0.0   0.0   0.0   0.0   42    176  10360    0    0    0 139.12   11.95  11.95  70.68  68.44
11:11:54 100.0   0.0   0.1   0.0   0.0   42    203  10314    0    0    0 138.80   12.02  11.97  70.78  68.02
11:11:55 100.0   0.0   0.0   0.0   0.0   42    156  10399    0    0    0 138.46   11.95  12.00  70.79  67.67
11:11:56  99.9   0.0   0.0   0.1   0.0   42    179  10334    0    0    0 139.23   12.02  11.91  70.68  68.55
11:11:57 100.0   0.0   0.0   0.0   0.0   42    169  10370    0    0    0 139.61   12.01  11.98  70.76  68.86
11:11:58  99.9   0.0   0.0   0.1   0.0   42    146  10323    0    0    0 138.97   11.97  11.96  70.76  68.21
11:11:59 100.0   0.0   0.0   0.0   0.0   42    153  10344    0    0    0 139.00   11.95  12.00  70.89  68.11
11:12:00  99.9   0.0   0.0   0.1   0.0   42   1002  10413    0    0    0 139.05   12.00  11.98  71.21  67.84
11:12:01 100.0   0.0   0.0   0.1   0.0   42    190  10352    0    0    0 139.32   11.95  12.00  70.75  68.56
11:12:02 100.0   0.0   0.0   0.0   0.0   42    167  10332    0    0    0 139.67   11.96  12.00  70.88  68.79
11:12:03 100.0   0.0   0.0   0.0   0.0   42    147  10392    0    0    0 139.77   11.94  11.96  70.76  69.01
11:12:04 100.0   0.0   0.0   0.0   0.0   42    217  10261    0    0    0 139.65   11.96  12.01  70.75  68.89
11:12:05 100.0   0.0   0.0   0.0   0.0   42    174  10433    0    0    0 138.54   11.95  12.02  70.75  67.78
11:12:06 100.0   0.0   0.0   0.0   0.0   42    148  10243    0    0    0 139.28   12.00  11.96  71.08  68.20
  Time    User  Nice   Sys  Idle    IO  Run Ctxt/s  IRQ/s Fork Exec Exit  Watts    dram   dram  pkg-0  pkg-1
11:12:07 100.0   0.0   0.0   0.0   0.0   42    151  10425    0    0    0 139.86   12.02  12.03  71.07  68.79
11:12:08 100.0   0.0   0.0   0.1   0.0   42    165  10269    0    0    0 139.72   11.95  12.04  70.84  68.88
11:12:09 100.0   0.0   0.0   0.0   0.0   42    174  10419    0    0    0 139.40   11.98  12.02  71.10  68.30
11:12:10  99.9   0.0   0.0   0.1   0.0   42    148  10264    0    0    0 140.52   12.01  11.97  71.61  68.91
11:12:11 100.0   0.0   0.0   0.0   0.0   42    154  10440    0    0    0 139.83   11.96  11.97  70.87  68.95
11:12:12 100.0   0.0   0.0   0.0   0.0   42    152  10277    0    0    0 139.59   12.00  11.98  70.73  68.86
11:12:13 100.0   0.0   0.0   0.0   0.0   42    172  10422    0    0    0 138.71   11.97  12.07  70.88  67.83
11:12:14 100.0   0.0   0.1   0.0   0.0   42    214  10257    0    0    0 139.59   11.98  11.96  70.76  68.83
11:12:15 100.0   0.0   0.0   0.0   0.0   42    188  10424    0    0    0 139.31   12.02  12.00  70.68  68.63
11:12:16 100.0   0.0   0.0   0.0   0.0   42    157  10252    0    0    0 139.27   12.00  11.97  70.76  68.51
11:12:17 100.0   0.0   0.0   0.0   0.0   42    174  10431    0    0    0 139.70   11.98  12.00  70.76  68.94
11:12:18 100.0   0.0   0.0   0.1   0.0   42    150  10258    0    0    0 139.18   11.95  11.96  70.70  68.48
11:12:19 100.0   0.0   0.0   0.0   0.0   42    152  10448    0    0    0 139.76   11.96  11.97  70.79  68.98
11:12:20 100.0   0.0   0.0   0.0   0.0   42    165  10276    0    0    0 139.47   11.94  11.97  70.76  68.71
11:12:21 100.0   0.0   0.0   0.0   0.0   42    219  10416    0    0    0 139.37   11.97  11.98  70.76  68.61
11:12:22 100.0   0.0   0.0   0.0   0.0   42    158  10272    0    0    0 139.37   12.02  12.03  70.69  68.68
11:12:23 100.0   0.0   0.0   0.0   0.0   42    158  10417    0    0    0 139.74   11.96  11.95  70.76  68.98
11:12:24 100.0   0.0   0.0   0.0   0.0   42    218  10259    0    0    0 138.26   11.91  11.92  70.75  67.52
11:12:25 100.0   0.0   0.0   0.0   0.0   42    185  10434    0    0    0 139.25   12.01  11.98  70.76  68.49
11:12:26 100.0   0.0   0.0   0.0   0.0   42    159  10256    0    0    0 139.92   11.97  12.02  71.02  68.90
11:12:27 100.0   0.0   0.0   0.0   0.0   42    153  10423    0    0    0 139.36   11.96  12.01  70.75  68.61
11:12:28 100.0   0.0   0.0   0.0   0.0   42    169  10308    0    0    0 139.49   11.94  11.96  70.69  68.79
  Time    User  Nice   Sys  Idle    IO  Run Ctxt/s  IRQ/s Fork Exec Exit  Watts    dram   dram  pkg-0  pkg-1
11:12:29 100.0   0.0   0.0   0.0   0.0   42    178  10414    0    0    0 139.61   12.03  12.01  70.83  68.78
11:12:30 100.0   0.0   0.0   0.0   0.0   42    154  10263    0    0    0 139.55   12.01  11.96  71.37  68.18
11:12:31 100.0   0.0   0.0   0.0   0.0   42    144  10397    0    0    0 139.90   12.00  11.95  71.29  68.61
11:12:32 100.0   0.0   0.0   0.0   0.0   42    169  10279    0    0    0 139.23   12.05  11.96  70.69  68.54
11:12:33 100.0   0.0   0.0   0.0   0.0   42    175  10424    0    0    0 139.67   11.98  11.94  70.85  68.82
11:12:34 100.0   0.0   0.1   0.0   0.0   42    269  10256    0    0    1 139.01   12.00  12.01  70.99  68.01
11:12:35 100.0   0.0   0.0   0.0   0.0   42    154  10422    0    0    0 139.55   12.02  11.97  70.68  68.87
11:12:36 100.0   0.0   0.0   0.0   0.0   42    172  10296    0    0    0 139.67   11.98  11.97  70.91  68.77
11:12:37 100.0   0.0   0.0   0.0   0.0   42    174  10434    0    0    0 138.98   12.00  12.02  70.93  68.05
11:12:38 100.0   0.0   0.0   0.0   0.0   42    152  10259    0    0    0 138.64   11.97  12.00  70.84  67.80
11:12:39 100.0   0.0   0.0   0.0   0.0   42    148  10405    0    0    0 138.22   12.01  12.03  70.75  67.47
11:12:40 100.0   0.0   0.0   0.0   0.0   42    163  10271    0    0    0 138.28   11.96  11.94  70.75  67.52
11:12:41 100.0   0.0   0.0   0.0   0.0   42    177  10413    0    0    0 138.96   11.92  11.96  70.68  68.28
11:12:42 100.0   0.0   0.0   0.0   0.0   42    152  10269    0    0    0 138.69   11.92  12.02  70.77  67.92
11:12:43 100.0   0.0   0.0   0.0   0.0   42    156  10413    0    0    0 138.37   12.04  11.96  70.75  67.62
11:12:44  99.9   0.0   0.1   0.0   0.0   42    235  10305    0    0    0 138.20   11.86  11.93  70.69  67.51
-------- ----- ----- ----- ----- ----- ---- ------ ------ ---- ---- ---- ------  ------ ------ ------ ------
 Average 100.0   0.0   0.0   0.0   0.0 42.0  188.2 10347.5  0.0  0.0  0.0 139.21   11.98  11.98  70.83  68.39
  StdDev   0.0   0.0   0.0   0.0   0.0  0.0  110.2   67.2  0.0  0.0  0.1   0.51    0.04   0.03   0.18   0.47
-------- ----- ----- ----- ----- ----- ---- ------ ------ ---- ---- ---- ------  ------ ------ ------ ------
 Minimum  99.9   0.0   0.0   0.0   0.0 42.0  144.0 10243.0  0.0  0.0  0.0 138.20   11.86  11.87  70.68  67.47
 Maximum 100.0   0.0   0.1   0.1   0.0 42.0 1002.0 10448.0  0.0  0.0  1.0 140.52   12.05  12.07  71.61  69.01
-------- ----- ----- ----- ----- ----- ---- ------ ------ ---- ---- ---- ------  ------ ------ ------ ------
Summary:
CPU: 139.21 Watts on average with standard deviation 0.51  
Note: power read from RAPL domains: dram, dram, package-0, package-1.
These readings do not cover all the hardware in this device.

Histogram (of 60 power measurements)

  Range (Watts)   Count
138.200 - 138.431     5 ################
138.432 - 138.663     7 #######################
138.664 - 138.895     4 #############
138.896 - 139.127     7 #######################
139.128 - 139.359    10 #################################
139.360 - 139.591    10 #################################
139.592 - 139.823    12 ########################################
139.824 - 140.055     4 #############
140.056 - 140.287     0 
140.288 - 140.519     1 ###

Histogram (of 60 CPU utilization measurements)

  Range (%CPU)    Count
 99.900 -  99.909     2 #
 99.910 -  99.919     0 
 99.920 -  99.929     2 #
 99.930 -  99.939     0 
 99.940 -  99.949     4 ###
 99.950 -  99.959     0 
 99.960 -  99.969     0 
 99.970 -  99.979     0 
 99.980 -  99.989     0 
 99.990 -  99.999    52 ########################################
