fnl@fnl-one:~$ powerstat -RDH
Running for 60.0 seconds (60 samples at 1.0 second intervals).
Power measurements will start in 0 seconds time.

  Time    User  Nice   Sys  Idle    IO  Run Ctxt/s  IRQ/s  Watts    dram   dram   dram   dram  pkg-0  pkg-1  pkg-2  pkg-3
22:12:34   9.0   0.0  12.5  78.5   0.0   16 1546881  57951 276.73   12.16  12.66  12.30  12.05  71.18  69.82  65.45  70.28
22:12:35   9.1   0.0  12.7  78.2   0.0   22 1543209  57580 276.20   12.14  13.17  11.95  12.06  71.07  71.00  64.53  69.59
22:12:36   8.8   0.0  12.7  78.5   0.0   16 1556635  55223 276.35   12.12  13.10  12.17  11.93  71.09  70.51  65.21  69.54
22:12:37   9.0   0.0  12.6  78.4   0.0   15 1564450  53812 276.28   12.16  12.73  12.72  11.91  71.09  70.08  65.52  69.58
22:12:38   9.1   0.0  12.5  78.4   0.0   18 1590730  57304 276.50   12.14  12.55  12.55  12.01  71.08  69.87  65.38  70.17
22:12:39   9.2   0.0  12.0  78.8   0.0   24 1598418  58895 276.33   12.16  12.51  12.50  12.00  71.08  69.82  65.20  70.23
22:12:40   8.8   0.0  13.7  77.5   0.0   25 1605251  76034 275.60   12.17  12.27  12.12  12.01  71.19  69.45  64.80  70.16
22:12:41   8.2   0.0  16.1  75.7   0.0   18 1471877 119333 274.71   12.30  12.32  12.08  12.01  71.38  69.37  64.44  69.53
22:12:42   8.9   0.0  13.0  78.0   0.0   22 1639074 159340 275.84   12.14  12.20  12.18  12.05  71.30  69.20  65.44  69.89
22:12:43   9.3   0.0  13.7  77.0   0.0   15 1640691 129482 276.35   12.15  12.79  12.07  12.18  71.28  70.99  64.86  69.22
22:12:44   9.1   0.0  12.0  78.9   0.0   17 1560867  57843 275.90   12.23  13.02  12.21  11.92  71.08  70.97  64.63  69.21
22:12:45   8.4   0.0  15.5  76.1   0.0   21 1449054  50183 274.87   12.19  12.47  12.52  11.98  70.13  69.66  64.94  70.14
22:12:46   9.2   0.0  14.4  76.4   0.0   27 1552011  53707 276.14   12.22  12.44  12.64  12.01  70.68  69.56  65.89  70.02
22:12:47   9.1   0.0  14.0  76.9   0.0   21 1483108  53679 276.75   12.17  12.94  12.73  12.06  71.09  69.60  65.70  70.35
22:12:48   9.2   0.0  13.6  77.1   0.0   23 1543561  53726 276.51   12.12  12.79  12.71  11.89  71.32  69.30  65.77  70.12
22:12:49   8.9   0.0  13.9  77.2   0.0   15 1514268  54036 276.68   12.18  12.63  12.64  11.99  71.22  69.42  65.80  70.24
22:12:50   8.8   0.0  12.7  78.5   0.0   27 1602847  54644 275.83   12.15  12.13  12.66  11.88  71.09  69.12  65.95  69.66
22:12:51   9.0   0.0  12.6  78.4   0.0   16 1577337  54491 275.77   12.13  12.21  12.61  11.90  71.16  69.43  65.39  69.78
22:12:52   9.1   0.0  12.4  78.5   0.0   19 1626961  53133 276.09   12.19  12.39  12.44  12.00  71.16  69.66  65.46  69.80
22:12:53   9.0   0.0  12.6  78.4   0.0   17 1683564  50849 275.26   12.13  12.26  12.42  11.91  70.89  69.27  65.06  70.04
22:12:54   9.0   0.0  14.2  76.9   0.0   22 1704664  53953 275.31   12.17  12.35  12.43  11.89  70.96  69.20  65.68  69.47
22:12:55   9.4   0.0  12.5  78.1   0.0   18 1545522  58713 275.90   12.17  12.64  12.16  12.21  71.17  69.13  65.06  70.54
  Time    User  Nice   Sys  Idle    IO  Run Ctxt/s  IRQ/s  Watts    dram   dram   dram   dram  pkg-0  pkg-1  pkg-2  pkg-3
22:12:56   9.0   0.0  12.6  78.5   0.0   34 1607491  54263 275.70   12.10  12.43  12.00  12.09  71.06  68.79  65.43  70.42
22:12:57   9.2   0.0  12.3  78.5   0.0   19 1628271  53552 275.36   12.15  12.14  12.07  12.04  71.18  69.14  64.55  70.49
22:12:58   9.4   0.0  12.3  78.3   0.0   16 1630513  52349 275.38   12.20  12.53  11.90  12.13  71.24  69.73  63.85  70.56
22:12:59   8.9   0.0  12.2  78.9   0.0   14 1672001  53009 275.10   12.14  12.46  12.20  11.94  71.24  69.19  64.77  69.89
22:13:00   8.9   0.0  12.1  79.0   0.0   14 1616680  55265 275.15   12.19  12.24  12.63  11.75  71.14  69.18  65.61  69.21
22:13:01   9.3   0.0  12.9  77.7   0.0   23 1661129  56950 275.16   12.16  12.45  12.59  11.75  71.11  69.19  64.73  70.12
22:13:02   8.9   0.0  16.8  74.2   0.0   21 1617725  55103 274.96   12.21  12.45  12.49  12.09  70.80  68.56  65.44  70.17
22:13:03   9.2   0.0  13.5  77.3   0.0   17 1558906  56750 275.63   12.12  12.39  12.70  11.79  71.20  69.02  66.37  69.04
22:13:04   9.1   0.0  13.3  77.7   0.0   16 1651223  53156 275.19   12.20  12.07  12.67  11.94  70.78  67.93  67.32  69.16
22:13:05   8.9   0.0  12.9  78.2   0.0   18 1724605  51409 274.78   12.06  12.04  12.67  11.82  70.71  67.38  67.44  69.25
22:13:06   9.0   0.0  12.7  78.3   0.0   21 1698451  51813 274.83   12.20  11.99  12.68  11.92  70.73  67.51  67.53  69.06
22:13:07   9.0   0.0  13.2  77.8   0.0   13 1706792  51400 275.61   12.17  12.02  12.66  11.92  70.71  67.39  68.35  69.16
22:13:08   9.3   0.0  12.8  77.9   0.0   36 1627616  56478 275.93   12.13  12.03  12.60  12.00  70.94  67.76  67.69  69.55
22:13:09   9.1   0.0  13.2  77.8   0.0   21 1592744  55870 276.14   12.11  12.00  12.74  11.91  70.82  68.13  67.80  69.39
22:13:10   9.1   0.0  15.1  75.8   0.0   36 1622945  56109 274.98   12.20  12.35  12.45  11.84  70.40  68.40  66.83  69.35
22:13:11   8.9   0.0  14.3  76.7   0.0   21 1594353  56979 275.34   12.25  12.53  12.46  11.80  70.65  68.68  66.72  69.29
22:13:12   9.0   0.0  13.0  78.0   0.0   19 1579379  58037 276.79   12.17  12.53  12.65  11.84  70.77  69.00  67.73  69.29
22:13:13   9.0   0.0  12.9  78.0   0.0   22 1585662  56723 275.91   12.17  12.07  12.77  11.81  70.62  68.32  67.88  69.09
22:13:14   9.0   0.0  12.9  78.1   0.0   14 1580268  57373 276.42   12.12  12.03  12.75  11.85  70.66  68.55  68.06  69.15
22:13:15   9.1   0.0  12.7  78.2   0.0   15 1601047  55800 276.50   12.23  12.05  12.75  11.86  70.77  68.15  68.05  69.53
22:13:16   9.3   0.0  12.3  78.4   0.0   17 1597996  56348 276.02   12.18  12.04  12.65  11.81  70.76  68.15  67.89  69.21
22:13:17   8.7   0.0  12.7  78.6   0.0   15 1600934  56292 275.89   12.16  12.05  12.74  11.86  70.64  68.23  67.91  69.11
  Time    User  Nice   Sys  Idle    IO  Run Ctxt/s  IRQ/s  Watts    dram   dram   dram   dram  pkg-0  pkg-1  pkg-2  pkg-3
22:13:18   9.0   0.0  12.8  78.2   0.0   20 1569245  58661 276.61   12.21  12.29  12.68  11.82  70.76  68.99  67.71  69.15
22:13:19   9.1   0.0  12.7  78.2   0.0   16 1576451  60499 276.49   12.18  12.60  12.49  11.84  70.72  69.01  67.38  69.38
22:13:20   9.4   0.0  12.7  77.9   0.0   17 1605589  58236 276.59   12.11  12.65  12.49  11.78  70.78  68.67  67.46  69.68
22:13:21   9.0   0.0  12.6  78.5   0.0   10 1632476  57724 276.37   12.15  12.60  12.48  11.83  70.76  68.60  67.45  69.56
22:13:22   8.9   0.0  12.7  78.4   0.0   18 1597426  58927 276.24   12.19  12.52  12.63  11.78  70.68  68.91  67.35  69.30
22:13:23   9.0   0.0  12.7  78.3   0.0   13 1583675  59495 276.75   12.15  12.50  12.69  11.87  70.73  69.40  67.39  69.23
22:13:24   9.1   0.0  12.3  78.6   0.0   36 1605736  79385 277.01   12.21  12.58  12.56  11.82  70.91  69.34  67.36  69.41
22:13:25   8.9   0.0  13.5  77.6   0.0   22 1619878 120412 276.80   12.23  12.18  12.67  11.92  70.79  68.72  67.65  69.64
22:13:26   8.9   0.0  13.1  78.0   0.0   17 1629775 141128 276.22   12.16  12.04  12.71  11.76  70.70  68.71  67.62  69.20
22:13:27   8.7   0.0  12.9  78.4   0.0   18 1631570  57163 275.97   12.18  12.12  12.79  12.01  70.82  68.21  67.61  69.32
22:13:28   8.9   0.0  12.6  78.5   0.0   22 1652669  54367 275.88   12.12  12.00  12.67  11.96  70.89  68.22  67.59  69.17
22:13:29   8.7   0.0  13.1  78.2   0.0   14 1613760  56684 276.65   12.25  12.13  12.80  12.03  71.30  68.79  67.36  69.19
22:13:30   9.2   0.0  12.4  78.3   0.0   21 1622073  60253 275.17   12.17  12.07  12.67  12.13  71.10  69.02  65.63  69.41
22:13:31   8.7   0.0  12.4  78.9   0.0   16 1630599  58381 275.16   12.18  12.10  12.74  12.15  71.14  68.98  65.70  69.35
22:13:32   9.3   0.0  11.7  79.0   0.0   18 1669122  58183 275.17   12.14  12.05  12.67  11.89  71.04  69.54  65.60  68.99
22:13:33   9.1   0.0  11.9  79.0   0.0   19 1678699  59616 275.52   12.14  12.08  12.63  12.02  71.15  69.68  65.64  69.05
-------- ----- ----- ----- ----- ----- ---- ------ ------ ------  ------ ------ ------ ------ ------ ------ ------ ------
 Average   9.0   0.0  13.0  77.9   0.0 19.6 1604607.6 63067.6 275.89   12.17  12.37  12.52  11.94  70.95  69.06  66.28  69.60
  StdDev   0.2   0.0   1.0   0.9   0.0  5.5 54124.6 22277.8   0.62    0.04   0.30   0.24   0.11   0.25   0.79   1.23   0.45
-------- ----- ----- ----- ----- ----- ---- ------ ------ ------  ------ ------ ------ ------ ------ ------ ------ ------
 Minimum   8.2   0.0  11.7  74.2   0.0 10.0 1449054.0 50183.0 274.71   12.06  11.99  11.90  11.75  70.13  67.38  63.85  68.99
 Maximum   9.4   0.0  16.8  79.0   0.0 36.0 1724605.0 159340.0 277.01   12.30  13.17  12.80  12.21  71.38  71.00  68.35  70.56
-------- ----- ----- ----- ----- ----- ---- ------ ------ ------  ------ ------ ------ ------ ------ ------ ------ ------
Summary:
CPU: 275.89 Watts on average with standard deviation 0.62  
Note: power read from RAPL domains: dram, dram, dram, dram, package-0, package-1, package-2, package-3.
These readings do not cover all the hardware in this device.

Histogram (of 60 power measurements)

  Range (Watts)   Count
274.710 - 274.939     4 #################
274.940 - 275.169     7 ###############################
275.170 - 275.399     7 ###############################
275.400 - 275.629     4 #################
275.630 - 275.860     4 #################
275.861 - 276.090     9 ########################################
276.091 - 276.320     6 ##########################
276.321 - 276.550     9 ########################################
276.551 - 276.781     7 ###############################
276.782 - 277.011     3 #############

Histogram (of 60 CPU utilization measurements)

 Range (%CPU)   Count
20.969 - 21.448     9 #############
21.449 - 21.928    27 ########################################
21.929 - 22.408    10 ##############
22.409 - 22.888     5 #######
22.889 - 23.368     4 #####
23.369 - 23.849     1 #
23.850 - 24.329     2 ##
24.330 - 24.809     1 #
24.810 - 25.289     0 
25.290 - 25.769     1 #

