fnl@fnl-one:~$ powerstat -RDH
Running for 60.0 seconds (60 samples at 1.0 second intervals).
Power measurements will start in 0 seconds time.

  Time    User  Nice   Sys  Idle    IO  Run Ctxt/s  IRQ/s  Watts    dram   dram   dram   dram  pkg-0  pkg-1  pkg-2  pkg-3
22:09:38   2.2   0.0   2.1  95.7   0.0    4 522950  94455 261.64   12.10  11.72  11.98  11.68  69.38  66.16  62.30  63.78
22:09:39   2.0   0.0   3.0  95.0   0.0    7 491127  89392 260.73   12.09  11.94  11.96  11.68  70.10  64.63  62.15  63.86
22:09:40   1.9   0.0   2.6  95.5   0.0   18 505699  91463 260.79   12.07  11.88  11.83  11.73  69.94  64.88  62.15  63.82
22:09:41   1.5   0.0   2.6  95.9   0.0    6 500401  90940 260.34   12.02  11.96  11.88  11.48  69.79  64.60  62.19  63.77
22:09:42   2.1   0.0   2.7  95.2   0.0    5 509031  92157 260.67   12.00  11.86  11.80  11.52  69.89  64.68  62.21  63.89
22:09:43   1.9   0.0   2.5  95.6   0.0    4 515535  93071 260.51   12.05  11.90  11.82  11.49  69.68  64.53  62.56  63.75
22:09:44   1.9   0.0   2.5  95.5   0.0    3 514236  92945 261.45   12.08  11.93  11.82  11.75  69.95  64.39  63.32  63.80
22:09:45   1.6   0.0   2.3  96.0   0.0    3 511488  91733 261.04   12.11  11.89  11.98  11.54  69.94  64.39  62.90  63.81
22:09:46   1.8   0.0   2.2  96.0   0.0    3 525125  94375 261.92   12.02  11.93  11.97  11.70  70.10  64.32  63.64  63.85
22:09:47   2.3   0.0   2.0  95.7   0.0    3 546714  95686 262.16   12.08  11.96  11.90  11.65  69.79  64.92  63.68  63.76
22:09:48   2.2   0.0   2.6  95.2   0.0    2 502403 103041 262.29   12.07  11.96  11.93  11.90  69.13  65.06  63.73  64.37
22:09:49   2.5   0.0   2.8  94.7   0.0    3 512338 112562 262.52   12.12  11.97  11.93  11.72  70.30  64.70  63.71  63.81
22:09:50   2.1   0.0   3.0  94.9   0.0    3 506803 115261 262.22   12.07  11.94  11.93  11.68  70.46  64.43  63.57  63.77
22:09:51   2.2   0.0   2.7  95.2   0.0    5 517146  99205 262.00   12.09  11.99  11.91  11.76  70.31  64.26  63.50  63.94
22:09:52   2.1   0.0   1.5  96.4   0.0    4 534313  95840 261.76   12.06  11.99  11.93  11.75  70.28  64.34  63.29  63.86
22:09:53   2.1   0.0   1.6  96.4   0.0    3 532584  95379 262.78   12.01  12.01  11.92  11.79  70.43  65.03  63.47  63.85
22:09:54   2.0   0.0   2.6  95.5   0.0    3 505663  91791 262.39   12.04  12.02  11.94  11.64  70.09  65.03  63.30  63.98
22:09:55   2.3   0.0   1.5  96.3   0.0    2 534148  95067 262.81   12.09  11.97  11.89  11.76  70.52  65.32  63.04  63.92
22:09:56   2.4   0.0   1.7  95.8   0.0    2 534773  95369 262.24   12.08  11.92  11.90  11.46  70.70  64.29  63.00  64.24
22:09:57   1.8   0.0   1.5  96.7   0.0    5 533419  95202 262.91   12.08  11.97  11.90  11.62  70.22  65.43  63.07  64.20
22:09:58   2.3   0.0   1.8  96.0   0.0    4 533867  94487 263.36   12.04  12.04  11.94  11.55  70.63  65.53  62.74  64.47
22:09:59   2.0   0.0   1.6  96.5   0.0    3 533575  94544 261.88   12.05  11.91  11.87  11.48  70.28  64.58  62.86  64.15
  Time    User  Nice   Sys  Idle    IO  Run Ctxt/s  IRQ/s  Watts    dram   dram   dram   dram  pkg-0  pkg-1  pkg-2  pkg-3
22:10:00   2.3   0.0   1.5  96.2   0.0    3 535174  94950 261.52   12.08  11.91  11.83  11.47  70.52  64.29  62.60  64.11
22:10:01   2.3   0.0   1.5  96.2   0.0    5 535407  94567 261.49   12.06  11.88  11.97  11.49  70.50  64.31  62.61  64.07
22:10:02   2.3   0.0   1.6  96.1   0.0    8 534813  94523 261.81   12.05  11.98  11.98  11.60  70.61  64.77  62.35  64.09
22:10:03   2.5   0.0   1.6  96.0   0.0    7 534785  94258 262.73   12.04  11.87  11.89  11.50  70.75  65.26  62.65  64.07
22:10:04   2.4   0.0   1.6  96.0   0.0    2 534907  94617 261.16   12.04  11.85  11.91  11.43  70.65  63.89  62.67  63.95
22:10:05   2.1   0.0   1.6  96.3   0.0    2 533744  94421 262.28   12.05  11.89  11.88  11.50  70.40  65.15  62.66  64.07
22:10:06   1.8   0.0   1.6  96.6   0.0    2 533548  94659 262.13   11.95  11.91  11.66  11.41  70.07  65.17  62.81  64.08
22:10:07   2.3   0.0   1.5  96.2   0.0    2 533931  94221 262.97   12.05  11.95  11.85  11.50  70.41  65.40  63.10  64.06
22:10:08   1.8   0.0   1.4  96.8   0.0    8 533969  94693 261.32   12.06  11.98  11.63  11.69  70.27  63.96  62.98  64.11
22:10:09   2.5   0.0   1.6  96.0   0.0    4 534780  94499 262.84   12.11  12.01  11.84  11.85  70.75  64.67  63.32  64.10
22:10:10   2.1   0.0   1.6  96.3   0.0    3 533765  94452 262.38   12.04  12.00  11.90  11.70  70.42  64.58  63.20  64.18
22:10:11   1.7   0.0   1.6  96.7   0.0    6 534083  94467 262.92   12.11  11.96  12.00  11.58  70.11  65.36  63.21  64.23
22:10:12   1.9   0.0   1.5  96.6   0.0    4 534560  94691 262.56   12.02  12.00  11.96  11.72  70.34  64.86  63.24  64.11
22:10:13   1.5   0.0   1.3  97.1   0.0    2 533954  94540 261.55   12.09  11.95  12.01  11.74  70.00  64.45  62.98  64.12
22:10:14   2.1   0.0   1.5  96.4   0.0    5 534958  94790 262.78   12.05  12.04  11.96  11.68  70.39  65.20  63.00  64.19
22:10:15   2.2   0.0   1.6  96.2   0.0    2 534981  94513 263.21   12.13  11.97  11.83  11.58  70.59  65.42  62.80  64.41
22:10:16   2.5   0.0   1.8  95.8   0.0    3 534452  94412 262.07   12.12  12.03  11.97  11.78  70.85  64.13  62.76  64.34
22:10:17   2.2   0.0   3.2  94.7   0.0    5 493995  89363 262.98   12.08  11.98  11.97  11.54  69.85  65.16  63.27  64.70
22:10:18   2.1   0.0   1.5  96.4   0.0    3 534888  95807 263.96   12.05  11.92  11.78  11.50  70.41  65.54  63.41  64.59
22:10:19   1.7   0.0   1.5  96.8   0.0    5 535111  95584 263.25   12.02  11.96  11.88  11.54  70.14  65.21  63.32  64.58
22:10:20   1.4   0.0   1.4  97.2   0.0    2 534958  95759 262.22   12.05  11.95  11.77  11.74  69.97  64.74  63.35  64.16
22:10:21   1.6   0.0   1.6  96.9   0.0    3 535034  95534 262.73   12.12  11.93  11.91  11.66  70.35  64.90  63.03  64.45
  Time    User  Nice   Sys  Idle    IO  Run Ctxt/s  IRQ/s  Watts    dram   dram   dram   dram  pkg-0  pkg-1  pkg-2  pkg-3
22:10:22   1.5   0.0   1.4  97.1   0.0    1 534412  95689 263.28   12.07  11.98  11.99  11.72  69.91  65.43  63.31  64.62
22:10:23   1.9   0.0   1.6  96.6   0.0    4 535024  95536 263.43   12.05  12.05  12.01  11.70  70.21  65.38  63.24  64.60
22:10:24   1.1   0.0   1.5  97.4   0.0    3 534460  95729 262.19   12.06  11.95  11.95  11.81  69.65  65.02  63.27  64.25
22:10:25   2.0   0.0   1.6  96.4   0.0    1 534676  95470 263.47   12.12  11.94  12.01  11.82  70.42  65.35  63.33  64.37
22:10:26   1.6   0.0   1.8  96.6   0.0   20 535043  95715 263.18   12.05  11.86  11.97  11.96  70.23  65.31  63.46  64.19
22:10:27   1.9   0.0   1.5  96.6   0.0    3 534692  95653 262.83   12.11  11.99  11.89  11.70  70.35  64.80  63.31  64.36
22:10:28   2.1   0.0   1.5  96.4   0.0    2 535737  95755 261.74   12.08  11.99  12.01  11.92  70.33  64.12  63.12  64.18
22:10:29   2.4   0.0   1.6  95.9   0.0    2 535688  95644 262.55   12.12  12.01  11.94  11.92  70.77  64.72  63.09  63.97
22:10:30   2.4   0.0   1.5  96.1   0.0    5 535673  95792 262.19   12.07  12.01  12.00  11.91  70.75  64.44  62.82  64.18
22:10:31   1.6   0.0   1.4  97.0   0.0    1 534275  95413 262.41   12.04  12.01  11.96  11.90  70.00  65.21  63.18  64.02
22:10:32   2.0   0.0   1.5  96.6   0.0    4 535502 104479 262.10   12.10  12.02  11.99  11.63  70.34  64.27  63.15  64.34
22:10:33   1.5   0.0   1.5  96.9   0.0    3 534248 112373 261.61   12.06  11.95  11.93  11.61  70.13  64.42  62.86  64.20
22:10:34   1.6   0.0   1.5  96.9   0.0    1 534432 102017 261.61   12.10  11.93  11.97  11.67  70.25  64.37  62.83  64.17
22:10:35   2.0   0.0   1.6  96.4   0.0    2 535257  95528 262.19   12.10  11.99  12.02  11.93  70.34  65.04  62.86  63.95
22:10:36   1.8   0.0   1.5  96.6   0.0    3 535585  95843 261.32   11.97  11.82  11.94  11.89  70.28  64.15  62.67  64.23
22:10:37   1.8   0.0   1.5  96.7   0.0    5 534597  95474 262.13   12.10  11.94  11.93  11.76  70.33  64.86  62.73  64.21
-------- ----- ----- ----- ----- ----- ---- ------ ------ ------  ------ ------ ------ ------ ------ ------ ------ ------
 Average   2.0   0.0   1.8  96.2   0.0  4.0 528373.9 95923.2 262.19   12.07  11.95  11.91  11.67  70.24  64.81  63.02  64.12
  StdDev   0.3   0.0   0.5   0.6   0.0  3.2 12263.1 4715.7   0.79    0.04   0.06   0.08   0.14   0.34   0.47   0.40   0.24
-------- ----- ----- ----- ----- ----- ---- ------ ------ ------  ------ ------ ------ ------ ------ ------ ------ ------
 Minimum   1.1   0.0   1.3  94.7   0.0  1.0 491127.0 89363.0 260.34   11.95  11.72  11.63  11.41  69.13  63.89  62.15  63.75
 Maximum   2.5   0.0   3.2  97.4   0.0 20.0 546714.0 115261.0 263.96   12.13  12.05  12.02  11.96  70.85  66.16  63.73  64.70
-------- ----- ----- ----- ----- ----- ---- ------ ------ ------  ------ ------ ------ ------ ------ ------ ------ ------
Summary:
CPU: 262.19 Watts on average with standard deviation 0.79  
Note: power read from RAPL domains: dram, dram, dram, dram, package-0, package-1, package-2, package-3.
These readings do not cover all the hardware in this device.

Histogram (of 60 power measurements)

  Range (Watts)   Count
260.344 - 260.704     3 ##########
260.705 - 261.066     3 ##########
261.067 - 261.428     3 ##########
261.429 - 261.789     9 ##############################
261.790 - 262.151     8 ##########################
262.152 - 262.512    12 ########################################
262.513 - 262.874    10 #################################
262.875 - 263.236     6 ####################
263.237 - 263.597     5 ################
263.598 - 263.959     1 ###

Histogram (of 60 CPU utilization measurements)

Range (%CPU)  Count
2.647 - 2.915     4 ##############
2.916 - 3.183     5 ##################
3.184 - 3.452    11 ########################################
3.453 - 3.721    10 ####################################
3.722 - 3.989    10 ####################################
3.990 - 4.258     8 #############################
4.259 - 4.527     4 ##############
4.528 - 4.795     2 #######
4.796 - 5.064     3 ##########
5.065 - 5.333     3 ##########

