23 CPUs used
0-21,30,40-61,70
fnl@fnl-one:~$ powerstat -RDH
Running for 60.0 seconds (60 samples at 1.0 second intervals).
Power measurements will start in 0 seconds time.

  Time    User  Nice   Sys  Idle    IO  Run Ctxt/s  IRQ/s  Watts    dram   dram   dram   dram  pkg-0  pkg-1  pkg-2  pkg-3
21:54:40  18.5   0.0  36.5  45.1   0.0   30 1611270 135474 244.29   12.94  12.99  12.01  11.68  73.68  72.27  48.48  49.87
21:54:41  17.5   0.0  35.3  47.1   0.0   30 1413449 107678 242.20   12.81  12.70  11.90  11.86  73.27  70.90  48.23  49.81
21:54:42  17.2   0.0  34.7  48.1   0.0   22 1412945 106346 242.26   12.82  12.73  12.05  11.65  73.18  71.00  48.30  49.78
21:54:43  17.0   0.0  35.4  47.7   0.0   45 1449083 111957 242.67   12.83  12.80  12.00  11.72  73.27  71.01  48.56  49.83
21:54:44  17.5   0.0  35.4  47.2   0.0   24 1415355 111240 242.84   12.80  12.74  11.90  11.65  73.07  71.28  48.65  49.84
21:54:45  16.9   0.0  34.0  49.1   0.0   22 1400181 130267 242.10   12.69  12.74  11.88  11.74  73.06  70.84  48.37  49.84
21:54:46  16.3   0.0  36.4  47.2   0.0   34 1424577 152399 242.22   12.80  12.83  11.80  11.71  73.10  70.92  48.41  49.81
21:54:47  17.4   0.0  34.3  48.4   0.0   15 1351400 126449 241.64   12.72  12.67  11.75  11.58  72.98  70.49  48.36  49.82
21:54:48  31.1   0.0  68.9   0.0   0.0   23 1412668  99691 242.80   12.79  12.76  11.75  11.60  73.19  71.44  48.37  49.80
21:54:49  15.8   0.0  34.2  49.9   0.0   31 1459107 111803 244.15   12.84  12.79  11.73  11.84  73.21  72.69  48.43  49.82
21:54:50  16.7   0.0  33.7  49.6   0.0   30 1457895 109574 244.40   12.74  12.71  11.80  11.81  73.21  73.00  48.34  49.85
21:54:51  16.0   0.0  33.1  50.9   0.0   34 1461841  99797 243.83   12.73  12.67  11.83  11.63  73.14  72.52  48.33  49.84
21:54:52  16.7   0.0  33.2  50.1   0.0   32 1403194 109347 243.66   12.80  12.71  11.87  11.44  73.20  72.38  48.26  49.82
21:54:53   0.2   0.0   0.5  99.2   0.0   26 1372975  98982 269.16   14.05  14.13  13.33  12.61  81.01  79.58  53.36  55.22
21:54:54   0.3   0.0   0.5  99.2   0.0   22 1406460 108162 215.59   11.35  11.39  10.58  10.31  65.11  63.12  42.96  44.40
21:54:55  30.2   0.0  69.8   0.0   0.0   18 1420796 110297 242.89   12.73  12.77  11.99  11.87  73.24  71.50  48.33  49.83
21:54:56  15.7   0.0  32.8  51.5   0.0   28 1441877  99201 243.89   12.86  12.68  11.92  11.69  73.03  72.66  48.35  49.84
21:54:57  16.2   0.0  34.0  49.8   0.0   28 1415517 102544 244.39   12.86  12.68  11.93  11.73  73.10  72.95  48.53  49.81
21:54:58  14.9   0.0  31.6  53.5   0.0   18 1406582 102778 243.53   12.79  12.72  11.93  11.77  72.94  72.35  48.43  49.81
21:54:59   0.3   0.0   0.5  99.2   0.0   24 1426163 101548 265.00   13.99  13.83  12.74  12.50  79.52  78.90  52.42  54.16
21:55:00   0.2   0.0   0.5  99.2   0.0   31 1388098 108024 220.84   11.65  11.59  10.89  10.48  66.75  64.49  44.08  45.51
21:55:01  16.5   0.0  34.8  48.7   0.0   24 1366510  98072 241.49   12.65  12.68  11.88  11.66  72.88  70.54  48.28  49.78
  Time    User  Nice   Sys  Idle    IO  Run Ctxt/s  IRQ/s  Watts    dram   dram   dram   dram  pkg-0  pkg-1  pkg-2  pkg-3
21:55:02  32.9   0.0  67.1   0.0   0.0   21 1421599 105150 242.10   12.76  12.79  11.78  11.59  73.28  70.70  48.29  49.83
21:55:03  16.3   0.0  33.3  50.4   0.0   14 1403151 113687 243.66   12.78  12.77  11.80  11.49  73.24  72.40  48.18  49.83
21:55:04  15.8   0.0  34.1  50.1   0.0   28 1387023 113913 243.52   12.81  12.78  11.93  11.61  73.22  72.21  48.28  49.80
21:55:05  15.7   0.0  33.5  50.8   0.0   23 1366849 106231 243.11   12.77  12.74  11.95  11.53  73.25  71.83  48.20  49.82
21:55:06  16.3   0.0  33.6  50.1   0.0   19 1420014 112806 243.94   12.79  12.71  11.92  11.60  73.38  72.35  48.42  49.79
21:55:07  15.6   0.0  32.9  51.5   0.0   22 1353723 109957 243.25   12.72  12.69  11.88  11.59  73.23  71.87  48.30  49.85
21:55:08   0.2   0.0   0.5  99.2   0.0   19 1331377 102409 260.67   13.70  13.58  12.65  12.40  78.48  77.01  51.75  53.43
21:55:09   0.3   0.0   0.5  99.2   0.0   18 1474103 107235 224.64   11.96  11.80  11.05  10.79  67.95  65.62  44.83  46.24
21:55:10  31.1   0.0  68.9   0.0   0.0   28 1460098 110288 243.60   12.78  12.76  11.75  11.62  73.29  72.17  48.36  49.78
21:55:11  15.8   0.0  33.9  50.2   0.0   19 1399541 101421 243.92   12.82  12.65  11.71  11.36  73.20  72.60  48.29  49.83
21:55:12  15.6   0.0  34.6  49.7   0.0   19 1426693 112450 243.99   12.81  12.68  11.92  11.48  73.32  72.47  48.41  49.79
21:55:13  16.4   0.0  34.1  49.4   0.0   21 1512138 122880 244.51   12.90  12.79  11.94  11.44  73.45  72.76  48.47  49.83
21:55:14  15.6   0.0  33.9  50.5   0.0   44 1435646 110337 282.99   14.78  14.71  13.89  13.42  84.78  84.08  56.30  57.83
21:55:15   0.1   0.0   0.3  99.6   0.0   30 1467667 121033 203.69   10.66  10.64   9.96   9.93  61.67  59.61  40.56  41.84
21:55:16  16.3   0.0  35.7  48.0   0.0   24 1438995 114883 242.37   12.77  12.69  11.90  11.66  73.35  70.73  48.51  49.79
21:55:17  32.9   0.0  67.1   0.0   0.0   27 1472803 118471 243.05   12.82  12.68  11.88  11.79  73.27  71.55  48.39  49.83
21:55:18  16.1   0.0  34.2  49.7   0.0   48 1511606 119619 244.28   12.90  12.74  11.71  11.73  73.37  72.75  48.32  49.84
21:55:19  15.4   0.0  34.0  50.6   0.0   30 1475574 117916 244.17   12.80  12.77  11.88  11.53  73.28  72.84  48.22  49.83
21:55:20  16.7   0.0  34.0  49.3   0.0   25 1512353 125217 244.43   12.76  12.72  11.94  11.36  73.37  72.91  48.36  49.78
21:55:21  15.2   0.0  32.8  52.0   0.0   28 1365249  96328 243.48   12.75  12.65  11.91  11.52  73.11  72.19  48.35  49.83
21:55:22  15.9   0.0  33.5  50.5   0.0   16 1452006 112513 244.34   12.82  12.76  11.85  11.36  73.31  72.78  48.44  49.81
21:55:23  15.9   0.0  33.1  51.0   0.0   22 1392679 103042 244.03   12.82  12.69  11.83  11.45  73.19  72.54  48.44  49.85
  Time    User  Nice   Sys  Idle    IO  Run Ctxt/s  IRQ/s  Watts    dram   dram   dram   dram  pkg-0  pkg-1  pkg-2  pkg-3
21:55:24  15.8   0.0  33.5  50.7   0.0   29 1463428 108818 244.39   12.85  12.61  11.89  11.47  73.33  72.82  48.46  49.79
21:55:25  15.5   0.0  33.4  51.1   0.0   31 1474258 107634 244.50   12.82  12.69  11.91  11.52  73.36  72.72  48.57  49.85
21:55:26  15.9   0.0  33.4  50.7   0.0   22 1437899  98807 244.26   12.87  12.64  11.80  11.38  73.30  72.74  48.41  49.81
21:55:27  15.4   0.0  32.2  52.4   0.0   26 1464268 112624 244.04   12.83  12.68  11.61  11.44  73.20  72.62  48.43  49.79
21:55:28  15.9   0.0  33.3  50.9   0.0   28 1484174 135020 244.68   12.78  12.69  11.85  11.58  73.28  72.96  48.60  49.83
21:55:29  16.9   0.0  33.3  49.9   0.0   26 1516386 162908 245.48   12.88  12.78  11.74  11.51  73.43  73.40  48.82  49.84
21:55:30  16.0   0.0  33.5  50.5   0.0   43 1453027 138136 244.23   12.92  12.67  11.49  11.44  73.30  72.69  48.43  49.81
21:55:31  16.4   0.0  33.9  49.7   0.0   28 1418149 116991 244.94   12.93  12.71  11.68  11.42  73.37  72.77  48.95  49.86
21:55:32  15.8   0.0  34.4  49.8   0.0   27 1459793 127371 245.75   12.89  12.94  11.80  11.45  73.55  72.65  49.76  49.79
21:55:33  15.7   0.0  34.3  50.0   0.0   26 1367238 123331 245.13   12.82  12.77  12.01  11.53  73.17  72.45  49.66  49.85
21:55:34  16.3   0.0  34.5  49.2   0.0   22 1415864 142767 245.66   12.87  12.89  12.03  11.61  73.50  72.80  49.55  49.81
21:55:35   0.2   0.0   0.5  99.2   0.0   17 1332501 125038 302.71   15.90  15.79  14.89  14.42  90.78  88.96  61.25  61.72
21:55:36   0.2   0.0   0.5  99.2   0.0   29 1376428 127382 185.16    9.83   9.77   9.19   8.70  55.84  53.81  37.58  37.93
21:55:37  16.5   0.0  35.4  48.1   0.0   24 1429904 136564 243.35   12.95  12.76  11.82  11.63  73.32  70.74  49.47  49.82
21:55:38  31.8   0.0  68.2   0.0   0.0   21 1445580 140767 244.66   12.99  12.81  11.67  11.55  73.44  71.97  49.41  49.83
21:55:39  15.1   0.0  34.0  50.9   0.0   22 1372397 129202 244.79   12.94  12.78  11.68  11.37  73.25  72.43  49.33  49.79
-------- ----- ----- ----- ----- ----- ---- ------ ------ ------  ------ ------ ------ ------ ------ ------ ------ ------
 Average  15.3   0.0  32.4  52.2   0.0 25.9 1428502.1 115546.3 243.62   12.81  12.73  11.86  11.58  73.24  72.02  48.54  49.82
  StdDev   7.9   0.0  16.9  24.7   0.0  7.0 49886.1 14039.2  14.82    0.77   0.76   0.72   0.70   4.36   4.58   2.96   2.98
-------- ----- ----- ----- ----- ----- ---- ------ ------ ------  ------ ------ ------ ------ ------ ------ ------ ------
 Minimum   0.1   0.0   0.3   0.0   0.0 14.0 1331377.0 96328.0 185.16    9.83   9.77   9.19   8.70  55.84  53.81  37.58  37.93
 Maximum  32.9   0.0  69.8  99.6   0.0 48.0 1611270.0 162908.0 302.71   15.90  15.79  14.89  14.42  90.78  88.96  61.25  61.72
-------- ----- ----- ----- ----- ----- ---- ------ ------ ------  ------ ------ ------ ------ ------ ------ ------ ------
Summary:
CPU: 243.62 Watts on average with standard deviation 14.82 
Note: power read from RAPL domains: dram, dram, dram, dram, package-0, package-1, package-2, package-3.
These readings do not cover all the hardware in this device.

Histogram (of 60 power measurements)

  Range (Watts)   Count
185.156 - 196.910     1 #
196.911 - 208.665     1 #
208.666 - 220.420     1 #
220.421 - 232.175     2 ###
232.176 - 243.930    25 ########################################
243.931 - 255.686    25 ########################################
255.687 - 267.441     2 ###
267.442 - 279.196     1 #
279.197 - 290.951     1 #
290.952 - 302.706     1 #

Histogram (of 60 CPU utilization measurements)

  Range (%CPU)    Count
  0.401 -  10.360     9 #############
 10.361 -  20.320     0 
 20.321 -  30.280     0 
 30.281 -  40.240     0 
 40.241 -  50.200    27 ########################################
 50.201 -  60.159    18 ##########################
 60.160 -  70.119     0 
 70.120 -  80.079     0 
 80.080 -  90.039     0 
 90.040 -  99.999     6 ########

