19 CPUs used
0-16,20,30,40-56,60,70
fnl@fnl-one:~$ powerstat -RDH
Running for 60.0 seconds (60 samples at 1.0 second intervals).
Power measurements will start in 0 seconds time.

  Time    User  Nice   Sys  Idle    IO  Run Ctxt/s  IRQ/s  Watts    dram   dram   dram   dram  pkg-0  pkg-1  pkg-2  pkg-3
21:37:46  18.9   0.0  29.2  51.9   0.0   20 1265812  96257 238.77   13.19  12.07  11.97  11.67  74.98  65.13  48.22  50.45
21:37:47  34.7   0.0  65.3   0.0   0.0   24 1166678  72021 236.22   12.67  12.03  11.94  11.76  73.52  64.80  48.14  49.76
21:37:48   0.1   0.0   0.3  99.6   0.0   24 1410572  90856 237.94   12.91  12.03  11.98  11.76  74.14  65.76  48.21  49.83
21:37:49  17.4   0.0  35.0  47.7   0.0   23 1212415  72097 236.30   12.78  12.04  11.95  11.84  73.73  64.56  48.25  49.76
21:37:50  18.3   0.0  34.0  47.7   0.0   26 1245817  77747 236.81   12.87  12.05  12.00  11.75  73.86  64.97  48.17  49.80
21:37:51   0.1   0.0   0.3  99.6   0.0   21 1153443  81530 235.84   12.82  11.99  11.91  11.79  73.65  64.14  48.21  49.84
21:37:52  17.6   0.0  37.6  44.8   0.0   24 1260226 131746 234.19   12.75  12.02  12.03  11.85  73.46  62.77  48.15  49.82
21:37:53  19.7   0.0  34.3  46.0   0.0   17 1281237  85767 235.41   12.84  12.12  11.91  11.87  74.09  63.48  48.07  49.77
21:37:54  33.9   0.0  66.1   0.0   0.0   25 1200669  77780 235.71   12.91  12.26  11.93  11.83  74.06  63.73  48.07  49.85
21:37:55  18.3   0.0  34.0  47.7   0.0   20 1167585  57832 237.08   13.04  12.31  11.88  11.90  74.06  64.99  48.25  49.79
21:37:56  18.1   0.0  33.8  48.1   0.0   27 1157919  55927 236.42   12.93  12.26  11.97  11.85  73.74  64.67  48.22  49.80
21:37:57  17.4   0.0  33.9  48.8   0.0   20 1075180  47419 236.25   12.83  12.24  11.89  11.80  73.59  64.56  48.29  49.81
21:37:58  16.6   0.0  33.7  49.7   0.0   28 1073595  52296 236.01   12.82  12.19  11.92  11.52  73.58  64.44  48.14  49.85
21:37:59  17.5   0.0  33.8  48.7   0.0   23 1171077  47938 236.45   12.82  12.21  11.94  11.68  73.75  64.78  48.12  49.80
21:38:00  18.8   0.0  33.7  47.4   0.0   29 1294818  60321 237.84   12.99  12.30  11.83  11.78  74.24  65.66  48.12  49.82
21:38:01  33.6   0.0  66.4   0.0   0.0   24 1154294  50802 236.87   12.90  12.14  11.93  11.78  73.68  65.14  48.27  49.77
21:38:02  17.3   0.0  35.0  47.7   0.0   31 1507309  56612 239.09   12.91  12.03  11.94  11.48  73.81  67.26  48.19  49.83
21:38:03  17.5   0.0  35.4  47.1   0.0   24 1378297 115847 239.25   12.98  12.13  12.02  11.53  73.87  67.47  48.09  49.83
21:38:04  17.1   0.0  32.9  50.0   0.0   29 1313357  67542 239.77   13.03  12.10  11.99  11.54  74.03  67.55  48.38  49.81
21:38:05  17.1   0.0  34.2  48.7   0.0   20 1402758  71977 238.98   13.05  12.09  12.01  11.59  73.79  67.22  48.16  49.82
21:38:06   0.3   0.0   0.5  99.2   0.0   29 1182199  63020 255.33   13.98  12.97  12.75  12.50  78.81  71.83  51.43  53.25
21:38:07   0.3   0.0   0.5  99.2   0.0   19 1184992  54305 221.27   11.99  11.39  11.20  11.04  68.72  61.05  44.97  46.53
  Time    User  Nice   Sys  Idle    IO  Run Ctxt/s  IRQ/s  Watts    dram   dram   dram   dram  pkg-0  pkg-1  pkg-2  pkg-3
21:38:08  16.9   0.0  35.4  47.7   0.0   20 1138886  59068 236.61   12.96  12.24  11.89  11.65  73.64  65.23  48.00  49.74
21:38:09  18.0   0.0  34.1  47.8   0.0   21 1524907  59837 237.99   13.13  12.10  11.95  11.78  74.22  65.61  48.08  50.07
21:38:10  19.1   0.0  26.3  54.6   0.0   22 2129071  53210 240.26   13.67  12.07  11.97  11.70  75.43  65.68  48.21  50.93
21:38:11  17.6   0.0  35.7  46.7   0.0   29 1337409  73478 236.70   12.87  12.13  11.97  11.92  73.73  65.01  48.10  49.86
21:38:12  17.5   0.0  35.1  47.3   0.1   22 1239371  62408 237.43   12.96  12.22  12.01  11.79  73.69  65.72  48.18  49.83
21:38:13  17.6   0.0  35.1  47.3   0.0   40 1143639  64091 236.95   12.99  12.18  11.95  11.79  73.51  65.37  48.25  49.82
21:38:14  16.7   0.0  36.3  47.0   0.0   41 1173747  73238 236.90   12.93  12.20  11.95  11.83  73.64  65.18  48.29  49.78
21:38:15   0.3   0.0   0.5  99.2   0.0   25 1214112  99480 251.43   13.75  12.89  12.68  12.55  78.22  69.20  51.16  52.85
21:38:16  34.3   0.0  65.7   0.0   0.0   28 1131112 116139 221.78   12.30  11.61  11.19  11.12  69.58  60.32  45.11  46.78
21:38:17  17.7   0.0  37.0  45.2   0.0   28 1477095  84846 236.54   12.91  12.36  11.97  11.82  73.95  64.68  48.10  49.82
21:38:18  17.2   0.0  37.7  45.1   0.0   26 1574031  65168 236.91   12.94  12.34  12.05  11.84  74.02  64.91  48.16  49.83
21:38:19  16.5   0.0  37.8  45.7   0.0   19 1463227  65501 236.01   12.86  12.27  11.97  11.70  73.77  64.33  48.08  49.82
21:38:20  16.2   0.0  35.8  48.0   0.0   46 1227543  65204 236.15   12.91  12.38  11.98  11.59  73.76  64.39  48.19  49.81
21:38:21  15.9   0.0  33.9  50.2   0.0   28 1066174  60502 236.04   12.88  12.30  11.92  11.73  73.57  64.43  48.25  49.78
21:38:22  16.6   0.0  32.6  50.7   0.0   33 1098038  63476 236.42   12.93  12.32  11.98  11.56  73.77  64.48  48.31  49.85
21:38:23  16.7   0.0  32.9  50.4   0.0   22 1126262  59544 236.39   12.90  12.31  12.02  11.54  73.71  64.62  48.17  49.89
21:38:24  32.1   0.0  67.9   0.0   0.0   19 1092927  57739 237.71   13.03  12.34  11.92  11.64  73.74  65.88  48.30  49.79
21:38:25  16.0   0.0  31.6  52.4   0.0   26 1193138  59600 238.10   13.08  12.37  11.87  11.40  73.80  66.46  48.10  49.74
21:38:26  16.0   0.0  33.5  50.5   0.0   18 1296275  63592 238.75   13.15  12.48  11.98  11.63  74.14  66.66  48.12  49.83
21:38:27  15.6   0.0  32.3  52.1   0.0   24 1132429  60208 237.78   13.05  12.49  12.01  11.69  73.59  66.22  48.17  49.79
21:38:28  16.7   0.0  32.1  51.3   0.0   23 1323233  66156 240.06   13.20  12.49  12.00  11.69  74.30  67.13  48.74  49.89
21:38:29  16.4   0.0  32.4  51.2   0.0   18 1218815  62795 238.50   13.09  12.32  12.00  11.77  73.95  66.46  48.34  49.74
  Time    User  Nice   Sys  Idle    IO  Run Ctxt/s  IRQ/s  Watts    dram   dram   dram   dram  pkg-0  pkg-1  pkg-2  pkg-3
21:38:30  16.7   0.0  34.0  49.3   0.0   22 1206370  60591 284.79   15.71  14.74  14.33  13.87  88.52  79.31  57.62  59.34
21:38:31  32.8   0.0  67.2   0.0   0.0   23 1149182  66781 193.42   10.63  10.20   9.69   9.50  60.26  53.44  39.19  40.53
21:38:32  15.7   0.0  31.8  52.4   0.1   15 1037421  56311 237.93   12.92  12.40  11.96  11.82  73.62  66.37  48.10  49.84
21:38:33  15.7   0.0  31.3  53.0   0.0   20 1073501  61238 238.01   12.98  12.26  11.90  11.81  73.72  66.34  48.13  49.82
21:38:34  16.6   0.0  31.7  51.7   0.0   24 1174177  64441 239.01   13.02  12.42  11.88  11.70  74.17  66.75  48.30  49.79
21:38:35  18.3   0.0  30.2  51.5   0.0   27 1294432  66787 239.51   13.16  12.49  11.90  11.59  74.34  67.16  48.26  49.75
21:38:36  17.8   0.0  31.6  50.5   0.0   26 1254682  63177 274.06   15.37  13.98  13.66  13.24  85.39  76.37  55.50  56.80
21:38:37   0.1   0.0   0.3  99.6   0.0   19 1025284  68176 204.98   11.29  10.72  10.32  10.19  63.90  56.39  41.63  43.07
21:38:38  15.5   0.0  33.6  51.0   0.0   15 976277  57916 236.05   12.74  12.34  12.00  11.60  73.53  64.28  48.37  49.87
21:38:39  31.5   0.0  68.5   0.0   0.0   29 1014050  56519 237.60   13.02  12.40  11.93  11.70  73.82  65.69  48.30  49.79
21:38:40  15.9   0.0  32.9  51.2   0.0   13 1021297  60703 238.44   12.99  12.31  11.96  11.74  73.73  66.45  48.47  49.79
21:38:41  15.3   0.0  30.6  54.0   0.0   21 959892  56717 237.26   12.78  12.23  12.00  11.81  73.45  65.76  48.25  49.80
21:38:42   0.2   0.0   0.5  99.2   0.0   23 1012493  58963 301.83   16.50  15.81  15.28  14.92  93.89  82.99  61.56  63.39
21:38:43   0.2   0.0   0.5  99.2   0.0   19 960722  58487 171.46    9.34   8.95   8.68   8.64  53.53  46.57  35.19  36.18
21:38:44  15.8   0.0  34.4  49.8   0.0   18 951416  53529 236.32   12.84  12.33  11.85  11.84  73.76  64.37  48.37  49.82
21:38:45  16.5   0.0  34.2  49.3   0.0   18 1029222  60263 236.95   12.93  12.33  11.88  11.73  74.11  64.78  48.17  49.89
-------- ----- ----- ----- ----- ----- ---- ------ ------ ------  ------ ------ ------ ------ ------ ------ ------ ------
 Average  16.7   0.0  33.1  50.2   0.0 23.9 1212035.1 67558.6 237.45   12.98  12.25  11.96  11.73  73.91  65.45  48.23  49.86
  StdDev   8.3   0.0  16.7  24.9   0.0  6.0 186707.6 16365.0  16.42    0.93   0.84   0.82   0.78   5.07   4.76   3.30   3.38
-------- ----- ----- ----- ----- ----- ---- ------ ------ ------  ------ ------ ------ ------ ------ ------ ------ ------
 Minimum   0.1   0.0   0.3   0.0   0.0 13.0 951416.0 47419.0 171.46    9.34   8.95   8.68   8.64  53.53  46.57  35.19  36.18
 Maximum  34.7   0.0  68.5  99.6   0.1 46.0 2129071.0 131746.0 301.83   16.50  15.81  15.28  14.92  93.89  82.99  61.56  63.39
-------- ----- ----- ----- ----- ----- ---- ------ ------ ------  ------ ------ ------ ------ ------ ------ ------ ------
Summary:
CPU: 237.45 Watts on average with standard deviation 16.42 
Note: power read from RAPL domains: dram, dram, dram, dram, package-0, package-1, package-2, package-3.
These readings do not cover all the hardware in this device.

Histogram (of 60 power measurements)

  Range (Watts)   Count
171.464 - 184.500     1 #
184.501 - 197.538     1 #
197.539 - 210.575     1 #
210.576 - 223.612     2 ##
223.613 - 236.649    19 ########################
236.650 - 249.686    31 ########################################
249.687 - 262.723     2 ##
262.724 - 275.760     1 #
275.761 - 288.797     1 #
288.798 - 301.834     1 #

Histogram (of 60 CPU utilization measurements)

  Range (%CPU)    Count
  0.399 -  10.358     8 ############
 10.359 -  20.318     0 
 20.319 -  30.278     0 
 30.279 -  40.238     0 
 40.239 -  50.198    19 #############################
 50.199 -  60.158    26 ########################################
 60.159 -  70.119     0 
 70.120 -  80.079     0 
 80.080 -  90.039     0 
 90.040 -  99.999     7 ##########

