fnl@fnl-one:~$ powerstat -RDH
Running for 60.0 seconds (60 samples at 1.0 second intervals).
Power measurements will start in 0 seconds time.

  Time    User  Nice   Sys  Idle    IO  Run Ctxt/s  IRQ/s  Watts    dram   dram   dram   dram  pkg-0  pkg-1  pkg-2  pkg-3
22:18:02   9.0   0.0  13.0  78.0   0.0   19 1702729  49412 276.79   12.21  12.34  12.70  12.05  70.93  67.49  69.16  69.21
22:18:03   7.7   0.0  13.5  78.8   0.0   21 1779942  43529 275.16   12.26  12.10  12.49  12.08  70.25  68.30  68.31  68.31
22:18:04   8.0   0.0  14.6  77.4   0.0   20 2001016  42728 275.73   12.21  12.10  12.59  12.04  69.91  68.90  68.42  68.49
22:18:05   9.2   0.0  14.8  76.0   0.0   21 2537308  47634 278.77   12.22  12.19  12.63  11.95  70.88  70.19  67.73  69.96
22:18:06   9.4   0.0  14.6  75.9   0.0   20 2594252  52236 279.03   12.18  12.09  12.55  12.07  71.22  70.04  67.33  70.44
22:18:07   9.5   0.0  13.9  76.5   0.0   21 2413133  49815 278.14   12.15  12.11  12.40  12.03  71.12  69.49  67.40  70.13
22:18:08   8.9   0.0  15.8  75.3   0.0   20 2847299  44751 278.43   12.10  12.10  12.01  12.05  70.92  69.23  68.64  69.64
22:18:09   9.0   0.0  15.2  75.8   0.0   35 3051306  50642 279.26   12.18  12.09  11.93  12.00  71.15  69.23  69.06  69.82
22:18:10   9.5   0.0  15.2  75.4   0.0   29 3079702  48145 279.34   12.14  12.16  12.01  12.01  71.14  69.31  69.08  69.81
22:18:11   9.1   0.0  15.0  75.7   0.1   17 3100095  45101 279.48   12.12  12.15  12.11  11.97  71.21  69.41  69.06  69.80
22:18:12   9.0   0.0  14.6  76.4   0.0   17 2362289  37924 276.75   12.17  12.07  12.08  11.97  70.89  68.53  68.38  68.95
22:18:13   9.2   0.0  13.1  77.8   0.0   15 1981982  51908 277.35   12.16  12.37  12.42  11.98  71.15  68.98  67.38  69.84
22:18:14   8.3   0.0  15.3  76.4   0.0   15 1460447  38344 274.99   12.18  12.62  12.45  12.01  70.65  68.35  67.40  68.59
22:18:15   8.7   0.0  14.8  76.6   0.0   20 1779749  41361 276.49   12.20  12.87  12.59  12.02  70.78  68.67  67.76  69.29
22:18:16   9.6   0.0  16.0  74.3   0.0   21 2413840  47589 278.29   12.24  12.87  12.66  12.12  70.79  70.02  66.89  70.60
22:18:17   8.0   0.0  15.9  76.1   0.0   15 1736849  45482 274.20   12.31  12.59  12.50  12.19  69.79  68.74  66.60  69.07
22:18:18   8.3   0.0  14.6  77.1   0.0   24 1902317  47634 276.28   12.20  12.72  12.57  12.29  70.47  69.09  66.88  69.84
22:18:19   9.3   0.0  14.8  75.8   0.0   17 1882128  54138 277.88   12.13  13.16  12.61  12.56  70.86  68.58  67.63  70.80
22:18:20   9.3   0.0  13.3  77.4   0.0   19 1437535  49440 276.89   12.16  12.83  12.59  12.60  70.73  68.07  68.21  69.86
22:18:21   9.2   0.0  13.4  77.4   0.1   27 1519518  46252 277.20   12.10  12.44  12.72  12.07  70.89  67.84  69.14  69.33
22:18:22   9.3   0.0  13.7  77.0   0.0   18 1462498  45818 277.32   12.12  12.39  12.68  12.26  70.81  67.49  69.29  69.73
22:18:23   9.3   0.0  13.5  77.2   0.0   25 1543696  43940 277.33   12.15  12.08  12.69  12.37  70.80  67.73  68.95  69.85
  Time    User  Nice   Sys  Idle    IO  Run Ctxt/s  IRQ/s  Watts    dram   dram   dram   dram  pkg-0  pkg-1  pkg-2  pkg-3
22:18:24   8.7   0.0  13.5  77.8   0.0   14 1573789  77489 275.81   12.25  12.06  12.69  12.12  69.57  67.84  68.89  69.52
22:18:25   9.1   0.0  13.5  77.4   0.0   21 1889765 113620 277.50   12.17  12.20  12.76  12.04  70.85  68.25  68.77  69.62
22:18:26   9.1   0.0  13.0  77.9   0.0   19 1689752 151018 276.64   12.16  12.38  12.69  12.02  70.93  67.80  68.57  69.34
22:18:27   9.3   0.0  13.3  77.4   0.0   23 1656378 100978 277.09   12.15  12.23  12.70  12.06  70.73  67.93  68.62  69.81
22:18:28   8.4   0.0  16.1  75.5   0.0   19 2552071  45637 278.43   12.19  12.95  12.62  12.07  71.41  70.06  68.66  68.30
22:18:29   9.5   0.0  16.1  74.4   0.0   26 3303582  43865 280.81   12.24  12.93  12.60  12.07  71.55  70.74  68.85  69.66
22:18:30   9.3   0.0  15.1  75.6   0.0   13 2906312  44654 279.89   12.21  12.95  12.35  12.11  71.34  70.66  68.37  69.52
22:18:31   9.2   0.0  13.7  77.1   0.0   18 2499544  43100 278.05   12.13  12.68  12.07  12.03  71.21  70.55  67.75  68.54
22:18:32   9.2   0.0  13.0  77.8   0.0   17 2280820  42069 277.41   12.12  12.28  12.16  11.97  71.19  69.80  67.93  68.49
22:18:33   8.3   0.0  13.8  78.0   0.0   23 1922066  38613 274.93   12.21  12.06  12.48  11.96  70.46  68.89  67.31  68.27
22:18:34   9.2   0.0  13.1  77.7   0.0   18 2445317  45076 277.68   12.23  11.99  12.64  12.06  71.30  69.71  67.46  69.21
22:18:35   9.2   0.0  13.0  77.7   0.0   33 2434169  42789 277.09   12.10  11.98  12.66  12.03  71.17  69.38  67.36  69.17
22:18:36   9.1   0.0  13.1  77.7   0.0   21 2431587  41352 277.12   12.14  12.01  12.65  12.02  71.20  69.25  67.50  69.17
22:18:37   9.4   0.0  13.4  77.2   0.0   21 2444788  42112 277.77   12.13  12.03  12.67  11.97  71.21  69.99  67.43  69.14
22:18:38   9.1   0.0  13.7  77.2   0.0   19 2440520  42266 277.63   12.16  12.04  12.62  11.97  71.05  69.90  67.44  69.24
22:18:39   8.8   0.0  13.7  77.5   0.0   21 2458345  41181 277.95   12.15  12.06  12.52  12.07  71.23  70.02  67.47  69.23
22:18:40   8.9   0.0  13.5  77.6   0.0   19 2452567  41344 278.22   12.13  12.03  12.71  12.07  71.24  70.28  67.48  69.21
22:18:41   9.3   0.0  13.3  77.4   0.0   17 2419785  42676 277.68   12.16  12.00  12.50  12.04  71.12  70.01  67.45  69.10
22:18:42   8.9   0.0  12.9  78.1   0.0   16 2152040  41232 277.00   12.18  12.03  12.52  12.02  71.21  68.48  68.22  69.08
22:18:43   9.7   0.0  14.2  76.1   0.0   16 2295430  45494 278.04   12.18  11.92  12.50  11.98  71.24  68.81  67.86  70.13
22:18:44   8.7   0.0  14.1  77.1   0.0   17 2449459  46230 278.62   12.15  12.28  12.58  12.06  71.22  69.13  67.73  70.54
22:18:45   9.3   0.0  13.7  77.0   0.0   15 2424077  43649 278.55   12.15  12.28  12.65  12.01  71.21  69.07  68.07  70.20
  Time    User  Nice   Sys  Idle    IO  Run Ctxt/s  IRQ/s  Watts    dram   dram   dram   dram  pkg-0  pkg-1  pkg-2  pkg-3
22:18:46   9.0   0.0  16.4  74.6   0.0   40 2557158  58330 277.28   12.21  12.30  12.62  12.04  71.08  68.86  67.54  69.81
22:18:47   9.5   0.0  14.9  75.6   0.0   24 3208670  47684 278.28   12.07  12.39  12.41  12.04  71.26  69.36  68.02  69.64
22:18:48   9.4   0.0  14.9  75.7   0.0   15 3204397  41540 278.93   12.12  12.17  12.51  12.00  71.17  69.24  69.03  69.49
22:18:49   9.5   0.0  14.8  75.7   0.0   22 3248466  41341 279.68   12.16  12.08  11.95  12.06  71.21  69.96  69.05  69.46
22:18:50   9.3   0.0  14.7  76.0   0.0   21 3261945  38578 279.65   12.07  12.09  11.98  11.97  71.25  70.40  69.05  68.94
22:18:51   9.3   0.0  14.9  75.8   0.0   19 3182362  35355 279.46   12.09  12.05  11.99  12.03  71.27  70.84  69.07  68.28
22:18:52   9.3   0.0  14.8  75.9   0.0   17 3182165  35892 279.63   12.17  12.16  12.00  12.01  71.28  70.81  69.01  68.52
22:18:53   9.0   0.0  15.0  76.0   0.0   20 3196714  34170 279.69   12.10  12.17  12.26  11.98  71.32  70.99  69.32  68.06
22:18:54   8.9   0.0  14.8  76.3   0.0   19 3094999  33465 278.78   12.15  12.03  12.36  11.90  71.22  70.69  69.65  67.22
22:18:55   9.1   0.0  14.3  76.6   0.0   22 2567251  33702 278.06   12.13  12.00  12.39  12.02  71.23  69.59  69.76  67.48
22:18:56   9.0   0.0  14.4  76.6   0.0   26 3210404  31940 279.50   12.20  11.99  11.98  11.92  71.28  71.14  69.07  68.01
22:18:57   9.2   0.0  15.3  75.5   0.0   25 3163716  33143 279.36   12.11  12.08  12.00  11.98  71.28  70.38  69.10  68.60
22:18:58   8.6   0.0  14.6  76.7   0.0   19 3057057  36427 278.08   12.13  12.07  12.21  11.92  71.43  69.61  69.35  67.68
22:18:59   9.1   0.0  15.5  75.5   0.0   25 3634962  33181 279.97   12.13  11.97  12.10  12.00  71.27  69.67  69.19  69.85
22:19:00   9.4   0.0  16.2  74.4   0.0   24 3765879  39695 280.74   12.15  12.01  12.06  12.02  71.20  70.15  69.11  70.28
22:19:01   9.1   0.0  15.4  75.5   0.0   16 3372274  40591 279.12   12.13  12.04  12.14  11.99  71.23  69.42  69.14  69.34
-------- ----- ----- ----- ----- ----- ---- ------ ------ ------  ------ ------ ------ ------ ------ ------ ------ ------
 Average   9.0   0.0  14.4  76.6   0.0 20.6 2477003.5 47588.3 277.95   12.16  12.26  12.42  12.06  71.02  69.36  68.31  69.28
  StdDev   0.4   0.0   1.0   1.0   0.0  5.0 614073.5 19008.7   1.42    0.05   0.30   0.26   0.13   0.38   0.94   0.80   0.77
-------- ----- ----- ----- ----- ----- ---- ------ ------ ------  ------ ------ ------ ------ ------ ------ ------ ------
 Minimum   7.7   0.0  12.9  74.3   0.0 13.0 1437535.0 31940.0 274.20   12.07  11.92  11.93  11.90  69.57  67.49  66.60  67.22
 Maximum   9.7   0.0  16.4  78.8   0.1 40.0 3765879.0 151018.0 280.81   12.31  13.16  12.76  12.60  71.55  71.14  69.76  70.80
-------- ----- ----- ----- ----- ----- ---- ------ ------ ------  ------ ------ ------ ------ ------ ------ ------ ------
Summary:
CPU: 277.95 Watts on average with standard deviation 1.42  
Note: power read from RAPL domains: dram, dram, dram, dram, package-0, package-1, package-2, package-3.
These readings do not cover all the hardware in this device.

Histogram (of 60 power measurements)

  Range (Watts)   Count
274.200 - 274.859     1 ###
274.860 - 275.520     3 ##########
275.521 - 276.180     2 ######
276.181 - 276.841     5 ################
276.842 - 277.502    12 ########################################
277.503 - 278.162    11 ####################################
278.163 - 278.823     9 ##############################
278.824 - 279.484     8 ##########################
279.485 - 280.144     7 #######################
280.145 - 280.805     2 ######

Histogram (of 60 CPU utilization measurements)

 Range (%CPU)   Count
21.207 - 21.650     1 ##
21.651 - 22.095     4 ###########
22.096 - 22.539     8 ######################
22.540 - 22.984    14 ########################################
22.985 - 23.428     3 ########
23.429 - 23.873     5 ##############
23.874 - 24.317    13 #####################################
24.318 - 24.761     8 ######################
24.762 - 25.206     0 
25.207 - 25.650     4 ###########
