fnl@fnl-one:~$ powerstat -RDH
Running for 60.0 seconds (60 samples at 1.0 second intervals).
Power measurements will start in 0 seconds time.

  Time    User  Nice   Sys  Idle    IO  Run Ctxt/s  IRQ/s  Watts    dram   dram   dram   dram  pkg-0  pkg-1  pkg-2  pkg-3
22:07:10   5.9   0.0   8.0  86.1   0.0    6 1125951  92528 268.90   12.09  12.02  11.98  11.89  70.46  66.41  64.62  67.41
22:07:11   5.9   0.0   9.3  84.8   0.0   21 1092269  94152 268.76   12.03  11.97  11.90  11.98  70.48  66.08  64.77  67.43
22:07:12   5.9   0.0   9.9  84.2   0.0    8 1069641  94011 268.84   12.07  12.00  11.87  12.07  70.42  66.10  64.96  67.37
22:07:13   5.8   0.0   6.7  87.5   0.0   16 1218886  98999 268.90   12.15  12.05  11.90  11.66  71.04  66.13  64.37  67.37
22:07:14   6.0   0.0   6.9  87.1   0.0    9 1207940  97446 268.92   12.06  12.02  11.81  11.80  70.95  66.31  64.33  67.33
22:07:15   5.7   0.0   6.9  87.4   0.0   10 1226987  98882 269.03   12.15  11.98  11.90  11.91  70.99  66.20  64.43  67.41
22:07:16   5.6   0.0   7.1  87.2   0.0   15 1218554  98911 269.01   12.11  11.99  11.95  11.82  70.98  66.34  64.38  67.31
22:07:17   5.9   0.0   7.0  87.1   0.0   24 1228718  98406 269.21   12.13  12.02  11.96  11.75  71.06  66.37  64.46  67.32
22:07:18   5.9   0.0   6.5  87.6   0.0    8 1264474  98517 269.69   12.13  12.04  11.80  11.46  70.99  66.95  64.59  67.16
22:07:19   5.7   0.0   6.5  87.8   0.0   13 1294227  99353 269.61   12.11  12.04  11.70  11.57  71.02  66.74  64.69  67.15
22:07:20   6.0   0.0   8.9  85.1   0.0   14 1238507  96424 269.30   12.17  11.98  11.84  11.65  70.34  67.01  64.82  67.14
22:07:21   5.7   0.0   7.7  86.6   0.0   13 1307353 100494 269.90   12.13  11.98  11.96  11.52  70.90  67.22  64.64  67.15
22:07:22   5.9   0.0   7.5  86.6   0.0   14 1254124  97771 269.56   12.20  12.02  12.02  11.62  70.60  67.45  64.37  67.14
22:07:23   5.6   0.0   7.6  86.7   0.0   17 1193883  94592 269.33   12.17  11.93  11.99  11.77  70.22  67.42  64.60  67.08
22:07:24   5.5   0.0   9.3  85.2   0.0   11 1013306  85726 268.22   12.18  11.97  11.88  11.78  69.17  67.12  64.82  67.11
22:07:25   6.0   0.0   7.2  86.8   0.0   12 1192359  98213 269.37   12.08  12.00  11.99  11.85  70.84  65.71  65.53  67.29
22:07:26   5.9   0.0   7.8  86.2   0.0   14 1153539  96045 269.54   12.16  11.96  11.94  11.76  70.35  66.28  65.56  67.35
22:07:27   5.7   0.0   6.6  87.7   0.0    6 1197728  98577 269.51   12.12  11.93  12.01  11.79  71.00  65.58  65.59  67.33
22:07:28   5.9   0.0   6.9  87.2   0.0   10 1251415  99267 269.44   12.19  12.01  11.74  11.64  71.09  65.52  65.56  67.27
22:07:29   5.5   0.0   7.9  86.7   0.0   14 1157762  93565 269.44   12.17  12.00  11.84  11.60  70.14  66.75  65.27  67.29
22:07:30   5.9   0.0   9.4  84.7   0.0    9 1149225  94448 269.22   12.18  12.04  11.94  11.66  69.97  66.87  65.07  67.31
22:07:31   6.0   0.0   7.4  86.7   0.0   10 1209943  98879 269.70   12.10  12.01  11.89  11.74  70.54  66.71  65.13  67.31
  Time    User  Nice   Sys  Idle    IO  Run Ctxt/s  IRQ/s  Watts    dram   dram   dram   dram  pkg-0  pkg-1  pkg-2  pkg-3
22:07:32   5.9   0.0   8.2  86.0   0.0   10 1113974  92597 269.69   12.09  11.95  11.94  11.71  70.03  67.16  65.22  67.28
22:07:33   5.6   0.0   8.2  86.2   0.0   16 1134246  97455 269.48   12.16  12.00  12.04  11.48  70.82  66.51  64.93  67.22
22:07:34   5.8   0.0   7.0  87.2   0.0   22 1207449  97765 270.09   12.12  12.02  11.94  11.46  71.03  66.86  64.94  67.26
22:07:35   5.9   0.0   6.5  87.6   0.0   11 1285200 100074 269.97   12.11  11.97  11.92  11.77  71.05  66.96  64.76  67.20
22:07:36   5.9   0.0   7.3  86.8   0.0   15 1268302  98686 269.75   12.14  11.98  11.83  11.68  71.00  67.18  64.34  67.24
22:07:37   5.9   0.0   7.0  87.0   0.0   10 1370847  99948 269.68   12.18  11.93  11.80  11.64  70.92  67.23  64.46  67.08
22:07:38   5.7   0.0   7.0  87.3   0.0   12 1320737 107065 269.84   12.17  11.99  11.95  11.51  70.97  67.29  64.49  67.09
22:07:39   5.8   0.0   6.4  87.9   0.0    4 1300443 112262 269.88   12.17  11.89  11.92  11.56  71.07  67.19  64.53  67.09
22:07:40   5.9   0.0   6.5  87.6   0.0   14 1305388 160423 269.60   12.11  11.89  11.72  11.49  70.88  67.09  64.46  67.16
22:07:41   5.9   0.0   7.2  86.9   0.0   12 1294709 171109 270.09   12.15  11.95  11.65  11.51  71.04  67.28  64.58  67.19
22:07:42   5.8   0.0   6.8  87.4   0.0   27 1316596 111669 270.03   12.04  11.92  11.89  11.53  71.03  67.30  64.55  67.15
22:07:43   5.6   0.0  11.7  82.7   0.0   16 1041074  86958 268.30   12.11  11.98  11.75  11.63  69.29  67.32  64.65  67.03
22:07:44   6.0   0.0  11.4  82.6   0.0   18 1150093  91645 269.39   12.13  11.94  11.85  11.63  69.99  67.28  65.04  67.08
22:07:45   6.2   0.0   6.7  87.1   0.0    7 1299211  98880 269.84   12.17  11.97  11.82  11.65  71.12  67.21  64.46  67.06
22:07:46   5.8   0.0   7.3  86.9   0.0    9 1282509  98141 270.08   12.17  11.89  11.80  11.62  70.96  67.28  64.70  67.15
22:07:47   5.8   0.0   6.9  87.4   0.0   21 1297265  98924 270.28   12.09  11.86  11.91  11.57  71.05  67.33  64.70  67.20
22:07:48   5.7   0.0   9.0  85.3   0.0   14 1179973  94584 269.04   12.08  11.89  11.99  11.58  70.51  67.19  64.42  66.92
22:07:49   5.9   0.0   7.5  86.5   0.0   12 1274183  99143 270.35   12.16  11.99  11.97  11.42  70.70  67.52  64.96  67.17
22:07:50   5.6   0.0  11.2  83.2   0.0   17 1049105  86869 268.26   12.10  11.92  11.93  11.54  69.56  67.37  64.57  66.76
22:07:51   5.8   0.0   9.6  84.6   0.0   14 1145932  91809 269.60   12.09  11.89  11.97  11.54  70.32  67.26  65.11  66.91
22:07:52   5.8   0.0   6.6  87.6   0.0   14 1288589  99167 270.36   12.13  11.96  11.91  11.41  70.95  67.24  65.12  67.05
22:07:53   5.4   0.0   6.1  88.5   0.0   15 1292136  99472 270.39   12.07  11.92  11.86  11.56  70.94  67.18  65.11  67.16
  Time    User  Nice   Sys  Idle    IO  Run Ctxt/s  IRQ/s  Watts    dram   dram   dram   dram  pkg-0  pkg-1  pkg-2  pkg-3
22:07:54   5.9   0.0   7.4  86.7   0.0   17 1268176  96860 270.33   12.17  11.86  11.81  11.46  70.88  67.27  65.13  67.04
22:07:55   5.8   0.0   6.8  87.3   0.0   13 1313389 100008 269.99   12.18  11.91  11.95  11.41  70.99  67.28  64.64  67.09
22:07:56   5.9   0.0   7.2  86.9   0.0    8 1308904 100532 269.92   12.10  11.87  12.00  11.44  71.07  67.30  64.47  67.07
22:07:57   5.7   0.0   6.9  87.4   0.0   12 1284424  98668 269.76   12.14  11.85  11.85  11.35  70.94  67.22  64.49  67.11
22:07:58   6.1   0.0   7.0  86.9   0.0    8 1285147  99032 269.96   12.10  11.97  11.92  11.34  71.03  67.27  64.51  67.16
22:07:59   6.0   0.0   6.9  87.1   0.0   10 1295337 100082 269.90   12.21  11.99  11.88  11.41  70.96  67.25  64.69  67.01
22:08:00   6.0   0.0   6.5  87.5   0.0   14 1321288 102270 269.93   12.15  11.86  11.80  11.50  71.02  67.28  64.57  67.07
22:08:01   5.9   0.0   6.5  87.6   0.0   10 1298378 100039 269.76   12.06  11.86  11.74  11.39  70.99  67.19  64.47  67.12
22:08:02   6.0   0.0   6.7  87.3   0.0    8 1262824  97583 269.56   12.17  11.96  11.62  11.41  70.94  67.24  64.45  66.94
22:08:03   5.9   0.0   6.9  87.2   0.0   12 1300725 100746 269.90   12.12  11.88  11.83  11.37  70.93  67.25  64.69  67.03
22:08:04   5.6   0.0   8.4  86.0   0.0   11 1226309  95455 269.19   12.14  11.81  11.85  11.46  70.61  67.37  64.36  66.85
22:08:05   6.0   0.0   6.9  87.2   0.0    7 1279887  99454 269.82   12.20  11.86  11.67  11.42  70.96  67.29  64.51  67.06
22:08:06   6.0   0.0   6.9  87.1   0.0   11 1303625  99755 269.87   12.11  11.90  11.87  11.39  71.05  67.29  64.48  67.05
22:08:07   5.7   0.0   7.9  86.4   0.0    9 1248662  98388 269.59   12.18  11.95  12.00  11.43  70.62  67.46  64.65  66.86
22:08:08   5.9   0.0   7.0  87.1   0.0   11 1258313 100117 270.27   12.12  11.92  12.04  11.45  70.50  67.69  65.05  67.03
22:08:09   5.7   0.0   8.6  85.8   0.0   16 1126143  91789 269.19   12.16  11.90  12.00  11.44  69.91  67.52  64.86  66.91
-------- ----- ----- ----- ----- ----- ---- ------ ------ ------  ------ ------ ------ ------ ------ ------ ------ ------
 Average   5.8   0.0   7.6  86.6   0.0 12.7 1231104.7 100010.5 269.57   12.13  11.95  11.88  11.59  70.70  66.98  64.74  67.15
  StdDev   0.2   0.0   1.2   1.2   0.0  4.4 80095.0 13057.9   0.51    0.04   0.06   0.10   0.17   0.45   0.51   0.33   0.15
-------- ----- ----- ----- ----- ----- ---- ------ ------ ------  ------ ------ ------ ------ ------ ------ ------ ------
 Minimum   5.4   0.0   6.1  82.6   0.0  4.0 1013306.0 85726.0 268.22   12.03  11.81  11.62  11.34  69.17  65.52  64.33  66.76
 Maximum   6.2   0.0  11.7  88.5   0.0 27.0 1370847.0 171109.0 270.39   12.21  12.05  12.04  12.07  71.12  67.69  65.59  67.43
-------- ----- ----- ----- ----- ----- ---- ------ ------ ------  ------ ------ ------ ------ ------ ------ ------ ------
Summary:
CPU: 269.57 Watts on average with standard deviation 0.51  
Note: power read from RAPL domains: dram, dram, dram, dram, package-0, package-1, package-2, package-3.
These readings do not cover all the hardware in this device.

Histogram (of 60 power measurements)

  Range (Watts)   Count
268.218 - 268.435     3 #########
268.436 - 268.652     0 
268.653 - 268.869     2 ######
268.870 - 269.087     6 ##################
269.088 - 269.304     5 ###############
269.305 - 269.522     7 #####################
269.523 - 269.739    11 #################################
269.740 - 269.957    13 ########################################
269.958 - 270.174     7 #####################
270.175 - 270.391     6 ##################

Histogram (of 60 CPU utilization measurements)

 Range (%CPU)   Count
11.511 - 12.096     1 #
12.097 - 12.683    15 ############################
12.684 - 13.269    21 ########################################
13.270 - 13.856     9 #################
13.857 - 14.442     4 #######
14.443 - 15.029     3 #####
15.030 - 15.615     3 #####
15.616 - 16.201     1 #
16.202 - 16.788     1 #
16.789 - 17.374     2 ###

