fnl@fnl-one:~$ powerstat -RDH
Running for 60.0 seconds (60 samples at 1.0 second intervals).
Power measurements will start in 0 seconds time.

  Time    User  Nice   Sys  Idle    IO  Run Ctxt/s  IRQ/s  Watts    dram   dram   dram   dram  pkg-0  pkg-1  pkg-2  pkg-3
22:14:34   9.5   0.0  15.5  75.1   0.0   14 2474886  56315 279.24   12.13  11.98  12.80  12.52  70.81  67.91  69.94  70.58
22:14:35   9.2   0.0  14.3  76.5   0.0   18 1574477  51812 275.95   12.16  11.90  12.80  12.47  70.55  66.88  69.13  69.39
22:14:36   8.1   0.0  13.4  78.5   0.0   21 1520404  53715 274.57   12.20  11.76  12.68  12.62  70.66  65.47  69.04  69.41
22:14:37   9.0   0.0  14.1  76.9   0.0   21 1538203  48816 276.21   12.20  11.82  12.76  12.69  70.06  67.26  69.01  69.88
22:14:38   8.6   0.0  13.4  78.0   0.0   24 1608812  43706 275.32   12.32  11.83  12.34  12.52  69.38  67.44  68.31  70.19
22:14:39   8.6   0.0  13.4  78.0   0.0   16 1773863  45190 275.76   12.20  11.66  12.38  12.35  71.18  65.61  68.60  70.37
22:14:40   7.9   0.0  13.7  78.3   0.0   18 1696983  48008 274.36   12.14  11.74  12.44  12.40  71.14  65.55  68.54  69.13
22:14:41   8.6   0.0  13.9  77.5   0.0   36 1730977  48729 275.32   12.26  11.58  12.56  12.44  70.94  66.37  68.16  69.86
22:14:42   8.6   0.0  16.0  75.4   0.0   21 2376622  62275 277.66   12.22  12.12  12.70  12.63  70.95  67.26  68.68  70.77
22:14:43   8.6   0.0  15.4  76.0   0.0   17 2401664  45338 276.90   12.24  11.76  12.63  12.14  70.77  66.33  68.98  70.82
22:14:44   8.7   0.0  14.6  76.6   0.0   16 2399766  41848 276.97   12.29  11.95  12.63  11.95  70.59  66.77  68.82  70.79
22:14:45   9.2   0.0  15.0  75.8   0.0   23 2452667  44378 277.42   12.21  11.74  12.66  11.95  70.55  66.63  69.50  70.73
22:14:46   8.0   0.0  17.5  74.5   0.0   23 2146744  40343 274.38   12.21  11.85  12.39  11.99  70.54  65.62  68.20  70.02
22:14:47   8.7   0.0  14.2  77.1   0.0   20 1819532  42970 276.31   12.20  11.85  12.64  12.22  70.44  67.16  68.69  70.03
22:14:48   9.3   0.0  16.0  74.6   0.0   23 2008198  43042 276.79   12.18  11.67  12.67  12.23  70.04  67.36  69.34  70.05
22:14:49   9.1   0.0  15.2  75.7   0.0   27 2094602  74401 278.50   12.13  11.89  12.79  12.30  70.92  67.79  69.67  70.13
22:14:50   8.9   0.0  13.0  78.0   0.0   16 1752888 117935 276.80   12.14  11.98  12.67  12.16  70.54  67.43  69.17  69.65
22:14:51   9.2   0.0  12.8  78.0   0.0   22 1739759 131007 276.34   12.11  11.96  12.73  12.04  70.60  67.28  68.87  69.59
22:14:52   9.0   0.0  13.6  77.4   0.0   18 1799223 112194 276.35   12.22  11.97  12.70  12.32  70.21  67.45  68.67  70.02
22:14:53   8.9   0.0  14.7  76.3   0.0   20 1790907  46299 276.44   12.18  11.91  12.64  12.46  70.22  67.73  68.94  69.55
22:14:54   9.0   0.0  16.5  74.5   0.0   19 2617454  50522 277.67   12.26  11.92  12.71  12.07  70.18  66.74  69.49  71.27
22:14:55   9.4   0.0  15.6  75.0   0.0   39 2961332  49202 278.61   12.22  11.78  12.59  12.15  70.00  66.92  70.34  71.35
  Time    User  Nice   Sys  Idle    IO  Run Ctxt/s  IRQ/s  Watts    dram   dram   dram   dram  pkg-0  pkg-1  pkg-2  pkg-3
22:14:56   8.7   0.0  17.2  74.1   0.0   23 2262387  43107 275.90   12.26  11.88  12.57  12.08  70.17  66.76  69.21  69.76
22:14:57   7.2   0.0  17.9  74.9   0.0   25 1330953  35326 271.79   12.20  11.95  12.45  11.74  69.94  65.91  67.82  68.11
22:14:58   8.8   0.0  14.7  76.5   0.0   18 1944565  43963 276.42   12.20  11.96  12.58  11.96  70.46  67.10  68.89  69.97
22:14:59   8.7   0.0  13.9  77.4   0.0   23 1615811  42843 275.56   12.19  11.93  12.62  12.17  70.24  66.92  68.73  69.67
22:15:00   8.6   0.0  13.1  78.3   0.0   17 1644610  41381 275.17   12.25  11.85  12.57  12.21  70.15  67.32  68.16  69.53
22:15:01   8.3   0.0  13.8  78.0   0.0   20 1645990  44864 273.32   12.20  11.98  12.59  12.24  71.34  65.38  67.16  69.44
22:15:02   8.3   0.0  13.3  78.4   0.0   18 2031406  47634 274.93   12.27  11.89  12.43  12.07  71.21  65.83  68.66  69.23
22:15:03   9.4   0.0  14.7  75.9   0.0   14 2774483  46137 277.34   12.22  11.88  12.71  11.99  70.90  67.25  70.02  69.17
22:15:04   8.5   0.0  15.5  76.0   0.0   21 2026018  42364 275.66   12.20  11.76  12.65  11.81  70.96  66.87  69.03  68.80
22:15:05   7.8   0.0  17.3  74.9   0.0   26 1280711  34933 272.47   12.26  11.75  12.60  11.75  70.22  65.48  68.76  68.01
22:15:06   8.7   0.0  14.7  76.6   0.0   19 1809470  41079 275.16   12.37  11.99  12.70  11.93  71.48  65.47  68.79  69.41
22:15:07   8.6   0.0  12.8  78.6   0.0   27 1734068  39629 275.17   12.22  11.97  12.70  11.82  71.61  65.29  69.01  69.26
22:15:08   9.0   0.0  14.0  77.0   0.0   22 2142367  49768 276.82   12.19  12.05  12.96  11.94  71.26  66.74  69.29  69.52
22:15:09   9.4   0.0  13.3  77.3   0.0   21 2148317  46184 276.84   12.13  12.05  12.77  11.95  71.22  66.76  69.51  69.35
22:15:10   8.9   0.0  14.6  76.5   0.0   19 1975405  45537 276.00   12.15  12.02  12.62  11.96  71.67  66.02  69.16  69.14
22:15:11   9.1   0.0  14.6  76.4   0.0   23 2429965  43510 276.91   12.22  11.95  12.67  12.05  71.43  65.88  70.23  69.36
22:15:12   8.0   0.0  16.1  75.9   0.0   18 1540342  36281 274.03   12.28  11.96  12.50  11.97  70.96  65.97  68.27  68.83
22:15:13   8.3   0.0  14.0  77.7   0.0   19 1557182  39137 274.82   12.20  11.94  12.57  11.95  70.71  66.30  68.91  68.91
22:15:14   8.4   0.0  13.6  78.0   0.0   25 1751078  41546 274.75   12.31  11.90  12.69  11.98  71.50  65.25  68.82  69.17
22:15:15   8.9   0.0  14.8  76.3   0.0   38 2028357  44744 276.13   12.25  11.85  12.67  11.95  71.08  66.39  69.13  69.54
22:15:16   8.8   0.0  16.4  74.9   0.0   20 1812768  50769 276.27   12.15  11.83  12.85  12.21  70.93  66.53  69.06  69.75
22:15:17   9.0   0.0  14.3  76.8   0.0   21 1891568  48622 276.72   12.20  11.66  12.78  12.03  70.93  66.77  68.84  70.17
  Time    User  Nice   Sys  Idle    IO  Run Ctxt/s  IRQ/s  Watts    dram   dram   dram   dram  pkg-0  pkg-1  pkg-2  pkg-3
22:15:18   8.4   0.0  12.4  79.2   0.0   18 1649460  44967 276.08   12.18  11.59  12.67  12.39  70.07  67.58  68.06  70.36
22:15:19   8.9   0.0  13.4  77.7   0.0   20 1661295  48941 276.76   12.29  11.84  12.69  12.57  70.70  67.00  68.46  70.61
22:15:20   8.6   0.0  13.8  77.6   0.0   21 1671523  48506 275.31   12.22  11.97  12.73  12.16  71.17  65.78  68.70  69.66
22:15:21   8.5   0.0  14.8  76.7   0.0   19 1585693  43552 275.41   12.25  11.98  12.62  12.20  70.25  67.09  68.56  69.50
22:15:22   9.3   0.0  14.3  76.5   0.0   20 2268839  58706 277.87   12.15  12.03  12.66  12.26  70.98  66.93  69.18  70.77
22:15:23   8.4   0.0  14.2  77.4   0.0   14 1644138  44620 275.21   12.24  11.78  12.72  12.01  69.46  67.56  68.78  69.41
22:15:24   8.7   0.0  13.3  78.0   0.0   14 1773988  45952 275.91   12.29  11.63  12.67  12.15  69.64  67.85  68.73  69.69
22:15:25   8.3   0.0  13.5  78.2   0.0   21 1652257  46340 275.55   12.23  11.60  12.73  12.14  70.72  66.36  69.33  69.15
22:15:26   9.1   0.0  12.6  78.4   0.0   14 1672866  48167 276.97   12.21  11.73  12.74  12.25  70.39  67.40  69.05  70.13
22:15:27   8.7   0.0  14.3  77.0   0.0   20 1707973  48945 276.64   12.29  11.87  12.76  12.29  70.74  66.87  68.88  70.15
22:15:28   8.7   0.0  14.4  76.8   0.0   23 1907721  47886 276.08   12.24  11.89  12.65  12.04  70.94  66.27  68.76  70.11
22:15:29   9.1   0.0  14.3  76.6   0.0   19 1928847  45824 276.38   12.23  11.65  12.58  12.04  70.89  66.81  68.78  69.89
22:15:30   8.8   0.0  14.3  76.9   0.0   17 2073979  42046 276.70   12.23  11.67  12.57  12.01  70.78  67.00  69.20  69.72
22:15:31   9.1   0.0  15.1  75.8   0.0   19 2191782  51905 276.93   12.22  11.78  12.71  12.17  70.40  68.11  68.72  69.70
22:15:32   9.1   0.0  14.2  76.7   0.0   17 2074194  73018 277.05   12.26  11.91  12.74  12.21  69.80  67.74  68.74  70.77
22:15:33   8.3   0.0  13.4  78.4   0.0   21 1783898 102695 275.34   12.19  11.77  12.63  12.08  70.94  65.63  68.49  70.28
-------- ----- ----- ----- ----- ----- ---- ------ ------ ------  ------ ------ ------ ------ ------ ------ ------ ------
 Average   8.7   0.0  14.5  76.8   0.0 20.8 1915103.9 51491.2 276.04   12.22  11.85  12.65  12.16  70.66  66.69  68.90  69.79
  StdDev   0.4   0.0   1.2   1.2   0.0  5.0 344305.3 18772.1   1.33    0.05   0.13   0.11   0.22   0.52   0.76   0.54   0.66
-------- ----- ----- ----- ----- ----- ---- ------ ------ ------  ------ ------ ------ ------ ------ ------ ------ ------
 Minimum   7.2   0.0  12.4  74.1   0.0 14.0 1280711.0 34933.0 271.79   12.11  11.58  12.34  11.74  69.38  65.25  67.16  68.01
 Maximum   9.5   0.0  17.9  79.2   0.0 39.0 2961332.0 131007.0 279.24   12.37  12.12  12.96  12.69  71.67  68.11  70.34  71.35
-------- ----- ----- ----- ----- ----- ---- ------ ------ ------  ------ ------ ------ ------ ------ ------ ------ ------
Summary:
CPU: 276.04 Watts on average with standard deviation 1.33  
Note: power read from RAPL domains: dram, dram, dram, dram, package-0, package-1, package-2, package-3.
These readings do not cover all the hardware in this device.

Histogram (of 60 power measurements)

  Range (Watts)   Count
271.787 - 272.531     2 ####
272.532 - 273.276     0 
273.277 - 274.021     1 ##
274.022 - 274.766     5 ##########
274.767 - 275.511    11 ######################
275.512 - 276.256    12 ########################
276.257 - 277.001    20 ########################################
277.002 - 277.747     5 ##########
277.748 - 278.492     1 ##
278.493 - 279.237     3 ######

Histogram (of 60 CPU utilization measurements)

 Range (%CPU)   Count
20.757 - 21.271     1 ####
21.272 - 21.787     7 ############################
21.788 - 22.303     9 ####################################
22.304 - 22.818     7 ############################
22.819 - 23.334     9 ####################################
23.335 - 23.850    10 ########################################
23.851 - 24.365     7 ############################
24.366 - 24.881     1 ####
24.882 - 25.397     6 ########################
25.398 - 25.913     3 ############

