22 CPUs used
0-20,30,40-60,70
fnl@fnl-one:~$ powerstat -RDH
Running for 60.0 seconds (60 samples at 1.0 second intervals).
Power measurements will start in 0 seconds time.

  Time    User  Nice   Sys  Idle    IO  Run Ctxt/s  IRQ/s  Watts    dram   dram   dram   dram  pkg-0  pkg-1  pkg-2  pkg-3
21:44:48  16.6   0.0  36.0  47.4   0.0   28 1748133  85827 240.39   12.79  12.27  11.94  11.55  74.35  67.03  49.23  49.78
21:44:49  18.0   0.0  37.8  44.2   0.0   35 1749658  86968 241.06   12.92  12.25  11.85  11.60  74.53  67.78  48.92  49.83
21:44:50  17.5   0.0  37.9  44.6   0.0   25 1663180  83926 240.27   12.89  12.24  11.88  11.56  74.32  67.37  48.75  49.83
21:44:51  18.6   0.0  38.1  43.3   0.0   21 1896700  93004 241.50   12.97  12.37  11.93  11.70  74.84  68.15  48.64  49.87
21:44:52   0.3   0.0   0.6  99.1   0.0   21 1836471  89913 320.10   17.23  16.35  15.78  15.27  99.80  89.46  64.66  66.18
21:44:53   0.3   0.0   0.6  99.1   0.0   33 1684403  91322 161.31    8.69   8.21   8.03   7.65  50.32  44.47  33.08  33.45
21:44:54  19.8   0.0  41.6  38.7   0.0   25 1707345  90509 239.93   12.89  12.30  11.98  11.66  74.75  66.08  49.26  49.84
21:44:55  31.2   0.0  68.8   0.0   0.0   32 1610976  84656 240.27   12.98  12.24  11.96  11.61  74.52  66.74  49.17  49.84
21:44:56  17.9   0.0  38.1  44.0   0.0   28 1738090  78143 240.92   12.92  12.18  11.91  11.49  74.71  67.43  48.99  49.80
21:44:57  18.2   0.0  39.4  42.3   0.0   26 1683659  90401 240.87   12.93  12.24  11.93  11.67  74.65  67.40  49.01  49.82
21:44:58  17.6   0.0  39.6  42.8   0.0   24 1816674  77375 240.50   12.90  12.26  11.80  11.52  74.64  67.55  48.46  49.84
21:44:59  17.9   0.0  39.0  43.0   0.0   26 1738311  79400 240.35   12.80  12.18  11.87  11.51  74.70  67.48  48.34  49.83
21:45:00  17.6   0.0  39.4  42.9   0.0   22 1702431  86666 240.43   12.88  12.25  11.93  11.55  74.57  67.56  48.48  49.82
21:45:01   0.3   0.0   0.6  99.2   0.0   23 1729735  87298 249.19   13.38  12.75  12.41  12.03  77.74  69.71  50.07  51.67
21:45:02  33.3   0.0  66.7   0.0   0.0   30 1618888  92045 231.09   12.59  11.66  11.53  11.18  71.76  64.60  46.76  47.96
21:45:03  18.6   0.0  39.5  42.0   0.0   38 1787406  94886 242.11   13.31  12.24  11.96  11.69  75.00  68.38  48.89  49.84
21:45:04  18.8   0.0  36.4  44.8   0.0   28 1515330  85054 241.77   13.33  12.29  12.01  11.71  74.85  67.93  48.92  50.08
21:45:05  18.0   0.0  39.6  42.4   0.0   23 1556734  83709 240.40   13.04  12.25  11.95  11.63  74.27  67.60  48.74  49.78
21:45:06  17.9   0.0  41.0  41.1   0.0   23 1644031  84578 240.37   13.04  12.29  11.97  11.66  74.46  67.58  48.56  49.77
21:45:07  18.2   0.0  40.2  41.6   0.0   30 1604932  88439 240.56   13.09  12.26  11.83  11.54  74.54  67.84  48.40  49.77
21:45:08  17.9   0.0  41.1  41.0   0.0   39 1628408  84783 240.12   12.94  12.35  11.95  11.72  74.26  67.77  48.28  49.80
21:45:09  17.5   0.0  38.8  43.7   0.0   21 1596036  84438 266.95   14.52  13.53  13.18  12.98  82.67  75.03  53.85  55.41
  Time    User  Nice   Sys  Idle    IO  Run Ctxt/s  IRQ/s  Watts    dram   dram   dram   dram  pkg-0  pkg-1  pkg-2  pkg-3
21:45:10  31.1   0.0  68.9   0.0   0.0   20 1673934  82845 214.98   11.86  10.96  10.57  10.27  66.05  61.70  43.02  44.21
21:45:11  16.7   0.0  37.9  45.3   0.0   28 1630902  73379 241.74   13.10  12.32  11.98  11.55  74.29  68.89  48.85  49.72
21:45:12  17.0   0.0  38.7  44.3   0.0   35 1783195  84482 242.78   13.19  12.35  11.99  11.65  74.66  69.60  48.69  49.84
21:45:13   0.3   0.0   0.6  99.1   0.0   47 1651147  76115 326.95   17.67  16.60  16.13  15.72 100.57  93.14  65.76  67.48
21:45:14   0.3   0.0   0.6  99.1   0.0   30 1650075  89633 155.06    8.42   7.92   7.72   7.51  47.94  43.61  31.37  32.14
21:45:15  17.3   0.0  39.1  43.5   0.0   39 1681216  91328 240.85   13.10  12.18  12.01  11.55  74.46  67.74  48.83  49.82
21:45:16  19.3   0.0  38.7  42.0   0.0   26 1665877  89815 241.81   13.16  12.27  11.94  11.50  74.72  68.27  49.16  49.65
21:45:17  31.0   0.0  69.0   0.0   0.0   44 1673194  85764 242.04   13.03  12.30  11.90  11.54  74.35  68.80  49.15  49.74
21:45:18  18.0   0.0  38.0  44.0   0.0   14 1738801  76744 242.08   12.96  12.24  12.00  11.48  74.22  69.44  48.63  49.78
21:45:19  16.8   0.0  39.7  43.5   0.0   29 1617036  82402 242.51   13.08  12.29  12.01  11.80  74.26  69.47  48.97  49.81
21:45:20  17.8   0.0  38.0  44.2   0.0   23 1726736  79668 242.01   13.05  12.27  11.97  11.59  74.27  69.49  48.42  49.83
21:45:21  17.1   0.0  34.6  48.3   0.0   23 1650857  82058 242.89   13.18  12.32  12.02  11.74  74.51  69.62  48.64  50.12
21:45:22  17.6   0.0  37.4  45.0   0.0   27 1727015  82561 242.52   13.13  12.36  11.96  11.68  74.46  69.49  48.79  49.78
21:45:23  18.0   0.0  37.7  44.3   0.0   31 1653322 102861 242.49   13.02  12.18  11.98  11.59  74.29  69.78  48.60  49.81
21:45:24  31.2   0.0  68.8   0.0   0.0   26 1671057 122921 243.13   13.15  12.24  12.02  11.68  74.32  70.14  48.84  49.83
21:45:25  15.9   0.0  37.0  47.1   0.0   29 1594472 155490 243.78   13.07  12.29  11.95  11.72  74.26  71.01  48.71  49.80
21:45:26  16.3   0.0  35.8  47.9   0.0   29 1733638 160674 244.42   13.25  12.24  11.89  11.47  74.47  71.20  48.93  49.82
21:45:27  15.8   0.0  36.3  47.9   0.0   32 1688953  85945 243.49   13.16  12.31  11.87  11.65  74.27  70.84  48.55  49.82
21:45:28   0.3   0.0   0.6  99.1   0.0   32 1408404  85755 333.94   18.01  16.87  16.42  16.01 102.34  96.38  66.52  68.69
21:45:29   0.3   0.0   0.6  99.1   0.0   26 1658042  84474 150.67    8.11   7.54   7.48   7.11  46.30  43.19  30.18  31.00
21:45:30  17.2   0.0  38.4  44.3   0.0   19 1723970  78707 242.30   13.03  12.22  11.92  11.71  74.25  69.24  49.01  49.80
21:45:31  15.1   0.0  32.9  52.0   0.0   28 1747808  88206 331.61   18.11  16.90  16.06  15.87 101.79  94.63  67.04  68.14
  Time    User  Nice   Sys  Idle    IO  Run Ctxt/s  IRQ/s  Watts    dram   dram   dram   dram  pkg-0  pkg-1  pkg-2  pkg-3
21:45:32  30.3   0.0  67.7   0.0   2.0   25 1632409  88571 154.28    8.37   7.80   7.54   7.53  47.18  44.38  31.09  31.64
21:45:33  17.6   0.0  34.4  47.9   0.0   23 1715704  87918 243.91   13.29  12.35  11.97  11.57  74.91  69.98  49.23  49.79
21:45:34   0.3   0.0   0.6  99.1   0.0   29 1732293  83488 322.86   17.47  16.28  16.04  15.46  99.30  91.88  65.04  66.63
21:45:35   0.3   0.0   0.6  99.1   0.0   20 1689570  96355 158.94    8.63   8.07   7.97   7.74  49.18  44.75  31.98  33.04
21:45:36  17.8   0.0  42.4  39.8   0.0   22 1698701 109567 240.49   13.06  12.28  11.89  11.68  74.37  68.02  48.32  49.77
21:45:37  19.1   0.0  40.7  40.2   0.0   39 1650865 112487 240.53   13.09  12.28  11.99  11.66  74.39  67.86  48.46  49.82
21:45:38  17.0   0.0  40.3  42.7   0.0   27 1662790  92902 239.71   12.89  12.13  11.74  11.61  74.03  67.32  48.58  49.78
21:45:39  30.7   0.0  69.3   0.0   0.0   43 1860148 101273 241.41   13.08  12.24  11.81  11.54  74.47  68.54  48.57  49.83
21:45:40  15.4   0.0  35.9  48.7   0.0   24 1565451 100163 241.58   13.14  12.25  11.85  11.50  73.94  69.00  48.83  49.81
21:45:41  16.8   0.0  37.9  45.3   0.0   30 1811207  97961 243.31   13.47  12.24  11.94  11.59  74.68  70.01  48.78  49.84
21:45:42  17.2   0.0  36.8  46.0   0.0   27 1803848  98115 243.36   13.48  12.42  11.99  11.52  74.80  69.71  48.74  50.11
21:45:43  17.2   0.0  39.1  43.7   0.0   45 1638642  92231 242.33   13.42  12.33  11.81  11.66  74.41  69.51  48.59  49.82
21:45:44  17.0   0.0  39.6  43.3   0.0   30 1619360  87978 243.09   13.40  12.36  11.91  11.65  74.50  69.79  48.97  49.83
21:45:45  17.2   0.0  39.5  43.3   0.0   28 1666680  88012 242.74   13.41  12.19  11.99  11.64  74.43  69.73  48.76  49.81
21:45:46  31.3   0.0  68.7   0.0   0.0   24 1760020 100987 256.53   14.35  12.92  12.64  12.38  78.70  73.68  51.51  52.65
21:45:47  29.6   0.0  70.4   0.0   0.0   27 1630046  92541 230.75   12.56  11.47  11.40  11.21  70.49  66.78  46.22  47.26
-------- ----- ----- ----- ----- ----- ---- ------ ------ ------  ------ ------ ------ ------ ------ ------ ------ ------
 Average  17.0   0.0  37.2  45.8   0.0 28.4 1685748.6 91261.9 241.67   13.10  12.26  11.93  11.61  74.48  68.63  48.73  49.83
  StdDev   8.5   0.0  18.8  27.3   0.3  6.7 82408.2 15201.1  35.42    1.92   1.80   1.73   1.69  10.89  10.20   7.10   7.29
-------- ----- ----- ----- ----- ----- ---- ------ ------ ------  ------ ------ ------ ------ ------ ------ ------ ------
 Minimum   0.3   0.0   0.6   0.0   0.0 14.0 1408404.0 73379.0 150.67    8.11   7.54   7.48   7.11  46.30  43.19  30.18  31.00
 Maximum  33.3   0.0  70.4  99.2   2.0 47.0 1896700.0 160674.0 333.94   18.11  16.90  16.42  16.01 102.34  96.38  67.04  68.69
-------- ----- ----- ----- ----- ----- ---- ------ ------ ------  ------ ------ ------ ------ ------ ------ ------ ------
Summary:
CPU: 241.67 Watts on average with standard deviation 35.42 
Note: power read from RAPL domains: dram, dram, dram, dram, package-0, package-1, package-2, package-3.
These readings do not cover all the hardware in this device.

Histogram (of 60 power measurements)

  Range (Watts)   Count
150.666 - 168.992     5 ######
168.993 - 187.319     0 
187.320 - 205.646     0 
205.647 - 223.974     1 #
223.975 - 242.301    31 ########################################
242.302 - 260.628    17 #####################
260.629 - 278.955     1 #
278.956 - 297.282     0 
297.283 - 315.610     0 
315.611 - 333.937     5 ######

Histogram (of 60 CPU utilization measurements)

  Range (%CPU)    Count
  0.847 -  10.762     9 #########
 10.763 -  20.677     0 
 20.678 -  30.592     0 
 30.593 -  40.508     0 
 40.509 -  50.423     1 #
 50.424 -  60.338    40 ########################################
 60.339 -  70.253     1 #
 70.254 -  80.169     0 
 80.170 -  90.084     0 
 90.085 -  99.999     9 #########

